0.000
41.687
83.332
124.998
166.663
208.328
249.993
291.660
333.322
374.989
416.653
458.319
499.985
541.656
583.325
624.984
666.647
708.314
749.980
791.644
833.309
874.976
916.640
958.305
999.970
1041.641
1083.302
1124.968
1166.633
1208.298
1249.962
1291.629
1333.293
1374.961
1416.625
1458.290
1499.956
1541.623
1583.293
1624.955
1666.619
1708.284
1749.950
1791.616
1833.281
1874.948
1916.612
1958.276
1999.942
2041.609
2083.274
2124.937
2166.604
2208.270
2249.935
2291.599
2333.265
2374.932
2416.596
2458.261
2499.928
2541.594
2583.267
2624.925
2666.591
2708.256
2749.922
2791.586
2833.251
2874.918
2916.583
2958.248
2999.914
3041.580
3083.245
3124.910
3166.576
3208.240
3249.906
3291.572
3333.237
3374.902
3416.568
3458.234
3499.898
3541.568
3583.239
3624.897
3666.562
3708.228
3749.893
3791.559
3833.223
3874.889
3916.555
3958.221
3999.886
4041.551
4083.217
4124.883
4166.550
4208.213
4249.879
4291.545
4333.210
4374.875
4416.541
4458.206
4499.872
4541.541
4583.210
4624.869
4666.533
4708.199
4749.865
4791.529
4833.195
4874.861
4916.527
4958.191
4999.856
5041.528
5083.191
5124.853
5166.519
5208.182
5249.849
5291.514
5333.179
5374.839
5416.510
5458.176
5499.840
5541.511
5583.239
5624.840
5666.505
5708.169
5749.835
5791.501
5833.166
5874.831
5916.497
5958.163
5999.828
6041.498
6083.162
6124.824
6166.490
6208.154
6249.820
6291.486
6333.150
6374.816
6416.481
6458.147
6499.812
6541.483
6583.149
6624.811
6666.476
6708.141
6749.807
6791.472
6833.137
6874.803
6916.468
6958.134
6999.799
7041.465
7083.130
7124.795
7166.461
7208.127
7249.793
7291.457
7333.122
7374.789
7416.454
7458.119
7499.785
7541.457
7583.124
7624.797
7666.447
7708.112
7749.777
7791.441
7833.106
7874.772
7916.438
7958.102
7999.769
8041.443
8083.105
8124.766
8166.431
8208.097
8249.762
8291.427
8333.093
8374.759
8416.423
8458.090
8499.754
8541.421
8583.088
8624.752
8666.418
8708.082
8749.748
8791.413
8833.080
8874.745
8916.411
8958.074
8999.740
9041.415
9083.077
9124.738
9166.402
9208.068
9249.732
9291.399
9333.063
9374.729
9416.394
9458.059
9499.725
9541.401
9583.059
9624.730
9666.389
9708.055
9749.720
9791.386
9833.051
9874.717
9916.382
9958.047
9999.714
10041.379
10083.050
10124.709
10166.375
10208.040
10249.704
10291.370
10333.035
10374.702
10416.365
10458.033
10499.697
10541.363
10583.035
10624.695
10666.361
10708.025
10749.691
10791.356
10833.021
10874.688
10916.354
10958.017
10999.683
11041.349
11083.021
11124.680
11166.346
11208.010
11249.676
11291.341
11333.006
11374.671
11416.337
11458.002
11499.667
11541.336
11583.005
11624.666
11666.332
11707.995
11749.662
11791.326
11832.992
11874.657
11916.322
11957.989
11999.654
12041.322
12082.992
12124.649
12166.315
12207.981
12249.645
12291.313
12332.977
12374.642
12416.308
12457.973
12499.638
12541.306
12582.973
12624.637
12666.303
12707.966
12749.633
12791.299
12832.962
12874.630
12916.295
12957.959
12999.625
13041.292
13082.961
13124.623
13166.285
13207.951
13249.617
13291.284
13332.947
13374.615
13416.278
13457.945
13499.610
13541.275
13582.949
13624.610
13666.274
13707.938
13749.605
13791.269
13832.935
13874.600
13916.266
13957.931
13999.596
14041.261
14082.932
14124.594
14166.259
14207.922
14249.589
14291.256
14332.920
14374.586
14416.251
14457.917
14499.581
14541.247
14582.916
14624.580
14666.244
14707.909
14749.574
14791.240
14832.906
14874.572
14916.237
14957.903
14999.569
15041.234
15082.904
15124.566
15166.231
15207.896
15249.560
15291.225
15332.891
15374.558
15416.222
15457.888
15499.553
15541.217
15582.886
15624.554
15666.216
15707.882
15749.546
15791.212
15832.878
15874.543
15916.209
15957.873
15999.538
16041.204
16082.875
16124.536
16166.201
16207.867
16249.530
16291.196
16332.861
16374.527
16416.194
16457.858
16499.523
16541.191
16582.857
16624.525
16666.187
16707.851
16749.518
16791.183
16832.847
16874.516
16916.180
16957.845
16999.510
17041.174
17082.846
17124.507
17166.173
17207.837
17249.501
17291.167
17332.832
17374.497
17416.163
17457.830
17499.494
17541.155
17582.828
17624.496
17666.158
17707.824
17749.489
17791.155
17832.820
17874.487
17916.151
17957.817
17999.482
18041.148
18082.818
18124.478
18166.144
18207.809
18249.473
18291.141
18332.804
18374.471
18416.135
18457.803
18499.466
18541.133
18582.801
18624.464
18666.128
18707.795
18749.461
18791.126
18832.792
18874.457
18916.123
18957.787
18999.453
19041.118
19082.784
19124.450
19166.115
19207.781
19249.444
19291.111
19332.775
19374.443
19416.106
19457.771
19499.437
19541.104
19582.786
19624.435
19666.100
19707.766
19749.432
19791.097
19832.761
19874.428
19916.093
19957.757
19999.422
20041.089
20082.755
20124.420
20166.084
20207.750
20249.415
20291.081
20332.746
20374.413
20416.078
20457.742
20499.409
20541.074
20582.755
20624.408
20666.069
20707.729
20749.400
20791.065
20832.732
20874.399
20916.064
20957.730
20999.395
21041.059
21082.726
21124.391
21166.056
21207.722
21249.387
21291.052
21332.718
21374.384
21416.049
21457.716
21499.379
21541.045
21582.712
21624.382
21666.042
21707.706
21749.374
21791.039
21832.703
21874.370
21916.035
21957.700
21999.365
22041.030
22082.696
22124.362
22166.027
22207.693
22249.357
22291.024
22332.688
22374.355
22416.021
22457.685
22499.349
22541.016
22582.684
22624.359
22666.015
22707.678
22749.343
22791.009
22832.674
22874.342
22916.005
22957.671
22999.337
23041.002
23082.669
23124.333
23165.999
23207.664
23249.329
23290.995
23332.660
23374.325
23415.990
23457.656
23499.323
23540.988
23582.661
23624.339
23665.986
23707.651
23749.314
23790.980
23832.646
23874.313
23915.977
23957.642
23999.308
24040.972
24082.642
24124.307
24165.971
24207.635
24249.301
24290.965
24332.630
24374.297
24415.963
24457.628
24499.292
24540.959
24582.632
24624.312
24665.957
24707.621
24749.286
24790.951
24832.616
24874.284
24915.949
24957.614
24999.279
25040.945
25082.613
25124.276
25165.943
25207.608
25249.272
25290.939
25332.604
25374.269
25415.934
25457.599
25499.265
25540.930
25582.603
25624.263
25665.929
25707.591
25749.258
25790.924
25832.590
25874.254
25915.920
25957.584
25999.251
26040.916
26082.592
26124.247
26165.914
26207.578
26249.242
26290.907
26332.573
26374.240
26415.904
26457.571
26499.235
26540.902
26582.577
26624.239
26665.898
26707.563
26749.230
26790.895
26832.560
26874.226
26915.890
26957.555
26999.221
27040.887
27082.559
27124.219
27165.883
27207.552
27249.214
27290.880
27332.543
27374.210
27415.875
27457.541
27499.207
27540.872
27582.544
27624.204
27665.870
27707.534
27749.199
27790.865
27832.530
27874.196
27915.861
27957.527
27999.192
28040.857
28082.531
28124.189
28165.854
28207.520
28249.184
28290.851
28332.515
28374.182
28415.847
28457.513
28499.177
28540.843
28582.517
28624.176
28665.841
28707.506
28749.171
28790.837
28832.502
28874.168
28915.833
28957.498
28999.164
29040.829
29082.494
29124.160
29165.825
29207.491
29249.157
29290.821
29332.486
29374.153
29415.817
29457.483
29499.148
29540.814
29582.499
29624.154
29665.812
29707.478
29749.143
29790.807
29832.472
29874.139
29915.805
29957.469
29999.135
30040.800
30082.467
30124.132
30165.796
30207.462
30249.127
30290.793
30332.457
30374.124
30415.788
30457.455
30499.119
30540.786
30582.461
30624.118
30665.783
30707.448
30749.113
30790.778
30832.443
30874.109
30915.773
30957.439
30999.105
31040.771
31082.439
31124.104
31165.769
31207.432
31249.098
31290.764
31332.429
31374.095
31415.759
31457.425
31499.091
31540.757
31582.429
31624.095
31665.754
31707.419
31749.085
31790.750
31832.415
31874.080
31915.746
31957.412
31999.078
32040.742
32082.411
32124.074
32165.739
32207.405
32249.068
32290.735
32332.401
32374.066
32415.732
32457.398
32499.062
32540.729
32582.402
32624.060
32665.726
32707.391
32749.055
32790.720
32832.386
32874.052
32915.718
32957.382
32999.049
33040.713
33082.380
33124.046
33165.710
33207.375
33249.040
33290.707
33332.372
33374.038
33415.701
33457.368
33499.033
33540.699
33582.373
33624.034
33665.697
33707.361
33749.028
33790.693
33832.357
33874.024
33915.689
33957.355
33999.021
34040.686
34082.352
34124.016
34165.682
34207.347
34249.011
34290.678
34332.342
34374.008
34415.673
34457.339
34499.004
34540.670
34582.345
34624.007
34665.668
34707.332
34748.998
34790.663
34832.328
34873.995
34915.660
34957.326
34998.990
35040.655
35082.330
35123.988
35165.652
35207.317
35248.982
35290.649
35332.314
35373.979
35415.644
35457.311
35498.975
35540.640
35582.316
35623.974
35665.638
35707.304
35748.969
35790.634
35832.299
35873.965
35915.631
35957.296
35998.960
36040.626
36082.296
36123.959
36165.624
36207.288
36248.954
36290.621
36332.284
36373.950
36415.615
36457.281
36498.946
36540.613
36582.296
36623.945
36665.610
36707.274
36748.941
36790.607
36832.271
36873.938
36915.602
36957.268
36998.934
37040.599
37082.265
37123.930
37165.596
37207.261
37248.924
37290.590
37332.256
37373.921
37415.587
37457.254
37498.918
37540.584
37582.258
37623.923
37665.581
37707.247
37748.912
37790.577
37832.242
37873.907
37915.574
37957.239
37998.903
38040.568
38082.236
38123.901
38165.565
38207.231
38248.896
38290.563
38332.227
38373.893
38415.558
38457.223
38498.889
38540.554
38582.289
38623.886
38665.553
38707.217
38748.883
38790.547
38832.213
38873.879
38915.545
38957.210
38998.875
39040.540
39082.225
39123.873
39165.538
39207.204
39248.867
39290.533
39332.199
39373.865
39415.529
39457.194
39498.862
39540.539
39582.200
39623.859
39665.524
39707.189
39748.854
39790.520
39832.185
39873.850
39915.515
39957.180
39998.846
40040.513
40082.179
40123.844
40165.509
40207.175
40248.839
40290.506
40332.170
40373.837
40415.500
40457.166
40498.831
40540.498
40582.173
40623.829
40665.494
40707.160
40748.825
40790.490
40832.155
40873.822
40915.486
40957.151
40998.818
41040.482
41082.149
41123.816
41165.480
41207.146
41248.810
41290.477
41332.141
41373.803
41415.468
41457.134
41498.804
41540.462
41582.136
41623.801
41665.466
41707.132
41748.797
41790.463
41832.128
41873.794
41915.459
41957.124
41998.790
42040.456
42082.121
42123.786
42165.452
42207.117
42248.781
42290.448
42332.111
42373.779
42415.442
42457.110
42498.774
42540.441
42582.118
42623.772
42665.438
42707.103
42748.768
42790.433
42832.099
42873.765
42915.430
42957.095
42998.761
43040.426
43082.092
43123.758
43165.422
43207.089
43248.752
43290.419
43332.083
43373.750
43415.414
43457.081
43498.744
43540.412
43582.085
43623.740
43665.409
43707.074
43748.739
43790.405
43832.070
43873.736
43915.401
43957.066
43998.732
44040.397
44082.063
44123.728
44165.393
44207.058
44248.724
44290.389
44332.054
44373.720
44415.384
44457.051
44498.715
44540.382
44582.060
44623.715
44665.378
44707.044
44748.710
44790.375
44832.040
44873.706
44915.372
44957.036
44998.702
45040.367
45082.034
45123.700
45165.366
45207.028
45248.694
45290.362
45332.026
45373.691
45415.356
45457.022
45498.686
45540.352
45582.026
45623.684
45665.351
45707.014
45748.680
45790.347
45832.011
45873.678
45915.344
45957.009
45998.673
46040.339
46082.006
46123.671
46165.336
46207.000
46248.665
46290.332
46331.998
46373.662
46415.329
46456.994
46498.660
46540.325
46581.997
46623.657
46665.321
46706.986
46748.652
46790.312
46831.977
46873.644
46915.307
46956.978
46998.645
47040.310
47081.977
47123.642
47165.307
47206.973
47248.637
47290.303
47331.968
47373.634
47415.299
47456.964
47498.630
47540.297
47581.969
47623.628
47665.294
47706.957
47748.624
47790.290
47831.953
47873.621
47915.285
47956.950
47998.616
48040.281
48081.949
48123.614
48165.279
48206.943
48248.608
48290.273
48331.938
48373.604
48415.271
48456.936
48498.602
48540.268
48581.941
48623.599
48665.264
48706.930
48748.596
48790.261
48831.926
48873.591
48915.258
48956.923
48998.587
49040.253
49081.920
49123.584
49165.250
49206.916
49248.580
49290.245
49331.909
49373.576
49415.241
49456.907
49498.573
49540.238
49581.912
49623.572
49665.236
49706.900
49748.566
49790.231
49831.896
49873.562
49915.226
49956.893
49998.568
50040.223
50081.890
50123.557
50165.220
50206.886
50248.550
50290.216
50331.881
50373.547
50415.211
50456.877
50498.544
50540.209
50581.884
50623.542
50665.207
50706.872
50748.538
50790.203
50831.868
50873.534
50915.199
50956.865
50998.530
51040.194
51081.860
51123.525
51165.192
51206.857
51248.522
51290.187
51331.852
51373.518
51415.185
51456.849
51498.515
51540.181
51581.853
51623.516
51665.179
51706.843
51748.509
51790.174
51831.839
51873.505
51915.173
51956.835
51998.500
52040.164
52081.832
52123.496
52165.163
52206.828
52248.493
52290.158
52331.823
52373.488
52415.155
52456.822
52498.485
52540.153
52581.828
52623.484
52665.150
52706.814
52748.478
52790.145
52831.811
52873.478
52915.141
52956.806
52998.473
53040.137
53081.804
53123.469
53165.136
53206.798
53248.464
53290.130
53331.795
53373.462
53415.125
53456.792
53498.457
53540.122
53581.793
53623.463
53665.121
53706.786
53748.451
53790.117
53831.783
53873.448
53915.113
53956.779
53998.444
54040.109
54081.775
54123.445
54165.106
54206.772
54248.435
54290.101
54331.765
54373.432
54415.098
54456.762
54498.427
54540.093
54581.769
54623.434
54665.092
54706.756
54748.423
54790.087
54831.751
54873.419
54915.084
54956.748
54998.415
55040.080
55081.746
55123.414
55165.076
55206.742
55248.407
55290.072
55331.737
55373.403
55415.067
55456.733
55498.398
55540.064
55581.738
55623.404
55665.063
55706.728
55748.394
55790.058
55831.724
55873.390
55915.054
55956.720
55998.384
56040.051
56081.717
56123.389
56165.048
56206.713
56248.377
56290.044
56331.708
56373.375
56415.040
56456.705
56498.370
56540.037
56581.704
56623.369
56665.034
56706.699
56748.365
56790.030
56831.694
56873.360
56915.026
56956.690
56998.358
57040.022
57081.688
57123.358
57165.020
57206.683
57248.350
57290.014
57331.679
57373.344
57415.012
57456.677
57498.341
57540.008
57581.681
57623.349
57665.005
57706.669
57748.336
57790.000
57831.666
57873.331
57914.996
57956.661
57998.327
58039.993
58081.659
58123.332
58164.990
58206.655
58248.319
58289.986
58331.650
58373.317
58414.981
58456.649
58498.313
58539.980
58581.660
58623.318
58664.976
58706.640
58748.307
58789.972
58831.637
58873.304
58914.969
58956.634
58998.300
59039.965
59081.631
59123.309
59164.962
59206.626
59248.290
59289.956
59331.621
59373.287
59414.952
59456.618
59498.284
59539.952
59581.625
59623.283
59664.947
59706.612
59748.278
59789.945
59831.609
59873.274
59914.940
59956.604
59998.271
60039.935
60081.603
60123.266
60164.933
60206.598
60248.262
60289.929
60331.593
60373.259
60414.924
60456.590
60498.255
60539.921
60581.605
60623.252
60664.919
60706.584
60748.250
60789.914
60831.579
60873.247
60914.912
60956.575
60998.241
61039.906
61081.572
61123.238
61164.903
61206.568
61248.233
61289.899
61331.565
61373.230
61414.896
61456.564
61498.226
61539.892
61581.566
61623.225
61664.890
61706.553
61748.222
61789.886
61831.551
61873.218
61914.882
61956.546
61998.213
62039.878
62081.545
62123.209
62164.876
62206.542
62248.205
62289.870
62331.535
62373.201
62414.869
62456.532
62498.197
62539.863
62581.538
62623.196
62664.862
62706.526
62748.192
62789.857
62831.523
62873.188
62914.853
62956.519
62998.184
63039.850
63081.515
63123.181
63164.846
63206.513
63248.176
63289.843
63331.507
63373.174
63414.838
63456.505
63498.168
63539.836
63581.508
63623.167
63664.833
63706.496
63748.163
63789.829
63831.495
63873.159
63914.825
63956.491
63998.155
64039.822
64081.487
64123.152
64164.818
64206.481
64248.147
64289.815
64331.477
64373.146
64414.808
64456.477
64498.140
64539.807
64581.481
64623.138
64664.803
64706.469
64748.135
64789.800
64831.465
64873.131
64914.796
64956.462
64998.127
65039.793
65081.458
65123.124
65164.789
65206.454
65248.117
65289.785
65331.449
65373.116
65414.780
65456.448
65498.111
65539.778
65581.450
65623.108
65664.775
65706.440
65748.105
65789.771
65831.437
65873.103
65914.767
65956.433
65998.098
66039.764
66081.429
66123.095
66164.761
66206.426
66248.090
66289.757
66331.420
66373.088
66414.751
66456.418
66498.082
66539.750
66581.424
66623.084
66664.746
66706.411
66748.077
66789.742
66831.407
66873.073
66914.738
66956.404
66998.070
67039.735
67081.400
67123.066
67164.731
67206.397
67248.060
67289.728
67331.391
67373.057
67414.722
67456.389
67498.056
67539.714
67581.398
67623.051
67664.719
67706.381
67748.046
67789.713
67831.378
67873.043
67914.708
67956.373
67998.039
68039.705
68081.371
68123.038
68164.704
68206.368
68248.032
68289.696
68331.363
68373.028
68414.693
68456.359
68498.026
68539.691
68581.364
68623.023
68664.688
68706.353
68748.019
68789.684
68831.349
68873.016
68914.680
68956.346
68998.011
69039.677
69081.343
69123.008
69164.673
69206.339
69248.002
69289.669
69331.334
69372.999
69414.664
69456.330
69497.995
69539.662
69581.334
69622.994
69664.660
69706.325
69747.991
69789.655
69831.322
69872.985
69914.651
69956.317
69997.983
70039.647
70081.314
70122.980
70164.646
70206.310
70247.974
70289.641
70331.306
70372.973
70414.636
70456.304
70497.967
70539.634
70581.305
70622.963
70664.631
70706.296
70747.962
70789.627
70831.292
70872.959
70914.623
70956.289
70997.954
71039.620
71081.285
71122.950
71164.617
71206.282
71247.946
71289.613
71331.276
71372.943
71414.607
71456.274
71497.938
71539.606
71581.278
71622.936
71664.602
71706.267
71747.933
71789.598
71831.264
71872.930
71914.595
71956.260
71997.925
72039.591
72081.257
72122.922
72164.587
72206.253
72247.916
72289.584
72331.248
72372.915
72414.578
72456.246
72497.909
72539.577
72581.248
72622.900
72664.568
72706.236
72747.902
72789.562
72831.230
72872.893
72914.566
72956.231
72997.897
73039.562
73081.228
73122.893
73164.558
73206.224
73247.888
73289.555
73331.219
73372.888
73414.549
73456.217
73497.881
73539.550
73581.227
73622.883
73664.544
73706.209
73747.873
73789.539
73831.207
73872.872
73914.537
73956.202
73997.868
74039.534
74081.199
74122.864
74164.529
74206.195
74247.858
74289.526
74331.190
74372.857
74414.520
74456.188
74497.851
74539.519
74581.190
74622.849
74664.515
74706.181
74747.845
74789.510
74831.175
74872.843
74914.508
74956.171
74997.838
75039.504
75081.169
75122.834
75164.500
75206.164
75247.829
75289.497
75331.161
75372.827
75414.492
75456.157
75497.823
75539.489
75581.161
75622.822
75664.487
75706.150
75747.818
75789.483
75831.147
75872.811
75914.478
75956.144
75997.810
76039.475
76081.141
76122.806
76164.472
76206.137
76247.801
76289.467
76331.132
76372.798
76414.463
76456.128
76497.794
76539.460
76581.137
76622.792
76664.458
76706.123
76747.788
76789.454
76831.119
76872.785
76914.450
76956.115
76997.781
77039.447
77081.112
77122.778
77164.443
77206.108
77247.772
77289.438
77331.103
77372.769
77414.434
77456.100
77497.765
77539.431
77581.106
77622.764
77664.429
77706.094
77747.760
77789.424
77831.089
77872.755
77914.421
77956.086
77997.746
78039.411
78081.077
78122.742
78164.407
78206.078
78247.743
78289.410
78331.074
78372.741
78414.405
78456.072
78497.736
78539.402
78581.076
78622.736
78664.400
78706.066
78747.731
78789.396
78831.061
78872.727
78914.393
78956.057
78997.723
79039.388
79081.056
79122.718
79164.385
79206.050
79247.715
79289.380
79331.047
79372.711
79414.378
79456.043
79497.707
79539.374
79581.046
79622.706
79664.371
79706.035
79747.701
79789.365
79831.032
79872.698
79914.363
79956.028
79997.695
80039.359
80081.026
80122.690
80164.356
80206.021
80247.686
80289.353
80331.016
80372.682
80414.348
80456.013
80497.679
80539.344
80581.018
80622.676
80664.344
80706.006
80747.673
80789.338
80831.002
80872.669
80914.333
80955.999
80997.665
81039.331
81080.996
81122.660
81164.330
81205.992
81247.656
81289.321
81330.989
81372.654
81414.320
81455.985
81497.650
81539.317
81580.987
81622.648
81664.316
81705.979
81747.644
81789.309
81830.973
81872.641
81914.306
81955.970
81997.636
82039.301
82080.967
82122.633
82164.303
82205.962
82247.627
82289.292
82330.958
82372.625
82414.289
82455.955
82497.620
82539.286
82580.961
82622.619
82664.289
82705.948
82747.615
82789.279
82830.945
82872.612
82914.277
82955.941
82997.607
83039.272
83080.939
83122.604
83164.273
83205.935
83247.599
83289.264
83330.930
83372.596
83414.261
83455.926
83497.593
83539.258
83580.933
83622.590
83664.260
83705.922
83747.587
83789.252
83830.918
83872.583
83914.249
83955.914
83997.580
84039.246
84080.910
84122.575
84164.246
84205.906
84247.571
84289.236
84330.901
84372.567
84414.232
84455.899
84497.564
84539.231
84580.902
84622.561
84664.230
84705.891
84747.558
84789.222
84830.887
84872.554
84914.218
84955.884
84997.550
85039.214
85080.880
85122.546
85164.217
85205.876
85247.541
85289.206
85330.873
85372.537
85414.204
85455.868
85497.535
85539.200
85580.872
85622.535
85664.201
85705.862
85747.529
85789.193
85830.859
85872.524
85914.189
85955.854
85997.522
86039.187
86080.852
86122.518
86164.188
86205.848
86247.513
86289.178
86330.844
86372.509
86414.173
86455.840
86497.506
86539.170
86580.849
86622.504
86664.175
86705.834
86747.500
86789.164
86830.830
86872.495
86914.160
86955.826
86997.493
87039.158
87080.823
87122.488
87164.161
87205.820
87247.483
87289.150
87330.814
87372.481
87414.145
87455.812
87497.476
87539.142
87580.816
87622.474
87664.145
87705.805
87747.471
87789.137
87830.802
87872.467
87914.132
87955.797
87997.464
88039.129
88080.794
88122.460
88164.127
88205.792
88247.455
88289.123
88330.786
88372.452
88414.116
88455.783
88497.447
88539.112
88580.789
88622.457
88664.112
88705.775
88747.442
88789.107
88830.773
88872.439
88914.104
88955.769
88997.434
89039.100
89080.766
89122.430
89164.098
89205.762
89247.426
89289.092
89330.756
89372.422
89414.088
89455.756
89497.419
89539.084
89580.759
89622.417
89664.081
89705.747
89747.413
89789.079
89830.744
89872.409
89914.073
89955.740
89997.406
90039.071
90080.737
90122.403
90164.068
90205.734
90247.397
90289.063
90330.728
90372.394
90414.059
90455.725
90497.390
90539.056
90580.732
90622.388
90664.054
90705.719
90747.383
90789.048
90830.715
90872.380
90914.046
90955.712
90997.377
91039.042
91080.708
91122.374
91164.039
91205.704
91247.368
91289.034
91330.699
91372.365
91414.030
91455.696
91497.361
91539.026
91580.702
91622.359
91664.025
91705.689
91747.356
91789.018
91830.684
91872.351
91914.015
91955.682
91997.348
92039.013
92080.679
92122.345
92164.010
92205.676
92247.338
92289.005
92330.670
92372.336
92414.002
92455.668
92497.332
92538.999
92580.674
92622.330
92663.996
92705.662
92747.327
92788.991
92830.655
92872.321
92913.987
92955.652
92997.318
93038.983
93080.650
93122.315
93163.980
93205.647
93247.312
93288.976
93330.642
93372.307
93413.972
93455.637
93497.304
93538.969
93580.644
93622.301
93663.966
93705.632
93747.297
93788.961
93830.629
93872.292
93913.957
93955.624
93997.289
94038.955
94080.621
94122.286
94163.951
94205.618
94247.282
94288.947
94330.611
94372.278
94413.943
94455.609
94497.275
94538.941
94580.615
94622.271
94663.937
94705.603
94747.268
94788.933
94830.599
94872.264
94913.930
94955.595
94997.261
95038.926
95080.592
95122.258
95163.922
95205.588
95247.254
95288.918
95330.584
95372.250
95413.914
95455.580
95497.245
95538.910
95580.587
95622.244
95663.909
95705.574
95747.240
95788.904
95830.570
95872.237
95913.901
95955.571
95997.230
96038.898
96080.563
96122.229
96163.894
96205.559
96247.224
96288.889
96330.555
96372.220
96413.887
96455.550
96497.217
96538.884
96580.554
96622.214
96663.880
96705.545
96747.211
96788.875
96830.541
96872.208
96913.872
96955.537
96997.204
97038.867
97080.534
97122.199
97163.864
97205.530
97247.195
97288.859
97330.527
97372.191
97413.855
97455.524
97497.186
97538.853
97580.530
97622.185
97663.851
97705.516
97747.182
97788.846
97830.512
97872.178
97913.843
97955.507
97997.174
98038.839
98080.504
98122.170
98163.837
98205.500
98247.165
98288.832
98330.497
98372.163
98413.828
98455.493
98497.159
98538.823
98580.500
98622.157
98663.822
98705.487
98747.146
98788.811
98830.484
98872.149
98913.815
98955.481
98997.146
99038.811
99080.477
99122.142
99163.808
99205.473
99247.136
99288.803
99330.468
99372.134
99413.799
99455.466
99497.129
99538.795
99580.469
99622.127
99663.792
99705.459
99747.123
99788.789
99830.454
99872.118
99913.785
99955.450
99997.116
100038.782
100080.448
100122.113
100163.777
100205.444
100247.108
100288.773
100330.439
100372.105
100413.764
100455.434
100497.096
100538.761
100580.445
100622.103
100663.764
100705.429
100747.095
100788.759
100830.425
100872.092
100913.757
100955.422
100997.087
101038.753
101080.419
101122.085
101163.749
101205.415
101247.080
101288.745
101330.410
101372.076
101413.742
101455.408
101497.073
101538.737
101580.412
101622.069
101663.735
101705.399
101747.065
101788.731
101830.395
101872.062
101913.726
101955.391
101997.057
102038.722
102080.389
102122.054
102163.719
102205.385
102247.050
102288.716
102330.382
102372.046
102413.711
102455.377
102497.043
102538.708
102580.380
102622.041
102663.706
102705.371
102747.038
102788.702
102830.368
102872.034
102913.698
102955.363
102997.028
103038.694
103080.361
103122.027
103163.692
103205.357
103247.021
103288.688
103330.351
103372.019
103413.682
103455.349
103497.014
103538.681
103580.353
103622.012
103663.678
103705.343
103747.008
103788.674
103830.340
103872.005
103913.670
103955.336
103997.001
104038.666
104080.332
104121.998
104163.663
104205.329
104246.992
104288.659
104330.323
104371.990
104413.653
104455.322
104496.984
104538.652
104580.322
104621.988
104663.648
104705.314
104746.979
104788.645
104830.310
104871.976
104913.641
104955.307
104996.972
105038.638
105080.303
105121.968
105163.634
105205.300
105246.963
105288.631
105330.294
105371.962
105413.625
105455.292
105496.956
105538.623
105580.296
105621.956
105663.620
105705.285
105746.950
105788.616
105830.281
105871.947
105913.612
105955.278
105996.944
106038.608
106080.274
106121.939
106163.605
106205.271
106246.934
106288.601
106330.265
106371.933
106413.596
106455.263
106496.927
106538.594
106580.266
106621.925
106663.591
106705.257
106746.921
106788.588
106830.252
106871.917
106913.583
106955.249
106996.915
107038.580
107080.245
107121.911
107163.576
107205.241
107246.905
107288.573
107330.236
107371.904
107413.568
107455.234
107496.898
107538.566
107580.235
107621.896
107663.561
107705.232
107746.892
107788.558
107830.224
107871.889
107913.555
107955.220
107996.886
108038.551
108080.216
108121.882
108163.548
108205.213
108246.876
108288.544
108330.207
108371.875
108413.538
108455.205
108496.868
108538.536
108580.211
108621.867
108663.535
108705.198
108746.864
108788.527
108830.194
108871.860
108913.525
108955.191
108996.856
109038.522
109080.187
109121.852
109163.518
109205.183
109246.847
109288.515
109330.179
109371.846
109413.509
109455.177
109496.840
109538.507
109580.181
109621.839
109663.504
109705.169
109746.835
109788.498
109830.163
109871.830
109913.496
109955.161
109996.826
110038.491
110080.158
110121.825
110163.489
110205.155
110246.818
110288.484
110330.149
110371.816
110413.480
110455.146
110496.812
110538.477
110580.158
110621.810
110663.475
110705.141
110746.806
110788.472
110830.136
110871.802
110913.467
110955.132
110996.798
111038.463
111080.131
111121.795
111163.458
111205.126
111246.789
111288.455
111330.120
111371.786
111413.451
111455.117
111496.783
111538.448
111580.122
111621.780
111663.446
111705.112
111746.776
111788.442
111830.108
111871.773
111913.437
111955.103
111996.769
112038.434
112080.100
112121.766
112163.431
112205.098
112246.761
112288.427
112330.091
112371.758
112413.422
112455.088
112496.754
112538.419
112580.099
112621.751
112663.417
112705.082
112746.748
112788.413
112830.078
112871.744
112913.409
112955.075
112996.740
113038.404
113080.072
113121.738
113163.402
113205.068
113246.732
113288.397
113330.062
113371.728
113413.393
113455.059
113496.725
113538.389
113580.066
113621.723
113663.389
113705.054
113746.719
113788.384
113830.051
113871.715
113913.381
113955.046
113996.711
114038.377
114080.043
114121.708
114163.373
114205.040
114246.703
114288.369
114330.034
114371.700
114413.364
114455.031
114496.694
114538.361
114580.035
114621.694
114663.359
114705.025
114746.690
114788.354
114830.020
114871.686
114913.350
114955.018
114996.682
115038.347
115080.014
115121.679
115163.345
115205.011
115246.675
115288.341
115330.006
115371.671
115413.337
115455.001
115496.666
115538.334
115580.005
115621.664
115663.330
115704.996
115746.662
115788.325
115829.990
115871.656
115913.322
115954.987
115996.653
116038.317
116079.984
116121.650
116163.316
116204.989
116246.645
116288.310
116329.976
116371.642
116413.307
116454.972
116496.638
116538.304
116579.981
116621.637
116663.302
116704.967
116746.633
116788.296
116829.961
116871.628
116913.292
116954.959
116996.624
117038.289
117079.956
117121.621
117163.284
117204.958
117246.616
117288.281
117329.947
117371.614
117413.279
117454.944
117496.608
117538.274
117579.952
117621.608
117663.273
117704.940
117746.604
117788.269
117829.933
117871.599
117913.264
117954.929
117996.595
118038.260
118079.927
118121.592
118163.256
118204.929
118246.587
118288.252
118329.918
118371.584
118413.249
118454.916
118496.579
118538.245
118579.919
118621.578
118663.244
118704.913
118746.574
118788.240
118829.905
118871.570
118913.236
118954.901
118996.567
119038.232
119079.898
119121.563
119163.229
119204.898
119246.558
119288.225
119329.889
119371.555
119413.220
119454.887
119496.551
119538.218
119579.888
119621.549
119663.215
119704.884
119746.547
119788.211
119829.877
119871.542
119913.207
119954.873
119996.539
120038.203
120079.869
120121.535
120163.199
120204.870
120246.528
120288.196
120329.860
120371.528
120413.191
120454.858
120496.522
120538.189
120579.861
120621.520
120663.186
120704.855
120746.516
120788.183
120829.848
120871.513
120913.178
120954.844
120996.507
121038.167
121079.836
121121.500
121163.165
121204.835
121246.500
121288.168
121329.831
121371.499
121413.161
121454.827
121496.493
121538.160
121579.832
121621.492
121663.158
121704.827
121746.487
121788.152
121829.818
121871.485
121913.149
121954.814
121996.479
122038.144
122079.810
122121.475
122163.142
122204.814
122246.471
122288.137
122329.802
122371.469
122413.133
122454.800
122496.464
122538.129
122579.806
122621.462
122663.125
122704.799
122746.459
122788.124
122829.789
122871.454
122913.120
122954.785
122996.451
123038.115
123079.782
123121.447
123163.111
123204.785
123246.442
123288.108
123329.773
123371.439
123413.103
123454.771
123496.434
123538.100
123579.775
123621.435
123663.098
123704.771
123746.429
123788.094
123829.760
123871.427
123913.091
123954.756
123996.421
124038.086
124079.752
124121.418
124163.082
124204.750
124246.414
124288.080
124329.744
124371.411
124413.074
124454.741
124496.406
124538.071
124579.745
124621.404
124663.067
124704.743
124746.401
124788.067
124829.731
124871.397
124913.061
124954.726
124996.393
125038.059
125079.724
125121.390
125163.054
125204.721
125246.385
125288.050
125329.715
125371.381
125413.045
125454.713
125496.377
125538.044
125579.717
125621.375
125663.039
125704.713
125746.372
125788.037
125829.701
125871.366
125913.032
125954.699
125996.364
126038.031
126079.695
126121.360
126163.026
126204.692
126246.356
126288.021
126329.687
126371.353
126413.017
126454.684
126496.348
126538.015
126579.687
126621.347
126663.012
126704.684
126746.343
126788.013
126829.672
126871.339
126913.003
126954.669
126996.335
127038.001
127079.666
127121.331
127162.997
127204.663
127246.326
127287.992
127329.656
127371.324
127412.988
127454.653
127496.318
127537.986
127579.662
127621.318
127662.982
127704.647
127746.312
127787.979
127829.643
127871.307
127912.973
127954.639
127996.305
128037.972
128079.636
128121.302
128162.967
128204.633
128246.299
128287.964
128329.628
128371.295
128412.959
128454.625
128496.290
128537.957
128579.629
128621.292
128662.953
128704.618
128746.285
128787.950
128829.616
128871.282
128912.944
128954.609
128996.277
129037.943
129079.608
129121.273
129162.939
129204.602
129246.269
129287.935
129329.599
129371.266
129412.930
129454.597
129496.261
129537.928
129579.604
129621.259
129662.925
129704.593
129746.257
129787.922
129829.586
129871.253
129912.918
129954.581
129996.248
130037.914
130079.580
130121.246
130162.910
130204.576
130246.239
130287.906
130329.571
130371.236
130412.901
130454.568
130496.231
130537.899
130579.578
130621.231
130662.896
130704.562
130746.226
130787.893
130829.558
130871.223
130912.889
130954.555
130996.219
131037.885
131079.551
131121.216
131162.882
131204.547
131246.210
131287.878
131329.541
131371.209
131412.872
131454.539
131496.203
131537.871
131579.548
131621.202
131662.867
131704.532
131746.198
131787.863
131829.529
131871.195
131912.860
131954.525
131996.191
132037.857
132079.522
132121.187
132162.852
132204.518
132246.182
132287.849
132329.512
132371.179
132412.844
132454.511
132496.174
132537.842
132579.514
132621.173
132662.838
132704.504
132746.169
132787.835
132829.500
132871.166
132912.831
132954.496
132996.162
133037.827
133079.492
133121.159
133162.824
133204.489
133246.152
133287.820
133329.483
133371.151
133412.814
133454.482
133496.145
133537.813
133579.489
133621.144
133662.809
133704.475
133746.140
133787.805
133829.471
133871.137
133912.802
133954.467
133996.133
134037.798
134079.464
134121.130
134162.792
134204.460
134246.123
134287.791
134329.455
134371.122
134412.785
134454.453
134496.116
134537.784
134579.453
134621.115
134662.781
134704.444
134746.110
134787.777
134829.443
134871.108
134912.773
134954.437
134996.104
135037.768
135079.434
135121.100
135162.765
135204.429
135246.096
135287.761
135329.425
135371.091
135412.756
135454.422
135496.087
135537.754
135579.436
135621.089
135662.751
135704.417
135746.082
135787.746
135829.412
135871.076
135912.743
135954.409
135996.075
136037.739
136079.405
136121.070
136162.736
136204.402
136246.065
136287.733
136329.398
136371.062
136412.728
136454.393
136496.058
136537.723
136579.399
136621.050
136662.721
136704.380
136746.046
136787.716
136829.382
136871.049
136912.714
136954.379
136996.044
137037.711
137079.377
137121.043
137162.707
137204.372
137246.048
137287.703
137329.368
137371.034
137412.698
137454.366
137496.030
137537.695
137579.369
137621.026
137662.692
137704.359
137746.024
137787.688
137829.354
137871.019
137912.685
137954.351
137996.016
138037.682
138079.347
138121.013
138162.677
138204.343
138246.009
138287.675
138329.338
138371.006
138412.670
138454.336
138496.001
138537.665
138579.366
138620.999
138662.665
138704.329
138745.995
138787.659
138829.325
138870.993
138912.656
138954.322
138995.987
139037.653
139079.319
139120.984
139162.649
139204.315
139245.980
139287.645
139329.309
139370.976
139412.641
139454.307
139495.971
139537.637
139579.314
139620.970
139662.635
139704.299
139745.966
139787.632
139829.296
139870.963
139912.627
139954.292
139995.958
140037.623
140079.295
140120.955
140162.619
140204.284
140245.950
140287.616
140329.281
140370.948
140412.612
140454.277
140495.943
140537.607
140579.284
140620.942
140662.606
140704.271
140745.938
140787.602
140829.266
140870.933
140912.598
140954.264
140995.928
141037.593
141079.261
141120.926
141162.591
141204.256
141245.921
141287.588
141329.254
141370.918
141412.584
141454.248
141495.914
141537.580
141579.256
141620.914
141662.578
141704.243
141745.911
141787.574
141829.239
141870.905
141912.570
141954.235
141995.894
142037.560
142079.232
142120.895
142162.561
142204.227
142245.892
142287.557
142329.223
142370.890
142412.554
142454.219
142495.885
142537.550
142579.227
142620.883
142662.546
142704.213
142745.880
142787.545
142829.209
142870.876
142912.541
142954.206
142995.870
143037.537
143079.203
143120.868
143162.534
143204.200
143245.863
143287.531
143329.194
143370.861
143412.525
143454.192
143495.856
143537.523
143579.203
143620.854
143662.518
143704.184
143745.850
143787.515
143829.180
143870.847
143912.511
143954.176
143995.843
144037.507
144079.173
144120.839
144162.504
144204.170
144245.835
144287.499
144329.166
144370.831
144412.496
144454.161
144495.827
144537.494
144579.172
144620.825
144662.491
144704.157
144745.822
144787.488
144829.152
144870.818
144912.483
144954.149
144995.813
145037.479
145079.146
145120.811
145162.476
145204.141
145245.806
145287.472
145329.135
145370.801
145412.466
145454.132
145495.798
145537.464
145579.138
145620.796
145662.463
145704.126
145745.793
145787.456
145829.123
145870.789
145912.452
145954.117
145995.783
146037.449
146079.115
146120.781
146162.446
146204.112
146245.776
146287.442
146329.107
146370.772
146412.437
146454.103
146495.768
146537.435
146579.115
146620.767
146662.432
146704.096
146745.763
146787.429
146829.093
146870.759
146912.425
146954.088
146995.755
147037.420
147079.087
147120.753
147162.418
147204.082
147245.748
147287.413
147329.078
147370.745
147412.409
147454.075
147495.739
147537.405
147579.084
147620.739
147662.405
147704.068
147745.738
147787.400
147829.065
147870.732
147912.395
147954.061
147995.726
148037.392
148079.058
148120.722
148162.387
148204.053
148245.718
148287.384
148329.048
148370.715
148412.380
148454.047
148495.710
148537.376
148579.048
148620.709
148662.373
148704.038
148745.705
148787.370
148829.036
148870.703
148912.368
148954.032
148995.698
149037.362
149079.029
149120.694
149162.359
149204.024
149245.694
149287.354
149329.020
149370.685
149412.351
149454.019
149495.682
149537.348
149579.026
149620.681
149662.346
149704.011
149745.680
149787.342
149829.008
149870.673
149912.339
149954.004
149995.670
150037.335
150078.999
150120.666
150162.331
150203.997
150245.664
150287.328
150328.991
150370.659
150412.322
150453.989
150495.653
150537.321
150578.994
150620.652
150662.317
150703.982
150745.651
150787.314
150828.979
150870.644
150912.309
150953.975
150995.640
151037.306
151078.974
151120.635
151162.303
151203.968
151245.635
151287.299
151328.962
151370.631
151412.293
151453.961
151495.623
151537.292
151578.973
151620.623
151662.288
151703.954
151745.622
151787.284
151828.948
151870.615
151912.280
151953.945
151995.611
152037.276
152078.942
152120.607
152162.271
152203.938
152245.604
152287.267
152328.933
152370.599
152412.264
152453.930
152495.595
152537.261
152578.937
152620.598
152662.259
152703.924
152745.594
152787.255
152828.921
152870.588
152912.252
152953.917
152995.581
153037.247
153078.916
153120.578
153162.244
153203.909
153245.579
153287.241
153328.903
153370.571
153412.235
153453.900
153495.566
153537.232
153578.903
153620.565
153662.230
153703.896
153745.566
153787.225
153828.891
153870.557
153912.222
153953.886
153995.552
154037.217
154078.884
154120.550
154162.214
154203.880
154245.550
154287.210
154328.876
154370.541
154412.206
154453.873
154495.536
154537.203
154578.880
154620.534
154662.200
154703.866
154745.533
154787.196
154828.862
154870.526
154912.193
154953.857
154995.523
155037.188
155078.855
155120.520
155162.186
155203.849
155245.520
155287.182
155328.846
155370.513
155412.178
155453.842
155495.509
155537.174
155578.852
155620.506
155662.172
155703.837
155745.506
155787.169
155828.833
155870.498
155912.163
155953.829
155995.494
156037.160
156078.826
156120.491
156162.157
156203.822
156245.488
156287.152
156328.817
156370.485
156412.148
156453.816
156495.478
156537.146
156578.813
156620.476
156662.143
156703.818
156745.481
156787.139
156828.803
156870.471
156912.136
156953.798
156995.465
157037.131
157078.797
157120.463
157162.128
157203.792
157245.460
157287.125
157328.788
157370.454
157412.119
157453.785
157495.451
157537.115
157578.790
157620.443
157662.113
157703.778
157745.439
157787.109
157828.774
157870.442
157912.107
157953.771
157995.437
158037.102
158078.770
158120.433
158162.098
158203.764
158245.430
158287.096
158328.759
158370.426
158412.090
158453.755
158495.421
158537.087
158578.762
158620.420
158662.087
158703.750
158745.415
158787.082
158828.746
158870.412
158912.077
158953.743
158995.407
159037.072
159078.738
159120.403
159162.068
159203.735
159245.400
159287.067
159328.730
159370.397
159412.060
159453.728
159495.393
159537.058
159578.725
159620.390
159662.056
159703.720
159745.387
159787.052
159828.718
159870.383
159912.048
159953.714
159995.380
160037.045
160078.711
160120.376
160162.041
160203.708
160245.372
160287.038
160328.701
160370.369
160412.033
160453.700
160495.363
160537.031
160578.704
160620.362
160662.028
160703.692
160745.356
160787.023
160828.688
160870.354
160912.019
160953.684
160995.350
161037.015
161078.682
161120.347
161162.011
161203.677
161245.341
161287.007
161328.673
161370.338
161412.003
161453.669
161495.334
161537.000
161578.675
161620.334
161661.999
161703.663
161745.329
161786.993
161828.660
161870.326
161911.991
161953.654
161995.320
162036.986
162078.653
162120.319
162161.982
162203.648
162245.313
162286.978
162328.643
162370.310
162411.974
162453.639
162495.305
162536.971
162578.649
162620.303
162661.970
162703.634
162745.300
162786.966
162828.629
162870.297
162911.962
162953.627
162995.291
163036.951
163078.616
163120.289
163161.954
163203.620
163245.283
163286.951
163328.615
163370.283
163411.946
163453.613
163495.276
163536.944
163578.617
163620.277
163661.940
163703.606
163745.270
163786.936
163828.603
163870.267
163911.933
163953.599
163995.263
164036.930
164078.595
164120.260
164161.926
164203.591
164245.254
164286.923
164328.585
164370.252
164411.916
164453.583
164495.247
164536.915
164578.584
164620.246
164661.910
164703.576
164745.242
164786.907
164828.572
164870.239
164911.901
164953.566
164995.233
165036.899
165078.564
165120.231
165161.896
165203.561
165245.226
165286.892
165328.556
165370.221
165411.887
165453.553
165495.219
165536.884
165578.562
165620.216
165661.883
165703.548
165745.213
165786.879
165828.543
165870.209
165911.874
165953.540
165995.205
166036.871
166078.537
166120.201
166161.867
166203.533
166245.196
166286.863
166328.528
166370.195
166411.858
166453.525
166495.190
166536.856
166578.531
166620.187
166661.855
166703.519
166745.185
166786.850
166828.516
166870.181
166911.846
166953.512
166995.176
167036.842
167078.508
167120.173
167161.837
167203.503
167245.168
167286.835
167328.499
167370.166
167411.830
167453.496
167495.160
167536.827
167578.501
167620.159
167661.824
167703.489
167745.155
167786.821
167828.486
167870.152
167911.817
167953.482
167995.147
168036.812
168078.478
168120.144
168161.810
168203.475
168245.139
168286.806
168328.470
168370.136
168411.801
168453.465
168495.132
168536.797
168578.470
168620.129
168661.795
168703.461
168745.127
168786.791
168828.457
168870.122
168911.788
168953.453
168995.118
169036.784
169078.447
169120.116
169161.781
169203.446
169245.109
169286.775
169328.441
169370.107
169411.772
169453.437
169495.102
169536.768
169578.443
169620.104
169661.766
169703.432
169745.097
169786.763
169828.428
169870.093
169911.758
169953.424
169995.089
170036.755
170078.421
170120.086
170161.751
170203.417
170245.080
170286.748
170328.412
170370.078
170411.743
170453.410
170495.074
170536.740
170578.412
170620.075
170661.738
170703.402
170745.068
170786.734
170828.399
170870.064
170911.729
170953.394
170995.059
171036.725
171078.393
171120.057
171161.722
171203.387
171245.051
171286.719
171328.383
171370.050
171411.713
171453.381
171495.044
171536.710
171578.387
171620.043
171661.708
171703.374
171745.039
171786.704
171828.370
171870.036
171911.701
171953.367
171995.032
172036.698
172078.363
172120.028
172161.694
172203.359
172245.023
172286.690
172328.354
172370.020
172411.684
172453.353
172495.016
172536.683
172578.359
172620.015
172661.680
172703.344
172745.010
172786.676
172828.340
172870.007
172911.671
172953.336
172995.002
173036.668
173078.334
173119.999
173161.664
173203.329
173244.993
173286.661
173328.325
173369.991
173411.655
173453.321
173494.986
173536.652
173578.334
173619.985
173661.652
173703.316
173744.981
173786.647
173828.312
173869.978
173911.641
173953.306
173994.972
174036.638
174078.304
174119.969
174161.635
174203.299
174244.964
174286.632
174328.296
174369.961
174411.626
174453.292
174494.958
174536.623
174578.299
174619.973
174661.622
174703.286
174744.952
174786.617
174828.282
174869.947
174911.613
174953.278
174994.943
175036.609
175078.277
175119.942
175161.605
175203.271
175244.936
175286.603
175328.266
175369.932
175411.597
175453.262
175494.928
175536.593
175578.270
175619.930
175661.592
175703.256
175744.923
175786.589
175828.252
175869.919
175911.583
175953.251
175994.913
176036.579
176078.247
176119.911
176161.578
176203.241
176244.907
176286.574
176328.238
176369.903
176411.568
176453.234
176494.899
176536.565
176578.240
176619.898
176661.563
176703.226
176744.892
176786.559
176828.224
176869.892
176911.556
176953.221
176994.886
177036.552
177078.218
177119.883
177161.547
177203.212
177244.877
177286.544
177328.209
177369.876
177411.539
177453.207
177494.870
177536.538
177578.209
177619.869
177661.535
177703.198
177744.863
177786.529
177828.195
177869.860
177911.525
177953.190
177994.856
178036.522
178078.187
178119.853
178161.518
178203.183
178244.849
178286.515
178328.179
178369.845
178411.510
178453.175
178494.841
178536.507
178578.190
178619.839
178661.505
178703.170
178744.837
178786.501
178828.167
178869.833
178911.498
178953.163
178994.828
179036.494
179078.160
179119.825
179161.489
179203.156
179244.820
179286.487
179328.150
179369.816
179411.481
179453.147
179494.812
179536.478
179578.152
179619.813
179661.477
179703.141
179744.808
179786.473
179828.137
179869.803
179911.468
179953.133
179994.799
180036.464
180078.131
180119.797
180161.460
180203.127
180244.790
180286.459
180328.121
180369.788
180411.452
180453.119
180494.783
180536.450
180578.125
180619.781
180661.447
180703.113
180744.778
180786.443
180828.108
180869.774
180911.437
180953.105
180994.771
181036.434
181078.101
181119.767
181161.432
181203.097
181244.762
181286.427
181328.092
181369.760
181411.424
181453.089
181494.753
181536.421
181578.095
181619.752
181661.419
181703.084
181744.749
181786.414
181828.080
181869.746
181911.411
181953.075
181994.741
182036.407
182078.073
182119.738
182161.403
182203.067
182244.732
182286.399
182328.063
182369.731
182411.395
182453.059
182494.725
182536.390
182578.064
182619.727
182661.390
182703.053
182744.721
182786.386
182828.050
182869.717
182911.381
182953.046
182994.710
183036.376
183078.044
183119.708
183161.373
183203.040
183244.703
183286.371
183328.034
183369.700
183411.365
183453.025
183494.691
183536.358
183578.032
183619.689
183661.353
183703.026
183744.691
183786.360
183828.023
183869.687
183911.353
183953.019
183994.684
184036.348
184078.018
184119.683
184161.346
184203.012
184244.675
184286.347
184328.006
184369.674
184411.337
184453.005
184494.668
184536.336
184578.009
184619.682
184661.331
184702.996
184744.662
184786.334
184827.993
184869.659
184911.324
184952.990
184994.655
185036.321
185077.986
185119.651
185161.317
185202.980
185244.645
185286.317
185327.977
185369.644
185411.308
185452.975
185494.638
185536.306
185577.977
185619.637
185661.302
185702.968
185744.633
185786.304
185827.964
185869.630
185911.295
185952.960
185994.626
186036.292
186077.957
186119.623
186161.288
186202.953
186244.616
186286.286
186327.948
186369.615
186411.278
186452.945
186494.609
186536.277
186577.949
186619.608
186661.274
186702.939
186744.605
186786.274
186827.935
186869.601
186911.265
186952.931
186994.597
187036.263
187077.929
187119.595
187161.259
187202.924
187244.588
187286.255
187327.919
187369.585
187411.250
187452.916
187494.581
187536.247
187577.920
187619.579
187661.245
187702.909
187744.574
187786.243
187827.905
187869.571
187911.236
187952.901
187994.567
188036.232
188077.897
188119.564
188161.228
188202.894
188244.559
188286.231
188327.890
188369.557
188411.221
188452.887
188494.551
188536.219
188577.890
188619.555
188661.214
188702.880
188744.546
188786.218
188827.875
188869.537
188911.206
188952.866
188994.532
189036.202
189077.870
189119.535
189161.201
189202.866
189244.529
189286.201
189327.860
189369.528
189411.191
189452.859
189494.523
189536.191
189577.865
189619.521
189661.187
189702.852
189744.517
189786.189
189827.848
189869.514
189911.178
189952.843
189994.508
190036.173
190077.841
190119.507
190161.170
190202.837
190244.500
190286.173
190327.832
190369.497
190411.162
190452.829
190494.493
190536.159
190577.838
190619.491
190661.157
190702.822
190744.488
190786.157
190827.818
190869.484
190911.149
190952.814
190994.479
191036.144
191077.812
191119.477
191161.142
191202.807
191244.471
191286.142
191327.803
191369.469
191411.133
191452.800
191494.466
191536.131
191577.809
191619.462
191661.127
191702.793
191744.459
191786.123
191827.789
191869.455
191911.120
191952.785
191994.451
192036.115
192077.782
192119.447
192161.113
192202.779
192244.443
192286.114
192327.773
192369.440
192411.105
192452.771
192494.436
192536.101
192577.779
192619.434
192661.099
192702.764
192744.430
192786.094
192827.760
192869.426
192911.091
192952.756
192994.422
193036.086
193077.754
193119.418
193161.083
193202.749
193244.414
193286.079
193327.744
193369.409
193411.075
193452.742
193494.405
193536.073
193577.745
193619.405
193661.070
193702.734
193744.402
193786.065
193827.732
193869.398
193911.063
193952.728
193994.394
194036.060
194077.725
194119.390
194161.056
194202.722
194244.385
194286.051
194327.715
194369.383
194411.046
194452.714
194494.378
194536.045
194577.721
194619.376
194661.041
194702.707
194744.371
194786.037
194827.702
194869.368
194911.034
194952.699
194994.364
195036.029
195077.695
195119.361
195161.026
195202.691
195244.356
195286.022
195327.687
195369.353
195411.017
195452.684
195494.348
195536.015
195577.689
195619.347
195661.012
195702.677
195744.343
195786.008
195827.674
195869.339
195911.005
195952.669
195994.335
196036.001
196077.667
196119.332
196160.997
196202.662
196244.327
196285.995
196327.658
196369.324
196410.989
196452.654
196494.319
196535.986
196577.662
196619.318
196660.984
196702.648
196744.314
196785.983
196827.644
196869.311
196910.976
196952.641
196994.306
197035.971
197077.638
197119.302
197160.968
197202.633
197244.298
197285.968
197327.629
197369.294
197410.959
197452.624
197494.290
197535.956
197577.635
197619.290
197660.954
197702.618
197744.284
197785.952
197827.615
197869.281
197910.944
197952.611
197994.277
198035.942
198077.609
198119.274
198160.939
198202.604
198244.269
198285.941
198327.600
198369.266
198410.930
198452.596
198494.261
198535.927
198577.605
198619.265
198660.924
198702.591
198744.256
198785.922
198827.586
198869.254
198910.916
198952.581
198994.246
199035.912
199077.580
199119.245
199160.909
199202.575
199244.240
199285.905
199327.570
199369.237
199410.901
199452.566
199494.231
199535.899
199577.574
199619.231
199660.899
199702.561
199744.227
199785.892
199827.560
199869.224
199910.889
199952.552
199994.219
200035.884
200077.550
200119.215
200160.880
200202.547
200244.210
200285.876
200327.542
200369.207
200410.873
200452.538
200494.203
200535.869
200577.545
200619.202
200660.866
200702.530
200744.198
200785.863
200827.528
200869.194
200910.859
200952.524
200994.191
201035.855
201077.522
201119.187
201160.852
201202.517
201244.182
201285.846
201327.512
201369.179
201410.843
201452.510
201494.174
201535.839
201577.515
201619.172
201660.838
201702.502
201744.169
201785.834
201827.500
201869.166
201910.831
201952.496
201994.161
202035.826
202077.492
202119.157
202160.822
202202.489
202244.153
202285.818
202327.483
202369.150
202410.815
202452.481
202494.145
202535.812
202577.492
202619.143
202660.810
202702.475
202744.140
202785.805
202827.471
202869.137
202910.802
202952.467
202994.133
203035.799
203077.464
203119.129
203160.795
203202.460
203244.123
203285.791
203327.454
203369.122
203410.785
203452.453
203494.116
203535.783
203577.456
203619.115
203660.779
203702.446
203744.111
203785.777
203827.443
203869.108
203910.773
203952.438
203994.103
204035.770
204077.435
204119.100
204160.766
204202.431
204244.095
204285.760
204327.425
204369.093
204410.756
204452.423
204494.087
204535.755
204577.431
204619.085
204660.751
204702.416
204744.082
204785.747
204827.414
204869.078
204910.744
204952.409
204994.075
205035.741
205077.410
205119.071
205160.737
205202.403
205244.065
205285.733
205327.396
205369.061
205410.727
205452.394
205494.058
205535.726
205577.399
205619.056
205660.723
205702.388
205744.053
205785.718
205827.385
205869.049
205910.714
205952.380
205994.046
206035.711
206077.380
206119.042
206160.708
206202.373
206244.037
206285.704
206327.367
206369.033
206410.698
206452.366
206494.029
206535.697
206577.370
206619.028
206660.693
206702.358
206744.024
206785.690
206827.356
206869.020
206910.686
206952.351
206994.017
207035.682
207077.347
207119.013
207160.679
207202.344
207244.007
207285.674
207327.340
207369.005
207410.669
207452.335
207494.000
207535.666
207577.345
207619.002
207660.665
207702.328
207743.994
207785.660
207827.325
207868.991
207910.657
207952.322
207993.987
208035.653
208077.319
208118.983
208160.649
208202.314
208243.978
208285.644
208327.310
208368.976
208410.640
208452.306
208493.971
208535.636
208577.314
208618.976
208660.634
208702.299
208743.966
208785.630
208827.296
208868.963
208910.626
208952.291
208993.957
209035.623
209077.289
209118.954
209160.620
209202.284
209243.950
209285.615
209327.283
209368.947
209410.610
209452.276
209493.942
209535.608
209577.284
209618.936
209660.601
209702.269
209743.937
209785.595
209827.268
209868.933
209910.597
209952.263
209993.929
210035.594
210077.260
210118.925
210160.590
210202.255
210243.920
210285.586
210327.253
210368.917
210410.582
210452.247
210493.913
210535.579
210577.250
210618.913
210660.577
210702.242
210743.908
210785.573
210827.239
210868.905
210910.570
210952.236
210993.900
211035.566
211077.232
211118.897
211160.562
211202.228
211243.891
211285.558
211327.226
211368.889
211410.553
211452.220
211493.884
211535.552
211577.220
211618.886
211660.548
211702.213
211743.880
211785.544
211827.209
211868.876
211910.541
211952.206
211993.871
212035.537
212077.202
212118.868
212160.534
212202.199
212243.862
212285.529
212327.193
212368.860
212410.524
212452.191
212493.855
212535.520
212577.197
212618.853
212660.519
212702.185
212743.850
212785.513
212827.180
212868.845
212910.511
212952.176
212993.841
213035.507
213077.172
213118.838
213160.503
213202.168
213243.833
213285.498
213327.164
213368.830
213410.495
213452.161
213493.826
213535.493
213577.172
213618.825
213660.491
213702.155
213743.821
213785.484
213827.150
213868.816
213910.481
213952.148
213993.812
214035.478
214077.144
214118.810
214160.474
214202.140
214243.804
214285.470
214327.135
214368.802
214410.465
214452.131
214493.797
214535.464
214577.142
214618.799
214660.467
214702.125
214743.792
214785.457
214827.123
214868.788
214910.453
214952.112
214993.784
215035.443
215077.110
215118.774
215160.440
215202.111
215243.775
215285.441
215327.106
215368.771
215410.437
215452.102
215493.768
215535.435
215577.107
215618.766
215660.431
215702.097
215743.762
215785.428
215827.094
215868.758
215910.423
215952.089
215993.754
216035.419
216077.085
216118.750
216160.416
216202.080
216243.746
216285.411
216327.077
216368.743
216410.408
216452.074
216493.739
216535.404
216577.080
216618.741
216660.402
216702.067
216743.734
216785.398
216827.064
216868.730
216910.395
216952.058
216993.727
217035.392
217077.058
217118.723
217160.388
217202.054
217243.717
217285.383
217327.048
217368.715
217410.379
217452.045
217493.710
217535.376
217577.051
217618.707
217660.374
217702.038
217743.704
217785.370
217827.036
217868.701
217910.364
217952.030
217993.695
218035.361
218077.030
218118.693
218160.359
218202.023
218243.688
218285.353
218327.019
218368.685
218410.350
218452.015
218493.680
218535.346
218577.021
218618.680
218660.344
218702.009
218743.676
218785.339
218827.008
218868.672
218910.336
218952.001
218993.666
219035.331
219076.992
219118.664
219160.330
219201.994
219243.659
219285.325
219326.990
219368.656
219410.321
219451.986
219493.652
219535.317
219576.994
219618.651
219660.315
219701.980
219743.647
219785.312
219826.978
219868.643
219910.307
219951.972
219993.638
220035.303
220076.970
220118.636
220160.302
220201.965
220243.630
220285.295
220326.962
220368.627
220410.292
220451.957
220493.623
220535.289
220576.965
220618.622
220660.287
220701.953
220743.617
220785.283
220826.949
220868.614
220910.279
220951.945
220993.610
221035.276
221076.942
221118.606
221160.272
221201.937
221243.601
221285.266
221326.933
221368.599
221410.263
221451.929
221493.594
221535.260
221576.933
221618.598
221660.258
221701.923
221743.589
221785.254
221826.920
221868.585
221910.250
221951.916
221993.582
222035.247
222076.912
222118.577
222160.243
222201.909
222243.572
222285.240
222326.902
222368.568
222410.234
222451.899
222493.565
222535.230
222576.903
222618.564
222660.228
222701.893
222743.560
222785.225
222826.891
222868.556
222910.221
222951.887
222993.552
223035.218
223076.883
223118.548
223160.213
223201.879
223243.544
223285.208
223326.874
223368.539
223410.205
223451.870
223493.536
223535.201
223576.881
223618.537
223660.199
223701.865
223743.531
223785.196
223826.861
223868.527
223910.192
223951.857
223993.524
224035.189
224076.854
224118.519
224160.185
224201.851
224243.514
224285.180
224326.845
224368.511
224410.176
224451.843
224493.506
224535.173
224576.844
224618.505
224660.171
224701.836
224743.502
224785.167
224826.835
224868.499
224910.164
224951.827
224993.493
225035.159
225076.824
225118.490
225160.155
225201.820
225243.484
225285.150
225326.818
225368.481
225410.147
225451.812
225493.477
225535.144
225576.824
225618.480
225660.142
225701.807
225743.473
225785.137
225826.806
225868.468
225910.133
225951.799
225993.464
226035.130
226076.795
226118.460
226160.126
226201.792
226243.456
226285.122
226326.790
226368.454
226410.118
226451.783
226493.449
226535.114
226576.788
226618.447
226660.113
226701.777
226743.443
226785.108
226826.777
226868.439
226910.105
226951.771
226993.435
227035.101
227076.767
227118.432
227160.098
227201.763
227243.427
227285.092
227326.759
227368.424
227410.089
227451.756
227493.419
227535.085
227576.759
227618.418
227660.083
227701.749
227743.415
227785.081
227826.749
227868.410
227910.075
227951.740
227993.406
228035.072
228076.738
228118.404
228160.069
228201.733
228243.398
228285.065
228326.732
228368.394
228410.060
228451.727
228493.391
228535.056
228576.733
228618.389
228660.055
228701.719
228743.385
228785.050
228826.721
228868.382
228910.046
228951.712
228993.378
229035.044
229076.708
229118.373
229160.040
229201.704
229243.368
229285.035
229326.701
229368.365
229410.030
229451.696
229493.361
229535.027
229576.706
229618.364
229660.026
229701.691
229743.357
229785.021
229826.693
229868.352
229910.018
229951.682
229993.347
230035.014
230076.679
230118.344
230160.009
230201.675
230243.339
230285.006
230326.672
230368.336
230410.001
230451.668
230493.332
230534.997
230576.675
230618.331
230659.996
230701.660
230743.327
230784.992
230826.658
230868.324
230909.989
230951.654
230993.318
231034.983
231076.651
231118.316
231159.980
231201.645
231243.311
231284.976
231326.641
231368.308
231409.972
231451.638
231493.304
231534.969
231576.644
231618.302
231659.968
231701.631
231743.296
231784.963
231826.630
231868.293
231909.960
231951.626
231993.291
232034.956
232076.622
232118.288
232159.953
232201.618
232243.281
232284.947
232326.612
232368.279
232409.944
232451.609
232493.274
232534.940
232576.613
232618.277
232659.939
232701.603
232743.269
232784.934
232826.598
232868.265
232909.928
232951.595
232993.261
233034.927
233076.593
233118.258
233159.924
233201.588
233243.253
233284.917
233326.583
233368.250
233409.914
233451.580
233493.245
233534.911
233576.589
233618.248
233659.910
233701.574
233743.240
233784.905
233826.570
233868.237
233909.902
233951.565
233993.230
234034.898
234076.564
234118.229
234159.894
234201.560
234243.223
234284.890
234326.555
234368.221
234409.885
234451.553
234493.216
234534.881
234576.556
234618.216
234659.880
234701.545
234743.211
234784.875
234826.540
234868.208
234909.871
234951.538
234993.201
235034.867
235076.533
235118.200
235159.866
235201.530
235243.194
235284.859
235326.526
235368.191
235409.856
235451.522
235493.187
235534.854
235576.528
235618.185
235659.852
235701.509
235743.175
235784.846
235826.505
235868.172
235909.843
235951.508
235993.173
236034.838
236076.506
236118.171
236159.837
236201.502
236243.165
236284.830
236326.496
236368.163
236409.827
236451.492
236493.158
236534.823
236576.501
236618.157
236659.823
236701.487
236743.153
236784.818
236826.484
236868.150
236909.815
236951.479
236993.145
237034.810
237076.475
237118.141
237159.807
237201.471
237243.136
237284.802
237326.467
237368.134
237409.799
237451.464
237493.129
237534.795
237576.470
237618.128
237659.793
237701.459
237743.126
237784.789
237826.454
237868.120
237909.786
237951.452
237993.117
238034.782
238076.447
238118.113
238159.779
238201.444
238243.109
238284.772
238326.437
238368.104
238409.769
238451.436
238493.099
238534.766
238576.443
238618.099
238659.766
238701.429
238743.095
238784.761
238826.426
238868.091
238909.758
238951.421
238993.087
239034.752
239076.419
239118.083
239159.749
239201.413
239243.078
239284.744
239326.409
239368.075
239409.740
239451.407
239493.071
239534.736
239576.406
239618.070
239659.736
239701.400
239743.066
239784.731
239826.396
239868.062
239909.728
239951.392
239993.058
240034.723
240076.389
240118.055
240159.720
240201.385
240243.049
240284.715
240326.381
240368.047
240409.711
240451.377
240493.042
240534.708
240576.382
240618.044
240659.707
240701.371
240743.037
240784.702
240826.367
240868.033
240909.698
240951.363
240993.030
241034.694
241076.361
241118.026
241159.692
241201.356
241243.020
241284.685
241326.351
242701.309
242742.974
242784.644
242826.304
242867.975
242909.641
242951.306
242992.972
243034.637
243076.303
243117.968
243159.633
243201.298
243242.962
243284.628
243326.293
243367.959
243409.624
243451.291
243492.955
243534.620
243576.296
243617.955
243659.619
243701.284
243742.950
243784.615
243826.279
243867.946
243909.612
243951.277
243992.942
244034.609
244076.273
244117.939
244159.604
244201.269
244242.933
244284.599
244326.264
244367.931
244409.595
244451.261
244492.927
244534.593
244576.267
244617.928
244659.590
244701.253
244742.921
244784.586
244826.252
244867.916
244909.581
244951.249
244992.913
245034.578
245076.244
245117.910
245159.576
245201.242
245242.904
245284.570
245326.235
245367.902
245409.565
245451.232
245492.897
245534.562
245576.235
245617.895
245659.561
245701.224
245742.890
245784.556
245826.221
245867.887
245909.553
245951.218
245992.883
246034.549
246076.215
246117.880
246159.548
246201.211
246242.875
246284.541
246326.206
246367.874
246409.538
246451.203
246492.868
246534.535
246576.210
246617.866
246659.533
246701.197
246742.863
246784.528
246826.194
246867.859
246909.523
246951.189
246992.853
247034.519
247076.187
247117.852
247159.516
247201.182
247242.846
247284.512
247326.177
247367.843
247409.509
247451.173
247492.839
247534.504
247576.180
247617.838
247659.502
247701.169
247742.833
247784.499
247826.164
247867.830
247909.495
247951.160
247992.825
248034.491
248076.160
248117.821
248159.485
248201.153
248242.817
248284.483
248326.148
248367.815
248409.479
248451.145
248492.809
248534.475
248576.149
248617.808
248659.473
248701.138
248742.805
248784.469
248826.135
248867.800
248909.466
248951.132
248992.797
249034.462
249076.128
249117.792
249159.458
249201.123
249242.786
249284.453
249326.119
249367.785
249409.450
249451.115
249492.780
249534.445
249576.121
249617.782
249659.445
249701.110
249742.775
249784.441
249826.105
249867.771
249909.436
249951.102
249992.768
250034.433
250076.098
250117.763
250159.430
250201.096
250242.759
250284.425
250326.090
250367.757
250409.421
250451.088
250492.752
250534.417
250576.092
250617.750
250659.416
250701.080
250742.746
250784.412
250826.076
250867.742
250909.408
250951.074
250992.739
251034.405
251076.070
251117.735
251159.400
251201.067
251242.730
251284.396
251326.061
251367.727
251409.392
251451.058
251492.723
251534.388
251576.062
251617.721
251659.387
251701.052
251742.717
251784.383
251826.048
251867.714
251909.379
251951.045
251992.710
252034.375
252076.042
252117.706
252159.372
252201.035
252242.701
252284.369
252326.032
252367.699
252409.363
252451.028
252492.694
252534.359
252576.034
252617.696
252659.357
252701.022
252742.689
252784.354
252826.019
252867.688
252909.350
252951.015
252992.681
253034.346
253076.015
253117.678
253159.342
253201.008
253242.671
253284.337
253326.003
253367.668
253409.333
253451.001
253492.664
253534.330
253576.007
253617.667
253659.328
253700.993
253742.659
253784.325
253825.990
253867.655
253909.321
253950.987
253992.652
254034.317
254075.986
254117.650
254159.314
254200.979
254242.642
254284.308
254325.973
254367.642
254409.304
254450.970
254492.635
254534.301
254575.980
254617.633
254659.301
254700.964
254742.630
254784.295
254825.961
254867.631
254909.291
254950.957
254992.623
255034.288
255075.954
255117.619
255159.285
255200.950
255242.614
255284.280
255325.944
255367.615
255409.275
255450.941
255492.606
255534.273
255575.948
255617.605
255659.270
255700.935
255742.600
255784.266
255825.932
255867.601
255909.263
255950.927
255992.593
256034.258
256075.925
256117.590
256159.254
256200.920
256242.584
256284.250
256325.915
256367.588
256409.246
256450.911
256492.577
256534.244
256575.918
256617.576
256659.240
256700.905
256742.572
256784.236
256825.901
256867.571
256909.233
256950.897
256992.562
257034.228
257075.895
257117.562
257159.226
257200.891
257242.555
257284.222
257325.886
257367.558
257409.217
257450.882
257492.547
257534.213
257575.889
257617.551
257659.211
257700.877
257742.543
257784.208
257825.872
257867.545
257909.204
257950.869
257992.534
258034.199
258075.869
258117.532
258159.197
258200.862
258242.526
258284.192
258325.857
258367.526
258409.188
258450.855
258492.518
258534.185
258575.857
258617.521
258659.182
258700.847
258742.513
258784.179
258825.842
258867.511
258909.175
258950.840
258992.504
259034.170
259075.836
259117.502
259159.168
259200.833
259242.497
259284.164
259325.827
259367.498
259409.159
259450.824
259492.490
259534.157
259575.830
259617.493
259659.153
259700.819
259742.484
259784.149
259825.814
259867.484
259909.144
259950.811
259992.476
260034.141
260075.810
260117.472
260159.137
260200.804
260242.467
260284.135
260325.799
260367.469
260409.130
260450.796
260492.460
260534.127
260575.798
260617.479
260659.124
260700.788
260742.455
260784.121
260825.784
260867.457
260909.117
260950.781
260992.447
261034.113
261075.778
261117.444
261159.110
261200.774
261242.439
261284.105
261325.769
261367.441
261409.101
261450.767
261492.432
261534.098
261575.772
261617.431
261659.096
261700.761
261742.427
261784.092
261825.768
261867.425
261909.088
261950.752
261992.418
262034.083
262075.750
262117.415
262159.080
262200.746
262242.410
262284.076
262325.741
262367.415
262409.072
262450.737
262492.403
262534.069
262575.744
262617.403
262659.066
262700.730
262742.397
262784.061
262825.727
262867.401
262909.058
262950.724
262992.388
263034.054
263075.720
263117.386
263159.050
263200.716
263242.380
263284.046
263325.711
263367.378
263409.043
263450.709
263492.373
263534.040
263575.710
263617.375
263659.036
263700.703
263742.368
263784.033
263825.697
263867.364
263909.029
263950.693
263992.360
264034.024
264075.691
264117.356
264159.022
264200.686
264242.351
264284.019
264325.682
264367.349
264409.013
264450.679
264492.344
264534.010
264575.683
264617.348
264659.008
264700.673
264742.339
264784.004
264825.669
264867.335
264909.000
264950.667
264992.329
265033.997
265075.663
265117.328
265158.993
265200.659
265242.323
265283.989
265325.653
265367.319
265408.985
265450.651
265492.315
265533.980
265575.659
265617.315
265658.979
265700.645
265742.310
265783.975
265825.641
265867.306
265908.972
265950.637
265992.303
266033.966
266075.632
266117.300
266158.965
266200.630
266242.294
266283.961
266325.624
266367.290
266408.955
266450.623
266492.286
266533.953
266575.628
266617.289
266658.950
266700.616
266742.281
266783.946
266825.612
266867.279
266908.943
266950.608
266992.273
267033.939
267075.605
267117.270
267158.936
267200.601
267242.266
267283.931
267325.642
267367.261
267408.969
267450.594
267492.286
267533.924
267575.596
267617.259
267658.921
267700.586
267742.252
267783.917
267825.583
267867.247
267908.913
267950.579
267992.245
268033.910
268075.579
268117.241
268158.907
268200.572
268242.238
268283.903
268325.568
268367.233
268408.899
268450.565
268492.231
268533.897
268575.565
268617.234
268658.892
268700.558
268742.223
268783.888
268825.554
268867.217
268908.884
268950.549
268992.215
269033.880
269075.555
269117.211
269158.877
269200.541
269242.208
269283.873
269325.538
269367.203
269408.870
269450.534
269492.200
269533.865
269575.546
269617.198
269658.862
269700.528
269742.194
269783.858
269825.525
269867.191
269908.856
269950.521
269992.186
270033.851
270075.518
270117.182
270158.847
270200.513
270242.179
270283.843
270325.508
270367.175
270408.840
270450.505
270492.171
270533.836
270575.510
270617.168
270658.835
270700.499
270742.165
270783.831
270825.495
270867.161
270908.827
270950.491
270992.157
271033.822
271075.489
271117.154
271158.819
271200.483
271242.149
271283.814
271325.480
271367.147
271408.811
271450.476
271492.143
271533.807
271575.485
271617.144
271658.805
271700.470
271742.135
271783.801
271825.466
271867.133
271908.797
271950.463
271992.129
272033.793
272075.460
272117.125
272158.790
272200.455
272242.119
272283.784
272325.450
272367.115
272408.782
272450.447
272492.113
272533.779
272575.453
272617.114
272658.776
272700.441
272742.108
272783.773
272825.438
272867.103
272908.770
272950.433
272992.097
273033.762
273075.429
273117.095
273158.760
273200.426
273242.090
273283.755
273325.420
273367.088
273408.753
273450.417
273492.083
273533.749
273575.415
273617.081
273658.740
273700.412
273742.071
273783.736
273825.403
273867.067
273908.739
273950.403
273992.069
274033.734
274075.395
274117.065
274158.725
274200.391
274242.061
274283.726
274325.393
274367.057
274408.724
274450.388
274492.055
274533.719
274575.398
274617.052
274658.718
274700.383
274742.049
274783.714
274825.380
274867.046
274908.711
274950.377
274992.041
275033.706
275075.375
275117.038
275158.703
275200.369
275242.034
275283.700
275325.365
275367.030
275408.694
275450.361
275492.027
275533.692
275575.367
275617.023
275658.689
275700.354
275742.019
275783.685
275825.350
275867.016
275908.682
275950.347
275992.012
276033.678
276075.346
276117.009
276158.675
276200.339
276242.005
276283.669
276325.336
276367.000
276408.668
276450.332
276491.998
276533.662
276575.342
276617.001
276658.660
276700.325
276741.990
276783.656
276825.327
276866.987
276908.652
276950.316
276991.983
277033.647
277075.317
277116.980
277158.645
277200.310
277241.975
277283.640
277325.306
277366.972
277408.638
277450.302
277491.967
277533.632
277575.305
277616.966
277658.631
277700.295
277741.962
277783.627
277825.292
277866.957
277908.624
277950.288
277991.953
278033.619
278075.287
278116.949
278158.615
278200.281
278241.945
278283.610
278325.276
278366.943
278408.609
278450.273
278491.939
278533.604
278575.283
278616.939
278658.603
278700.267
278741.933
278783.598
278825.264
278866.929
278908.594
278950.259
278991.924
279033.589
279075.256
279116.921
279158.586
279200.251
279241.916
279283.581
279325.247
279366.914
279408.579
279450.245
279491.909
279533.575
279575.250
279616.907
279658.572
279700.238
279741.904
279783.569
279825.234
279866.900
279908.566
279950.231
279991.896
280033.562
280075.230
280116.893
280158.558
280200.224
280241.889
280283.554
280325.220
280366.884
280408.551
280450.216
280491.881
280533.547
280575.218
280616.882
280658.542
280700.209
280741.874
280783.541
280825.205
280866.871
280908.536
280950.202
280991.867
281033.533
281075.202
281116.864
281158.529
281200.194
281241.860
281283.524
281325.191
281366.854
281408.521
281450.186
281491.851
281533.516
281575.190
281616.852
281658.516
281700.178
281741.846
281783.514
281825.176
281866.841
281908.507
281950.173
281991.837
282033.502
282075.169
282116.834
282158.499
282200.165
282241.833
282283.496
282325.162
282366.827
282408.493
282450.157
282491.822
282533.487
282575.162
282616.822
282658.486
282700.149
282741.817
282783.481
282825.146
282866.811
282908.479
282950.143
282991.808
283033.473
283075.143
283116.805
283158.469
283200.135
283241.800
283283.466
283325.131
283366.797
283408.462
283450.129
283491.793
283533.458
283575.131
283616.799
283658.456
283700.121
283741.786
283783.452
283825.117
283866.782
283908.449
283950.115
283991.779
284033.444
284075.113
284116.775
284158.442
284200.106
284241.772
284283.436
284325.102
284366.768
284408.435
284450.100
284491.764
284533.430
284575.106
284616.766
284658.428
284700.094
284741.759
284783.423
284825.088
284866.754
284908.420
284950.085
284991.749
285033.416
285075.084
285116.746
285158.411
285200.076
285241.742
285283.407
285325.073
285366.738
285408.405
285450.070
285491.735
285533.405
285575.074
285616.737
285658.399
285700.063
285741.729
285783.394
285825.060
285866.725
285908.390
285950.056
285991.721
286033.387
286075.055
286116.718
286158.384
286200.049
286241.715
286283.380
286325.046
286366.709
286408.377
286450.040
286491.708
286533.373
286575.045
286616.707
286658.370
286700.035
286741.700
286783.365
286825.031
286866.696
286908.362
286950.028
286991.694
287033.357
287075.028
287116.689
287158.355
287200.020
287241.685
287283.351
287325.017
287366.682
287408.347
287450.012
287491.677
287533.343
287575.015
287616.680
287658.339
287700.005
287741.671
287783.337
287825.001
287866.667
287908.331
287949.998
287991.663
288033.328
288074.997
288116.660
288158.324
288199.990
288241.655
288283.319
288324.987
288366.652
288408.318
288449.984
288491.648
288533.312
288574.984
288616.644
288658.311
288699.976
288741.642
288783.307
288824.971
288866.637
288908.305
288949.969
288991.634
289033.300
289074.967
289116.631
289158.296
289199.961
289241.627
289283.292
289324.957
289366.624
289408.290
289449.954
289491.620
289533.285
289574.956
289616.619
289658.282
289699.947
289741.613
289783.277
289824.943
289866.608
289908.277
289949.940
289991.606
290033.271
290074.939
290116.602
290158.266
290199.932
290241.597
290283.262
290324.928
290366.593
290408.263
290449.924
290491.589
290533.255
290574.929
290616.589
290658.253
290699.918
290741.584
290783.249
290824.914
290866.580
290908.253
290949.912
290991.576
291033.241
291074.910
291116.573
291158.239
291199.904
291241.568
291283.233
291324.898
291366.565
291408.237
291449.895
291491.560
291533.226
291574.901
291616.559
291658.224
291699.889
291741.556
291783.221
291824.886
291866.550
291908.220
291949.883
291991.547
292033.212
292074.880
292116.542
292158.209
292199.875
292241.539
292283.205
292324.871
292366.537
292408.206
292449.865
292491.531
292533.198
292574.869
292616.535
292658.195
292699.864
292741.526
292783.191
292824.856
292866.524
292908.193
292949.854
292991.518
293033.183
293074.850
293116.515
293158.181
293199.845
293241.510
293283.175
293324.841
293366.506
293408.178
293449.838
293491.504
293533.168
293574.840
293616.500
293658.166
293699.832
293741.497
293783.163
293824.828
293866.493
293908.163
293949.825
293991.491
294033.155
294074.827
294116.486
294158.151
294199.817
294241.481
294283.147
294324.812
294366.478
294408.150
294449.809
294491.474
294533.138
294574.807
294616.476
294658.137
294699.802
294741.468
294783.133
294824.792
294866.464
294908.130
294949.788
294991.459
295033.120
295074.796
295116.457
295158.122
295199.788
295241.453
295283.117
295324.783
295366.450
295408.122
295449.781
295491.445
295533.110
295574.781
295616.443
295658.108
295699.772
295741.439
295783.104
295824.768
295866.434
295908.104
295949.765
295991.432
296033.097
296074.766
296116.428
296158.093
296199.758
296241.424
296283.088
296324.754
296366.419
296408.092
296449.751
296491.417
296533.081
296574.756
296616.418
296658.080
296699.745
296741.410
296783.074
296824.741
296866.405
296908.080
296949.737
296991.402
297033.067
297074.737
297116.398
297158.064
297199.729
297241.394
297283.059
297324.725
297366.390
297408.064
297449.721
297491.387
297533.052
297574.725
297616.385
297658.049
297699.714
297741.381
297783.047
297824.711
297866.377
297908.048
297949.708
297991.373
298033.039
298074.706
298116.370
298158.035
298199.700
298241.364
298283.030
298324.696
298366.362
298408.032
298449.692
298491.358
298533.024
298574.694
298616.358
298658.021
298699.686
298741.353
298783.017
298824.683
298866.347
298908.021
298949.679
298991.345
299033.010
299074.680
299116.341
299158.006
299199.671
299241.337
299283.003
299324.667
299366.333
299408.004
299449.663
299491.329
299532.995
299574.672
299616.329
299657.992
299699.657
299741.324
299782.988
299824.653
299866.319
299907.983
299949.651
299991.316
300032.981
300074.652
300116.311
300157.976
300199.641
300241.301
300282.972
300324.638
300366.298
300407.970
300449.634
300491.299
300532.965
300574.639
300616.296
300657.963
300699.628
300741.294
300782.959
300824.624
300866.289
300907.955
300949.621
300991.286
301032.952
301074.619
301116.282
301157.947
301199.612
301241.279
301282.944
301324.610
301366.273
301407.940
301449.606
301491.272
301532.930
301574.618
301616.271
301657.933
301699.598
301741.264
301782.930
301824.596
301866.262
301907.925
301949.592
301991.257
302032.922
302074.589
302116.252
302157.918
302199.583
302241.249
302282.915
302324.580
302366.245
302407.911
302449.576
302491.243
302532.907
302574.582
302616.243
302657.905
302699.572
302741.236
302782.902
302824.567
302866.234
302907.898
302949.564
302991.229
303032.895
303074.566
303116.225
303157.888
303199.556
303241.222
303282.887
303324.553
303366.217
303407.884
303449.549
303491.214
303532.879
303574.550
303616.216
303657.876
303699.542
303741.208
303782.871
303824.537
303866.204
303907.869
303949.535
303991.199
304032.865
304074.537
304116.196
304157.863
304199.528
304241.192
304282.856
304324.524
304366.187
304407.853
304449.517
304491.185
304532.849
304574.526
304616.187
304657.847
304699.512
304741.178
304782.845
304824.507
304866.173
304907.838
304949.504
304991.170
305032.836
305074.507
305116.167
305157.832
305199.498
305241.163
305282.827
305324.493
305366.158
305407.824
305449.490
305491.155
305532.820
305574.497
305616.153
305657.818
305699.484
305741.148
305782.814
305824.480
305866.146
305907.809
305949.476
305991.142
306032.807
306074.474
306116.138
306157.804
306199.468
306241.134
306282.798
306324.464
306366.129
306407.789
306449.460
306491.127
306532.791
306574.470
306616.124
306657.789
306699.454
306741.120
306782.786
306824.451
306866.117
306907.781
306949.447
306991.113
307032.778
307074.447
307116.109
307157.775
307199.440
307241.105
307282.770
307324.437
307366.100
307407.766
307449.432
307491.097
307532.762
307574.434
307616.096
307657.761
307699.425
307741.091
307782.756
307824.421
307866.086
307907.752
307949.418
307991.082
308032.747
308074.421
308116.080
308157.745
308199.410
308241.075
308282.741
308324.406
308366.071
308407.737
308449.403
308491.068
308532.733
308574.407
308616.068
308657.731
308699.397
308741.062
308782.726
308824.391
308866.057
308907.722
308949.389
308991.055
309032.719
309074.393
309116.050
309157.716
309199.380
309241.046
309282.711
309324.377
309366.043
309407.709
309449.374
309491.040
309532.705
309574.380
309616.037
309657.702
309699.367
309741.033
309782.699
309824.363
309866.029
309907.695
309949.362
309991.027
310032.692
310074.359
310116.023
310157.689
310199.353
310241.018
310282.684
310324.349
310366.014
310407.679
310449.344
310491.010
310532.675
310574.350
310616.010
310657.674
310699.338
310741.003
310782.669
310824.333
310865.999
310907.664
310949.332
310990.996
311032.662
311074.329
311115.991
311157.658
311199.323
311240.989
311282.654
311324.320
311365.985
311407.651
311449.316
311490.983
311532.645
311574.321
311615.985
311657.644
311699.309
311740.976
311782.640
311824.305
311865.970
311907.636
311949.303
311990.968
312032.633
312074.302
312115.964
312157.628
312199.295
312240.961
312282.624
312324.290
312365.956
312407.621
312449.286
312490.953
312532.618
312574.290
312615.953
312657.615
312699.286
312740.946
312782.611
312824.276
312865.941
312907.606
312949.273
312990.939
313032.605
313074.272
313115.935
313157.615
313199.264
313240.931
313282.595
313324.262
313365.926
313407.592
313449.258
313490.924
313532.588
313574.265
313615.921
313657.586
313699.251
313740.917
313782.582
313824.247
313865.912
313907.577
313949.245
313990.908
314032.575
314074.246
314115.905
314157.571
314199.236
314240.902
314282.566
314324.232
314365.898
314407.565
314449.229
314490.895
314532.558
314574.234
314615.892
314657.557
314699.223
314740.888
314782.553
314824.220
314865.885
314907.550
314949.216
314990.881
315032.546
315074.215
315115.878
315157.543
315199.209
315240.875
315282.537
315324.204
315365.868
315407.536
315449.201
315490.867
315532.530
315574.202
315615.867
315657.528
315699.194
315740.859
315782.525
315824.190
315865.855
315907.522
315949.187
315990.852
316032.517
316074.186
316115.848
316157.514
316199.180
316240.845
316282.508
316324.173
316365.840
316407.506
316449.171
316490.837
316532.501
316574.175
316615.839
316657.499
316699.164
316740.831
316782.495
316824.160
316865.826
316907.492
316949.158
316990.823
317032.488
317074.160
317115.819
317157.485
317199.150
317240.816
317282.479
317324.146
317365.810
317407.477
317449.143
317490.808
317532.473
317574.148
317615.806
317657.471
317699.136
317740.802
317782.466
317824.131
317865.796
317907.463
317949.129
317990.794
318032.459
318074.129
318115.790
318157.456
318199.120
318240.787
318282.450
318324.116
318365.781
318407.448
318449.113
318490.779
318532.443
318574.117
318615.782
318657.442
318699.106
318740.773
318782.437
318824.102
318865.768
318907.433
318949.099
318990.765
319032.430
319074.100
319115.762
319157.427
319199.092
319240.756
319282.422
319324.087
319365.752
319407.419
319449.084
319490.750
319532.414
319574.086
319615.747
319657.412
319699.078
319740.744
319782.409
319824.075
319865.740
319907.406
319949.071
319990.736
320032.402
320074.074
320115.732
320157.398
320199.064
320240.728
320282.393
320324.059
320365.724
320407.390
320449.056
320490.723
320532.386
320574.061
320615.718
320657.383
320699.047
320740.712
320782.378
320824.045
320865.710
320907.375
320949.036
320990.706
321032.372
321074.037
321115.696
321157.368
321199.032
321240.697
321282.363
321324.029
321365.694
321407.362
321449.028
321490.693
321532.355
321574.034
321615.689
321657.352
321699.019
321740.685
321782.350
321824.016
321865.681
321907.346
321949.012
321990.677
322032.342
322074.014
322115.674
322157.338
322199.004
322240.669
322282.334
322324.001
322365.665
322407.332
322448.997
322490.663
322532.327
322574.000
322615.660
322657.326
322698.992
322740.656
322782.322
322823.987
322865.651
322907.318
322948.984
322990.648
323032.314
323073.983
323115.645
323157.311
323198.977
323240.641
323282.305
323323.971
323365.636
323407.304
323448.969
323490.634
323532.298
323573.975
323615.643
323657.295
323698.962
323740.627
323782.293
323823.959
323865.624
323907.289
323948.955
323990.620
324032.286
324073.956
324115.617
324157.282
324198.947
324240.613
324282.277
324323.944
324365.607
324407.275
324448.938
324490.605
324532.270
324573.943
324615.602
324657.266
324698.932
324740.599
324782.263
324823.929
324865.594
324907.260
324948.929
324990.591
325032.257
325073.925
325115.588
325157.253
325198.919
325240.584
325282.248
325323.915
325365.578
325407.246
325448.913
325490.577
325532.240
325573.909
325615.593
325657.239
325698.903
325740.569
325782.235
325823.898
325865.564
325907.229
325948.899
325990.562
326032.226
326073.899
326115.557
326157.223
326198.887
326240.553
326282.218
326323.878
326365.544
326407.217
326448.882
326490.547
326532.211
326573.886
326615.544
326657.209
326698.873
326740.539
326782.204
326823.870
326865.535
326907.200
326948.873
326990.532
327032.197
327073.866
327115.529
327157.193
327198.859
327240.524
327282.190
327323.855
327365.520
327407.185
327448.854
327490.517
327532.183
327573.859
327615.515
327657.181
327698.845
327740.510
327782.176
327823.841
327865.506
327907.171
327948.841
327990.503
328032.168
328073.837
328115.500
328157.165
328198.830
328240.495
328282.160
328323.826
328365.491
328407.157
328448.825
328490.488
328532.153
328573.827
328615.488
328657.150
328698.816
328740.481
328782.146
328823.812
328865.477
328907.143
328948.815
328990.476
329032.140
329073.811
329115.472
329157.136
329198.802
329240.467
329282.132
329323.797
329365.462
329407.129
329448.797
329490.459
329532.125
329573.798
329615.461
329657.122
329698.786
329740.453
329782.119
329823.782
329865.450
329907.113
329948.788
329990.446
330032.112
330073.781
330115.442
330157.108
330198.773
330240.437
330282.102
330323.768
330365.433
330407.100
330448.773
330490.431
330532.095
330573.774
330615.433
330657.094
330698.760
330740.425
330782.091
330823.756
330865.421
330907.087
330948.752
330990.419
331032.083
331073.757
331115.414
331157.079
331198.743
331240.408
331282.074
331323.739
331365.404
331407.072
331448.736
331490.402
331532.066
331573.735
331615.403
331657.064
331698.730
331740.396
331782.061
331823.726
331865.391
331907.057
331948.721
331990.386
332032.053
332073.724
332115.384
332157.050
332198.715
332240.381
332282.046
332323.711
332365.376
332407.043
332448.708
332490.374
332532.037
332573.711
332615.371
332657.036
332698.701
332740.365
332782.031
332823.696
332865.361
332907.027
332948.691
332990.358
333032.023
333073.691
333115.355
333157.021
333198.686
333240.350
333282.015
333323.681
333365.346
333407.012
333448.678
333490.344
333532.008
333573.683
333615.351
333657.004
333698.671
333740.337
333782.001
333823.666
333865.333
333906.998
333948.664
333990.331
334031.994
334073.660
334115.326
334156.990
334198.656
334240.321
334281.987
334323.653
334365.318
334406.984
334448.649
334490.315
334531.980
334573.653
334615.316
334656.977
334698.643
334740.308
334781.973
334823.637
334865.303
334906.970
334948.635
334990.302
335031.965
335073.631
335115.297
335156.962
335198.627
335240.292
335281.959
335323.624
335365.290
335406.955
335448.621
335490.285
335531.949
335573.624
335615.287
335656.946
335698.613
335740.277
335781.943
335823.608
335865.274
335906.940
335948.605
335990.270
336031.936
336073.602
336115.269
336156.933
336198.599
336240.263
336281.928
336323.594
336365.259
336406.926
336448.591
336490.257
336531.921
336573.596
336615.255
336656.919
336698.584
336740.251
336781.913
336823.574
336865.245
336906.912
336948.576
336990.242
337031.906
337073.573
337115.239
337156.903
337198.568
337240.234
337281.899
337323.566
337365.230
337406.896
337448.561
337490.228
337531.892
337573.567
337615.229
337656.888
337698.554
337740.220
337781.886
337823.550
337865.215
337906.881
337948.547
337990.214
338031.879
338073.545
338115.210
338156.874
338198.539
338240.205
338281.869
338323.536
338365.201
338406.867
338448.531
338490.199
338531.863
338573.537
338615.199
338656.861
338698.525
338740.193
338781.857
338823.523
338865.188
338906.853
338948.519
338990.185
339031.851
339073.516
339115.181
339156.846
339198.512
339240.176
339281.841
339323.508
339365.172
339406.838
339448.502
339490.170
339531.834
339573.509
339615.171
339656.832
339698.498
339740.163
339781.828
339823.495
339865.159
339906.826
339948.488
339990.156
340031.820
340073.487
340115.152
340156.818
340198.482
340240.147
340281.813
340323.479
340365.143
340406.808
340448.473
340490.141
340531.805
340573.478
340615.138
340656.802
340698.469
340740.133
340781.799
340823.464
340865.130
340906.795
340948.461
340990.126
341031.793
341073.460
341115.123
341156.789
341198.454
341240.119
341281.784
341323.449
341365.114
341406.780
341448.445
341490.112
341531.776
341573.451
341615.113
341656.772
341698.434
341740.100
341781.765
341823.429
341865.099
341906.767
341948.432
341990.099
342031.763
342073.429
342115.094
342156.759
342198.425
342240.091
342281.756
342323.421
342365.087
342406.752
342448.418
342490.084
342531.749
342573.424
342615.080
342656.745
342698.411
342740.077
342781.742
342823.406
342865.071
342906.737
342948.403
342990.068
343031.733
343073.398
343115.066
343156.740
343198.395
343240.061
343281.726
343323.392
343365.056
343406.722
343448.386
343490.054
343531.718
343573.398
343615.051
343656.717
343698.380
343740.047
343781.712
343823.376
343865.042
343906.708
343948.373
343990.038
344031.704
344073.371
344115.036
344156.701
344198.367
344240.031
344281.696
344323.363
344365.026
344406.694
344448.357
344490.025
344531.690
344573.363
344615.022
344656.686
344698.352
344740.018
344781.683
344823.349
344865.014
344906.679
344948.345
344990.010
345031.675
345073.341
345115.006
345156.673
345198.337
345240.003
345281.667
345323.333
345364.999
345406.665
345448.328
345489.995
345531.660
345573.336
345614.999
345656.657
345698.323
345739.990
345781.654
345823.319
345864.984
345906.652
345948.316
345989.982
346031.646
346073.312
346114.976
346156.643
346198.307
346239.973
346281.638
346323.303
346364.969
346406.636
346448.299
346489.966
346531.632
346573.305
346614.963
346656.628
346698.293
346739.961
346781.626
346823.289
346864.954
346906.622
346948.287
346989.952
347031.615
347073.283
347114.948
347156.612
347198.279
347239.944
347281.609
347323.275
347364.939
347406.605
347448.270
347489.938
347531.603
347573.279
347614.935
347656.599
347698.265
347739.931
347781.596
347823.260
347864.925
347906.593
347948.258
347989.923
348031.589
348073.255
348114.918
348156.585
348198.249
348239.915
348281.582
348323.245
348364.910
348406.576
348448.241
348489.908
348531.573
348573.246
348614.909
348656.571
348698.236
348739.902
348781.568
348823.232
348864.898
348906.563
348948.229
348989.895
349031.559
349073.225
349114.891
349156.555
349198.221
349239.886
349281.551
349323.218
349364.882
349406.548
349448.214
349489.880
349531.544
349573.218
349614.879
349656.541
349698.206
349739.873
349781.539
349823.203
349864.868
349906.535
349948.200
349989.866
350031.531
350073.196
350114.861
350156.527
350198.193
350239.857
350281.523
350323.188
350364.853
350406.519
350448.184
350489.851
350531.515
350573.191
350614.848
350656.512
350698.178
350739.844
350781.510
350823.174
350864.840
350906.505
350948.171
350989.836
351031.502
351073.168
351114.833
351156.499
351198.164
351239.828
351281.493
351323.159
351364.824
351406.491
351448.156
351489.822
351531.487
351573.166
351614.823
351656.484
351698.150
351739.815
351781.482
351823.147
351864.812
351906.478
351948.143
351989.808
352031.473
352073.139
352114.804
352156.469
352198.135
352239.800
352281.464
352323.130
352364.795
352406.461
352448.126
352489.793
352531.457
352573.132
352614.788
352656.455
352698.120
352739.784
352781.451
352823.116
352864.783
352906.447
352948.113
352989.779
353031.444
353073.110
353114.774
353156.440
353198.106
353239.770
353281.435
353323.101
353364.768
353406.433
353448.098
353489.763
353531.427
353573.103
353614.760
353656.426
353698.092
353739.757
353781.422
353823.088
353864.753
353906.419
353948.084
353989.749
354031.415
354073.084
354114.746
354156.411
354198.076
354239.740
354281.408
354323.072
354364.737
354406.402
354448.067
354489.735
354531.398
354573.076
354614.734
354656.396
354698.062
354739.728
354781.394
354823.057
354864.722
354906.389
354948.055
354989.721
355031.385
355073.051
355114.716
355156.381
355198.047
355239.713
355281.378
355323.042
355364.709
355406.373
355448.039
355489.705
355531.371
355573.049
355614.706
355656.366
355698.033
355739.699
355781.364
355823.029
355864.693
355906.359
355948.026
355989.691
356031.356
356073.022
356114.686
356156.352
356198.018
356239.682
356281.349
356323.013
356364.679
356406.345
356448.011
356489.676
356531.342
356573.015
356614.675
356656.338
356698.004
356739.670
356781.335
356822.999
356864.664
356906.328
356947.994
356989.664
357031.329
357072.994
357114.657
357156.323
357197.989
357239.654
357281.319
357322.985
357364.650
357406.316
357447.981
357489.649
357531.313
357572.985
357614.645
357656.308
357697.975
357739.641
357781.306
357822.971
357864.637
357906.302
357947.966
357989.631
358031.297
358072.964
358114.629
358156.295
358197.959
358239.626
358281.291
358322.957
358364.622
358406.287
358447.952
358489.618
358531.283
358572.960
358614.614
358656.280
358697.946
358739.611
358781.277
358822.942
358864.607
358906.274
358947.939
358989.603
359031.268
359072.940
359114.601
359156.265
359197.931
359239.595
359281.261
359322.932
359364.599
359406.263
359447.931
359489.590
359531.263
359572.947
359614.597
359656.258
359697.925
359739.583
359781.248
359822.911
359864.578
359906.244
359947.909
359989.574
360031.240
360072.909
360114.571
360156.236
360197.902
360239.566
360281.232
360322.901
360364.564
360406.230
360447.894
360489.561
360531.224
360572.903
360614.557
360656.223
360697.888
360739.554
360781.219
360822.884
360864.550
360906.215
360947.881
360989.549
361031.211
361072.877
361114.542
361156.208
361197.873
361239.539
361281.202
361322.869
361364.534
361406.201
361447.864
361489.536
361531.195
361572.874
361614.528
361656.193
361697.859
361739.524
361781.191
361822.863
361864.521
361906.185
361947.851
361989.516
362031.182
362072.851
362114.513
362156.178
362197.845
362239.513
362281.174
362322.841
362364.504
362406.164
362447.835
362489.497
362531.162
362572.839
362614.498
362656.164
362697.829
362739.497
362781.160
362822.825
362864.490
362906.156
362947.822
362989.494
363031.154
363072.826
363114.484
363156.150
363197.816
363239.481
363281.144
363322.810
363364.476
363406.143
363447.806
363489.478
363531.137
363572.815
363614.470
363656.135
363697.801
363739.466
363781.131
363822.797
363864.463
363906.128
363947.794
363989.464
364031.124
364072.794
364114.455
364156.120
364197.786
364239.452
364281.116
364322.783
364364.446
364406.114
364447.777
364489.450
364531.108
364572.784
364614.440
364656.106
364697.771
364739.436
364781.102
364822.768
364864.432
364906.099
364947.763
364989.433
365031.095
365072.761
365114.426
365156.090
365197.757
365239.423
365281.086
365322.752
365364.418
365406.083
365447.749
365489.422
365531.080
365572.755
365614.414
365656.075
365697.741
365739.409
365781.074
365822.738
365864.403
365906.070
365947.735
365989.402
366031.066
366072.731
366114.396
366156.061
366197.727
366239.393
366281.058
366322.723
366364.388
366406.055
366447.719
366489.386
366531.051
366572.726
366614.382
366656.048
366697.713
366739.379
366781.045
366822.711
366864.375
366906.041
366947.706
366989.379
367031.037
367072.704
367114.368
367156.033
367197.699
367239.365
367281.028
367322.696
367364.359
367406.026
367447.690
367489.363
367531.021
367572.694
367614.357
367656.019
367697.685
367739.350
367781.008
367822.674
367864.344
367906.010
367947.676
367989.347
368031.006
368072.672
368114.337
368156.003
368197.668
368239.334
368280.999
368322.666
368364.330
368405.996
368447.661
368489.326
