0.000
41.666
83.331
124.997
166.662
208.327
249.993
291.660
333.327
374.990
416.655
458.320
499.986
541.652
583.317
624.982
666.647
708.312
749.985
791.643
833.308
874.973
916.639
958.305
999.970
1041.636
1083.300
1124.967
1166.632
1208.296
1249.963
1291.629
1333.296
1374.959
1416.624
1458.290
1499.956
1541.620
1583.286
1624.952
1666.615
1708.282
1749.951
1791.613
1833.278
1874.944
1916.609
1958.274
1999.939
2041.606
2083.271
2124.935
2166.601
2208.268
2249.932
2291.599
2333.264
2374.929
2416.596
2458.261
2499.927
2541.592
2583.257
2624.923
2666.588
2708.252
2749.927
2791.582
2833.248
2874.913
2916.580
2958.244
2999.910
3041.575
3083.243
3124.905
3166.571
3208.237
3249.902
3291.568
3333.235
3374.900
3416.566
3458.231
3499.895
3541.562
3583.227
3624.892
3666.557
3708.222
3749.896
3791.553
3833.218
3874.884
3916.549
3958.214
3999.880
4041.546
4083.211
4124.876
4166.542
4208.206
4249.873
4291.539
4333.205
4374.869
4416.534
4458.200
4499.865
4541.531
4583.195
4624.861
4666.527
4708.190
4749.866
4791.523
4833.187
4874.853
4916.519
4958.184
4999.849
5041.514
5083.180
5124.847
5166.511
5208.177
5249.842
5291.510
5333.182
5374.833
5416.498
5458.174
5499.836
5541.502
5583.165
5624.833
5666.496
5708.162
5749.834
5791.493
5833.157
5874.823
5916.488
5958.154
5999.819
6041.485
6083.150
6124.816
6166.481
6208.148
6249.812
6291.478
6333.147
6374.808
6416.473
6458.140
6499.805
6541.470
6583.135
6624.801
6666.467
6708.133
6749.804
6791.462
6833.128
6874.792
6916.460
6958.123
6999.789
7041.454
7083.119
7124.784
7166.452
7208.116
7249.781
7291.446
7333.114
7374.777
7416.446
7458.110
7499.776
7541.439
7583.104
7624.772
7666.436
7708.102
7749.775
7791.433
7833.097
7874.763
7916.428
7958.095
7999.759
8041.424
8083.090
8124.756
8166.421
8208.087
8249.752
8291.425
8333.084
8374.749
8416.413
8458.081
8499.745
8541.411
8583.076
8624.741
8666.405
8708.072
8749.746
8791.403
8833.068
8874.734
8916.397
8958.065
8999.729
9041.396
9083.059
9124.727
9166.390
9208.057
9249.721
9291.388
9333.058
9374.719
9416.385
9458.048
9499.714
9541.381
9583.046
9624.712
9666.376
9708.040
9749.715
9791.371
9833.038
9874.702
9916.370
9958.033
9999.700
10041.364
10083.031
10124.694
10166.361
10208.025
10249.692
10291.359
10333.027
10374.689
10416.355
10458.021
10499.685
10541.351
10583.016
10624.682
10666.347
10708.010
10749.687
10791.341
10833.008
10874.672
10916.339
10958.003
10999.671
11041.334
11083.002
11124.664
11166.332
11207.995
11249.663
11291.328
11333.001
11374.659
11416.324
11457.989
11499.655
11541.320
11582.985
11624.651
11666.317
11707.980
11749.655
11791.311
11832.978
11874.641
11916.310
11957.972
11999.640
12041.303
12082.971
12124.634
12166.301
12207.965
12249.630
12291.297
12332.965
12374.628
12416.294
12457.960
12499.624
12541.289
12582.955
12624.620
12666.284
12707.950
12749.625
12791.281
12832.945
12874.613
12916.277
12957.944
12999.608
13041.274
13082.939
13124.603
13166.268
13207.936
13249.599
13291.267
13332.936
13374.598
13416.263
13457.927
13499.592
13541.258
13582.923
13624.589
13666.254
13707.919
13749.589
13791.251
13832.915
13874.582
13916.247
13957.911
13999.576
14041.244
14082.908
14124.574
14166.238
14207.905
14249.569
14291.237
14332.905
14374.568
14416.233
14457.898
14499.563
14541.228
14582.893
14624.559
14666.224
14707.890
14749.562
14791.219
14832.885
14874.550
14916.216
14957.882
14999.547
15041.212
15082.878
15124.543
15166.209
15207.874
15249.540
15291.206
15332.877
15374.537
15416.203
15457.868
15499.534
15541.199
15582.864
15624.531
15666.194
15707.860
15749.531
15791.192
15832.856
15874.522
15916.187
15957.851
15999.517
16041.183
16082.847
16124.514
16166.178
16207.844
16249.508
16291.176
16332.840
16374.507
16416.180
16457.838
16499.503
16541.168
16582.834
16624.499
16666.163
16707.830
16749.503
16791.159
16832.826
16874.490
16916.156
16957.820
16999.488
17041.152
17082.817
17124.482
17166.148
17207.814
17249.480
17291.148
17332.814
17374.476
17416.140
17457.808
17499.473
17541.137
17582.803
17624.468
17666.132
17707.798
17749.471
17791.130
17832.795
17874.460
17916.126
17957.792
17999.457
18041.123
18082.787
18124.452
18166.117
18207.783
18249.449
18291.120
18332.781
18374.445
18416.109
18457.775
18499.443
18541.108
18582.772
18624.437
18666.103
18707.768
18749.434
18791.099
18832.765
18874.429
18916.094
18957.759
18999.425
19041.090
19082.755
19124.422
19166.088
19207.752
19249.420
19291.087
19332.750
19374.416
19416.080
19457.745
19499.411
19541.077
19582.742
19624.449
19666.072
19707.771
19749.405
19791.094
19832.733
19874.409
19916.064
19957.733
19999.395
20041.059
20082.726
20124.386
20166.057
20207.717
20249.387
20291.055
20332.729
20374.385
20416.051
20457.717
20499.382
20541.046
20582.711
20624.378
20666.041
20707.707
20749.372
20791.038
20832.703
20874.371
20916.034
20957.701
20999.365
21041.032
21082.696
21124.362
21166.027
21207.692
21249.356
21291.023
21332.690
21374.354
21416.027
21457.686
21499.352
21541.015
21582.682
21624.345
21666.011
21707.676
21749.343
21791.007
21832.673
21874.338
21916.003
21957.668
21999.335
22041.000
22082.665
22124.330
22165.998
22207.661
22249.326
22290.995
22332.659
22374.324
22415.990
22457.656
22499.321
22540.985
22582.652
22624.315
22665.983
22707.646
22749.320
22790.978
22832.644
22874.308
22915.974
22957.638
22999.305
23040.969
23082.636
23124.300
23165.967
23207.631
23249.298
23290.967
23332.629
23374.294
23415.959
23457.625
23499.291
23540.953
23582.621
23624.285
23665.951
23707.615
23749.288
23790.946
23832.615
23874.277
23915.944
23957.608
23999.275
24040.938
24082.605
24124.269
24165.937
24207.600
24249.267
24290.933
24332.600
24374.263
24415.929
24457.595
24499.260
24540.925
24582.589
24624.256
24665.919
24707.586
24749.260
24790.917
24832.581
24874.248
24915.912
24957.578
24999.243
25040.907
25082.573
25124.239
25165.906
25207.570
25249.235
25290.903
25332.568
25374.233
25415.898
25457.564
25499.229
25540.893
25582.560
25624.226
25665.889
25707.556
25749.229
25790.887
25832.551
25874.216
25915.881
25957.547
25999.213
26040.878
26082.545
26124.210
26165.875
26207.542
26249.205
26290.874
26332.541
26374.204
26415.868
26457.534
26499.198
26540.862
26582.528
26624.196
26665.861
26707.525
26749.199
26790.856
26832.522
26874.185
26915.853
26957.518
26999.182
27040.847
27082.514
27124.179
27165.844
27207.509
27249.176
27290.841
27332.507
27374.172
27415.837
27457.503
27499.168
27540.831
27582.499
27624.164
27665.830
27707.494
27749.165
27790.825
27832.490
27874.157
27915.821
27957.486
27999.153
28040.816
28082.484
28124.149
28165.814
28207.479
28249.145
28290.809
28332.487
28374.142
28415.807
28457.473
28499.138
28540.801
28582.468
28624.133
28665.798
28707.464
28749.137
28790.794
28832.460
28874.124
28915.790
28957.455
28999.121
29040.786
29082.452
29124.123
29165.777
29207.448
29249.115
29290.784
29332.447
29374.111
29415.777
29457.443
29499.107
29540.771
29582.437
29624.102
29665.767
29707.432
29749.103
29790.765
29832.430
29874.096
29915.760
29957.424
29999.091
30040.756
30082.422
30124.087
30165.753
30207.418
30249.082
30290.750
30332.415
30374.079
30415.746
30457.412
30499.077
30540.742
30582.406
30624.072
30665.736
30707.403
30749.077
30790.735
30832.399
30874.066
30915.731
30957.396
30999.061
31040.726
31082.390
31124.056
31165.721
31207.387
31249.052
31290.718
31332.387
31374.050
31415.716
31457.383
31499.046
31540.712
31582.377
31624.043
31665.707
31707.373
31749.043
31790.704
31832.368
31874.035
31915.699
31957.366
31999.030
32040.697
32082.360
32124.028
32165.691
32207.358
32249.022
32290.687
32332.358
32374.020
32415.686
32457.351
32499.016
32540.682
32582.347
32624.012
32665.678
32707.341
32749.016
32790.672
32832.339
32874.003
32915.670
32957.334
32999.001
33040.664
33082.332
33123.995
33165.662
33207.326
33248.994
33290.658
33332.330
33373.989
33415.655
33457.321
33498.985
33540.651
33582.316
33623.982
33665.647
33707.310
33748.985
33790.642
33832.309
33873.973
33915.640
33957.303
33998.970
34040.634
34082.301
34123.965
34165.631
34207.295
34248.962
34290.628
34332.296
34373.958
34415.624
34457.290
34498.954
34540.620
34582.285
34623.951
34665.616
34707.281
34748.952
34790.612
34832.277
34873.943
34915.608
34957.273
34998.937
35040.603
35082.269
35123.934
35165.601
35207.266
35248.932
35290.597
35332.266
35373.928
35415.593
35457.259
35498.924
35540.590
35582.255
35623.921
35665.584
35707.252
35748.925
35790.582
35832.246
35873.913
35915.577
35957.243
35998.908
36040.575
36082.238
36123.906
36165.569
36207.229
36248.901
36290.562
36332.237
36373.895
36415.556
36457.222
36498.887
36540.555
36582.218
36623.886
36665.551
36707.214
36748.889
36790.550
36832.217
36873.881
36915.548
36957.212
36998.879
37040.542
37082.210
37123.873
37165.540
37207.204
37248.871
37290.537
37332.202
37373.867
37415.532
37457.199
37498.863
37540.529
37582.195
37623.860
37665.523
37707.189
37748.857
37790.521
37832.185
37873.850
37915.515
37957.181
37998.846
38040.513
38082.177
38123.843
38165.508
38207.173
38248.838
38290.510
38332.171
38373.835
38415.502
38457.167
38498.832
38540.497
38582.161
38623.829
38665.495
38707.158
38748.831
38790.489
38832.155
38873.820
38915.486
38957.151
38998.817
39040.481
39082.148
39123.813
39165.479
39207.143
39248.810
39290.474
39332.140
39373.805
39415.471
39457.138
39498.802
39540.467
39582.132
39623.798
39665.462
39707.128
39748.797
39790.460
39832.125
39873.790
39915.454
39957.120
39998.790
40040.450
40082.116
40123.782
40165.448
40207.112
40248.778
40290.445
40332.114
40373.775
40415.440
40457.108
40498.772
40540.438
40582.101
40623.767
40665.433
40707.097
40748.769
40790.429
40832.092
40873.758
40915.424
40957.089
40998.754
41040.420
41082.087
41123.750
41165.418
41207.083
41248.748
41290.415
41332.083
41373.744
41415.410
41457.076
41498.741
41540.406
41582.072
41623.736
41665.401
41707.067
41748.732
41790.398
41832.063
41873.729
41915.393
41957.059
41998.724
42040.389
42082.055
42123.720
42165.386
42207.052
42248.717
42290.384
42332.049
42373.715
42415.379
42457.044
42498.708
42540.374
42582.039
42623.705
42665.370
42707.036
42748.704
42790.367
42832.032
42873.699
42915.364
42957.030
42998.695
43040.361
43082.024
43123.689
43165.356
43207.022
43248.686
43290.355
43332.019
43373.683
43415.348
43457.015
43498.680
43540.344
43582.009
43623.674
43665.339
43707.006
43748.678
43790.338
43832.001
43873.668
43915.333
43956.999
43998.664
44040.330
44081.994
44123.661
44165.325
44206.991
44248.657
44290.323
44331.989
44373.653
44415.318
44456.984
44498.649
44540.314
44581.980
44623.645
44665.310
44706.975
44748.640
44790.306
44831.971
44873.637
44915.302
44956.967
44998.632
45040.298
45081.964
45123.630
45165.294
45206.960
45248.625
45290.292
45331.960
45373.623
45415.288
45456.955
45498.619
45540.283
45581.948
45623.616
45665.280
45706.944
45748.616
45790.276
45831.940
45873.606
45915.272
45956.939
45998.603
46040.268
46081.933
46123.598
46165.264
46206.930
46248.594
46290.262
46331.927
46373.593
46415.258
46456.923
46498.589
46540.253
46581.919
46623.584
46665.248
46706.915
46748.584
46790.247
46831.910
46873.577
46915.242
46956.908
46998.573
47040.239
47081.902
47123.569
47165.235
47206.900
47248.566
47290.231
47331.896
47373.562
47415.227
47456.892
47498.558
47540.223
47581.889
47623.555
47665.217
47706.885
47748.551
47790.214
47831.879
47873.545
47915.210
47956.876
47998.541
48040.206
48081.871
48123.537
48165.203
48206.869
48248.535
48290.200
48331.865
48373.531
48415.195
48456.862
48498.527
48540.192
48581.857
48623.521
48665.187
48706.854
48748.521
48790.184
48831.849
48873.514
48915.180
48956.845
48998.510
49040.178
49081.841
49123.508
49165.174
49206.839
49248.505
49290.174
49331.835
49373.500
49415.165
49456.832
49498.497
49540.162
49581.828
49623.493
49665.156
49706.824
49748.489
49790.154
49831.818
49873.483
49915.149
49956.816
49998.482
50040.147
50081.810
50123.478
50165.143
50206.808
50248.474
50290.145
50331.804
50373.469
50415.134
50456.801
50498.466
50540.130
50581.795
50623.461
50665.126
50706.792
50748.456
50790.122
50831.786
50873.454
50915.119
50956.784
50998.449
51040.114
51081.779
51123.445
51165.111
51206.776
51248.441
51290.109
51331.778
51373.439
51415.104
51456.770
51498.436
51540.100
51581.766
51623.430
51665.096
51706.761
51748.427
51790.093
51831.757
51873.423
51915.087
51956.753
51998.419
52040.084
52081.749
52123.416
52165.080
52206.746
52248.413
52290.080
52331.744
52373.409
52415.074
52456.740
52498.405
52540.069
52581.733
52623.400
52665.065
52706.729
52748.395
52790.062
52831.726
52873.393
52915.058
52956.723
52998.387
53040.055
53081.718
53123.385
53165.050
53206.715
53248.380
53290.047
53331.714
53373.378
53415.042
53456.708
53498.374
53540.039
53581.704
53623.369
53665.034
53706.700
53748.365
53790.031
53831.695
53873.362
53915.026
53956.693
53998.357
54040.023
54081.688
54123.354
54165.019
54206.684
54248.351
54290.017
54331.681
54373.347
54415.012
54456.678
54498.343
54540.008
54581.672
54623.338
54665.003
54706.669
54748.334
54790.000
54831.666
54873.330
54914.996
54956.661
54998.327
55039.991
55081.658
55123.322
55164.990
55206.654
55248.319
55289.986
55331.654
55373.316
55414.981
55456.647
55498.313
55539.977
55581.641
55623.308
55664.973
55706.639
55748.305
55789.970
55831.634
55873.301
55914.965
55956.630
55998.295
56039.960
56081.626
56123.292
56164.958
56206.623
56248.289
56289.955
56331.620
56373.286
56414.951
56456.617
56498.282
56539.946
56581.610
56623.277
56664.943
56706.609
56748.277
56789.938
56831.603
56873.268
56914.935
56956.601
56998.266
57039.932
57081.596
57123.261
57164.927
57206.592
57248.258
57289.924
57331.590
57373.255
57414.920
57456.586
57498.250
57539.916
57581.580
57623.247
57664.912
57706.577
57748.246
57789.907
57831.573
57873.239
57914.904
57956.570
57998.235
58039.900
58081.565
58123.230
58164.897
58206.562
58248.228
58289.894
58331.560
58373.225
58414.890
58456.555
58498.220
58539.886
58581.550
58623.215
58664.881
58706.547
58748.211
58789.877
58831.541
58873.207
58914.873
58956.538
58998.204
59039.872
59081.535
59123.199
59164.866
59206.530
59248.197
59289.863
59331.532
59373.193
59414.858
59456.525
59498.190
59539.855
59581.519
59623.186
59664.850
59706.516
59748.184
59789.847
59831.511
59873.178
59914.843
59956.508
59998.174
60039.838
60081.504
60123.169
60164.835
60206.500
60248.167
60289.833
60331.498
60373.162
60414.827
60456.494
60498.159
60539.825
60581.488
60623.155
60664.820
60706.486
60748.155
60789.817
60831.481
60873.147
60914.812
60956.478
60998.142
61039.808
61081.473
61123.138
61164.805
61206.470
61248.136
61289.802
61331.473
61373.133
61414.797
61456.465
61498.129
61539.794
61581.459
61623.125
61664.789
61706.454
61748.122
61789.786
61831.450
61873.117
61914.781
61956.448
61998.112
62039.778
62081.442
62123.109
62164.773
62206.440
62248.106
62289.771
62331.440
62373.103
62414.767
62456.433
62498.098
62539.764
62581.427
62623.094
62664.759
62706.425
62748.089
62789.757
62831.420
62873.087
62914.751
62956.418
62998.081
63039.749
63081.412
63123.077
63164.743
63206.409
63248.075
63289.741
63331.406
63373.071
63414.737
63456.403
63498.068
63539.734
63581.397
63623.062
63664.728
63706.395
63748.065
63789.726
63831.390
63873.055
63914.720
63956.385
63998.052
64039.717
64081.382
64123.046
64164.712
64206.378
64248.043
64289.710
64331.380
64373.041
64414.706
64456.372
64498.038
64539.704
64581.367
64623.032
64664.697
64706.363
64748.035
64789.695
64831.358
64873.023
64914.689
64956.355
64998.020
65039.685
65081.350
65123.018
65164.683
65206.348
65248.013
65289.681
65331.345
65373.009
65414.674
65456.340
65498.005
65539.670
65581.335
65623.001
65664.666
65706.331
65748.004
65789.663
65831.328
65872.994
65914.658
65956.325
65997.989
66039.654
66081.319
66122.985
66164.651
66206.316
66247.982
66289.649
66331.314
66372.979
66414.644
66456.310
66497.976
66539.640
66581.305
66622.970
66664.636
66706.301
66747.973
66789.634
66831.297
66872.962
66914.628
66956.294
66997.958
67039.623
67081.289
67122.955
67164.622
67206.287
67247.952
67289.618
67331.288
67372.948
67414.614
67456.273
67497.940
67539.608
67581.275
67622.934
67664.640
67706.265
67747.978
67789.596
67831.274
67872.926
67914.616
67956.262
67997.928
68039.595
68081.257
68122.924
68164.591
68206.256
68247.922
68289.588
68331.257
68372.918
68414.582
68456.249
68497.913
68539.579
68581.243
68622.909
68664.568
68706.239
68747.900
68789.570
68831.235
68872.901
68914.566
68956.232
68997.897
69039.562
69081.228
69122.894
69164.561
69206.226
69247.891
69289.558
69331.222
69372.886
69414.551
69456.216
69497.883
69539.550
69581.213
69622.878
69664.543
69706.208
69747.878
69789.540
69831.205
69872.871
69914.536
69956.201
69997.867
70039.532
70081.197
70122.862
70164.528
70206.194
70247.859
70289.526
70331.191
70372.855
70414.522
70456.188
70497.853
70539.517
70581.182
70622.847
70664.513
70706.178
70747.848
70789.510
70831.175
70872.840
70914.506
70956.171
70997.836
71039.502
71081.167
71122.832
71164.499
71206.165
71247.831
71289.495
71331.161
71372.826
71414.492
71456.158
71497.822
71539.488
71581.154
71622.817
71664.482
71706.148
71747.817
71789.478
71831.144
71872.809
71914.474
71956.140
71997.805
72039.470
72081.136
72122.802
72164.468
72206.134
72247.800
72289.467
72331.130
72372.795
72414.461
72456.127
72497.792
72539.458
72581.123
72622.788
72664.451
72706.118
72747.788
72789.449
72831.112
72872.780
72914.443
72956.111
72997.774
73039.442
73081.106
73122.771
73164.438
73206.104
73247.768
73289.434
73331.100
73372.765
73414.430
73456.096
73497.761
73539.426
73581.092
73622.757
73664.421
73706.088
73747.756
73789.419
73831.082
73872.749
73914.413
73956.080
73997.744
74039.411
74081.074
74122.740
74164.407
74206.071
74247.738
74289.404
74331.073
74372.734
74414.399
74456.065
74497.730
74539.396
74581.059
74622.725
74664.389
74706.056
74747.722
74789.388
74831.051
74872.716
74914.382
74956.048
74997.715
75039.379
75081.045
75122.709
75164.375
75206.041
75247.705
75289.373
75331.043
75372.704
75414.368
75456.035
75497.700
75539.365
75581.031
75622.695
75664.359
75706.026
75747.692
75789.358
75831.022
75872.689
75914.351
75956.017
75997.684
76039.349
76081.014
76122.679
76164.346
76206.012
76247.676
76289.343
76331.007
76372.673
76414.338
76456.004
76497.670
76539.334
76580.999
76622.663
76664.330
76705.995
76747.664
76789.327
76830.990
76872.658
76914.321
76955.988
76997.651
77039.319
77080.983
77122.648
77164.316
77205.981
77247.646
77289.311
77330.976
77372.640
77414.307
77455.973
77497.637
77539.302
77580.968
77622.634
77664.300
77705.964
77747.631
77789.294
77830.960
77872.625
77914.291
77955.957
77997.620
78039.286
78080.951
78122.617
78164.284
78205.949
78247.614
78289.283
78330.949
78372.609
78414.275
78455.941
78497.606
78539.272
78580.938
78622.603
78664.267
78705.933
78747.598
78789.263
78830.929
78872.594
78914.260
78955.927
78997.590
79039.255
79080.921
79122.587
79164.252
79205.918
79247.583
79289.251
79330.922
79372.580
79414.244
79455.914
79497.577
79539.242
79580.905
79622.572
79664.236
79705.903
79747.568
79789.232
79830.898
79872.565
79914.230
79955.896
79997.560
80039.225
80080.890
80122.556
80164.222
80205.887
80247.552
80289.220
80330.886
80372.550
80414.216
80455.882
80497.546
80539.210
80580.877
80622.540
80664.206
80705.872
80747.537
80789.203
80830.867
80872.533
80914.200
80955.864
80997.529
81039.196
81080.860
81122.525
81164.191
81205.857
81247.523
81289.189
81330.857
81372.519
81414.184
81455.851
81497.515
81539.180
81580.846
81622.510
81664.175
81705.841
81747.506
81789.172
81830.838
81872.504
81914.168
81955.833
81997.499
82039.164
82080.829
82122.495
82164.162
82205.827
82247.492
82289.158
82330.826
82372.487
82414.154
82455.819
82497.484
82539.150
82580.814
82622.481
82664.145
82705.810
82747.476
82789.142
82830.806
82872.471
82914.137
82955.804
82997.468
83039.134
83080.799
83122.464
83164.130
83205.796
83247.462
83289.127
83330.793
83372.458
83414.123
83455.789
83497.454
83539.120
83580.785
83622.450
83664.114
83705.781
83747.445
83789.110
83830.775
83872.441
83914.106
83955.772
83997.437
84039.103
84080.767
84122.433
84164.100
84205.766
84247.431
84289.098
84330.766
84372.427
84414.093
84455.758
84497.424
84539.089
84580.753
84622.420
84664.084
84705.750
84747.414
84789.079
84830.745
84872.411
84914.076
84955.742
84997.407
85039.073
85080.736
85122.403
85164.068
85205.734
85247.400
85289.066
85330.732
85372.396
85414.061
85455.728
85497.393
85539.058
85580.722
85622.388
85664.052
85705.718
85747.382
85789.050
85830.715
85872.380
85914.046
85955.710
85997.376
86039.041
86080.705
86122.372
86164.037
86205.702
86247.369
86289.035
86330.700
86372.366
86414.031
86455.697
86497.361
86539.027
86580.691
86622.358
86664.021
86705.687
86747.354
86789.019
86830.683
86872.349
86914.014
86955.681
86997.344
87039.011
87080.675
87122.341
87164.006
87205.672
87247.337
87289.005
87330.670
87372.335
87414.000
87455.666
87497.331
87538.996
87580.661
87622.328
87663.991
87705.657
87747.324
87788.988
87830.654
87872.320
87913.983
87955.649
87997.316
88038.980
88080.645
88122.311
88163.977
88205.643
88247.308
88288.974
88330.642
88372.304
88413.971
88455.636
88497.301
88538.966
88580.632
88622.297
88663.960
88705.627
88747.291
88788.956
88830.622
88872.288
88913.953
88955.619
88997.284
89038.951
89080.616
89122.279
89163.946
89205.611
89247.278
89288.946
89330.609
89372.274
89413.939
89455.604
89497.270
89538.935
89580.601
89622.266
89663.930
89705.597
89747.261
89788.927
89830.591
89872.259
89913.922
89955.589
89997.253
90038.920
90080.584
90122.249
90163.914
90205.581
90247.247
90288.913
90330.578
90372.244
90413.908
90455.574
90497.240
90538.904
90580.570
90622.235
90663.900
90705.566
90747.231
90788.896
90830.561
90872.227
90913.892
90955.558
90997.222
91038.888
91080.552
91122.219
91163.884
91205.549
91247.216
91288.882
91330.548
91372.212
91413.876
91455.542
91497.208
91538.872
91580.538
91622.204
91663.868
91705.535
91747.200
91788.866
91830.530
91872.197
91913.860
91955.527
91997.191
92038.858
92080.522
92122.188
92163.854
92205.518
92247.185
92288.851
92330.519
92372.181
92413.847
92455.512
92497.178
92538.843
92580.509
92622.174
92663.837
92705.504
92747.169
92788.833
92830.502
92872.165
92913.830
92955.497
92997.161
93038.826
93080.491
93122.158
93163.822
93205.489
93247.154
93288.819
93330.497
93372.149
93413.816
93455.482
93497.147
93538.811
93580.477
93622.144
93663.808
93705.473
93747.137
93788.805
93830.470
93872.136
93913.800
93955.466
93997.130
94038.797
94080.462
94122.126
94163.794
94205.457
94247.123
94288.791
94330.463
94372.120
94413.786
94455.451
94497.116
94538.782
94580.448
94622.112
94663.776
94705.443
94747.108
94788.774
94830.437
94872.105
94913.768
94955.436
94997.099
95038.767
95080.430
95122.096
95163.763
95205.429
95247.093
95288.759
95330.427
95372.090
95413.755
95455.421
95497.087
95538.751
95580.416
95622.082
95663.746
95705.413
95747.078
95788.743
95830.407
95872.074
95913.738
95955.405
95997.069
96038.736
96080.400
96122.065
96163.732
96205.397
96247.063
96288.728
96330.394
96372.059
96413.724
96455.390
96497.055
96538.721
96580.386
96622.049
96663.715
96705.382
96747.046
96788.712
96830.376
96872.044
96913.707
96955.374
96997.038
97038.705
97080.369
97122.034
97163.701
97205.367
97247.032
97288.697
97330.366
97372.029
97413.693
97455.360
97497.025
97538.689
97580.355
97622.019
97663.685
97705.350
97747.016
97788.682
97830.346
97872.012
97913.677
97955.342
97997.009
98038.672
98080.337
98122.004
98163.669
98205.334
98247.000
98288.667
98330.333
98371.996
98413.662
98455.329
98496.994
98538.657
98580.324
98621.989
98663.649
98705.313
98746.979
98788.644
98830.315
98871.984
98913.646
98955.312
98996.971
99038.637
99080.307
99121.968
99163.635
99205.304
99246.970
99288.636
99330.305
99371.966
99413.633
99455.299
99496.964
99538.627
99580.293
99621.958
99663.623
99705.288
99746.955
99788.621
99830.284
99871.950
99913.616
99955.280
99996.947
100038.612
100080.276
100121.942
100163.608
100205.273
100246.938
100288.606
100330.277
100371.936
100413.601
100455.269
100496.933
100538.596
100580.262
100621.928
100663.592
100705.258
100746.923
100788.588
100830.254
100871.921
100913.584
100955.251
100996.915
101038.581
101080.247
101121.912
101163.577
101205.242
101246.908
101288.575
101330.247
101371.906
101413.569
101455.236
101496.900
101538.566
101580.230
101621.895
101663.562
101705.227
101746.893
101788.557
101830.223
101871.889
101913.554
101955.219
101996.884
102038.551
102080.215
102121.880
102163.546
102205.212
102246.878
102288.545
102330.209
102371.874
102413.539
102455.206
102496.870
102538.535
102580.202
102621.866
102663.531
102705.198
102746.861
102788.529
102830.192
102871.858
102913.523
102955.189
102996.855
103038.520
103080.185
103121.851
103163.517
103205.182
103246.847
103288.513
103330.182
103371.844
103413.509
103455.175
103496.839
103538.504
103580.170
103621.835
103663.500
103705.165
103746.831
103788.497
103830.161
103871.827
103913.493
103955.158
103996.823
104038.490
104080.154
104121.820
104163.487
104205.151
104246.817
104288.487
104330.148
104371.813
104413.477
104455.144
104496.810
104538.476
104580.140
104621.806
104663.470
104705.137
104746.800
104788.467
104830.131
104871.798
104913.461
104955.129
104996.793
105038.459
105080.123
105121.789
105163.456
105205.121
105246.787
105288.452
105330.118
105371.782
105413.447
105455.113
105496.778
105538.444
105580.109
105621.775
105663.439
105705.104
105746.770
105788.436
105830.100
105871.767
105913.431
105955.096
105996.761
106038.428
106080.093
106121.759
106163.424
106205.090
106246.755
106288.421
106330.091
106371.753
106413.417
106455.083
106496.748
106538.413
106580.079
106621.744
106663.408
106705.075
106746.739
106788.406
106830.070
106871.736
106913.400
106955.068
106996.731
107038.398
107080.062
107121.727
107163.394
107205.060
107246.726
107288.392
107330.056
107371.721
107413.386
107455.052
107496.716
107538.381
107580.046
107621.712
107663.377
107705.043
107746.710
107788.374
107830.040
107871.704
107913.371
107955.036
107996.700
108038.367
108080.031
108121.697
108163.362
108205.027
108246.694
108288.360
108330.025
108371.691
108413.356
108455.022
108496.687
108538.352
108580.017
108621.681
108663.346
108705.012
108746.679
108788.344
108830.010
108871.674
108913.340
108955.005
108996.671
109038.336
109080.001
109121.667
109163.332
109204.998
109246.662
109288.329
109329.998
109371.658
109413.324
109454.993
109496.655
109538.320
109579.987
109621.652
109663.316
109704.982
109746.647
109788.315
109829.977
109871.643
109913.308
109954.974
109996.638
110038.304
110079.970
110121.635
110163.301
110204.967
110246.632
110288.299
110329.967
110371.629
110413.294
110454.960
110496.625
110538.290
110579.955
110621.621
110663.286
110704.951
110746.618
110788.282
110829.947
110871.613
110913.277
110954.944
110996.608
111038.273
111079.939
111121.605
111163.271
111204.936
111246.602
111288.269
111329.932
111371.597
111413.262
111454.929
111496.594
111538.260
111579.924
111621.590
111663.255
111704.919
111746.586
111788.252
111829.916
111871.581
111913.247
111954.913
111996.577
112038.244
112079.909
112121.575
112163.239
112204.904
112246.572
112288.237
112329.903
112371.565
112413.231
112454.898
112496.563
112538.228
112579.893
112621.558
112663.223
112704.889
112746.555
112788.220
112829.885
112871.552
112913.215
112954.881
112996.546
113038.211
113079.877
113121.543
113163.209
113204.874
113246.539
113288.206
113329.873
113371.536
113413.202
113454.866
113496.531
113538.197
113579.861
113621.529
113663.192
113704.859
113746.523
113788.189
113829.854
113871.521
113913.185
113954.850
113996.515
114038.181
114079.846
114121.511
114163.177
114204.843
114246.508
114288.178
114329.840
114371.506
114413.171
114454.835
114496.501
114538.168
114579.832
114621.496
114663.163
114704.828
114746.493
114788.159
114829.824
114871.491
114913.154
114954.819
114996.486
115038.152
115079.817
115121.482
115163.148
115204.813
115246.479
115288.145
115329.810
115371.475
115413.142
115454.806
115496.470
115538.136
115579.802
115621.468
115663.132
115704.798
115746.463
115788.129
115829.793
115871.460
115913.125
115954.791
115996.455
116038.121
116079.786
116121.452
116163.117
116204.782
116246.447
116288.114
116329.780
116371.445
116413.111
116454.777
116496.441
116538.104
116579.771
116621.436
116663.101
116704.768
116746.432
116788.099
116829.762
116871.429
116913.093
116954.759
116996.424
117038.090
117079.755
117121.420
117163.087
117204.753
117246.418
117288.084
117329.755
117371.414
117413.080
117454.745
117496.410
117538.074
117579.742
117621.406
117663.071
117704.737
117746.401
117788.068
117829.732
117871.398
117913.063
117954.727
117996.394
118038.060
118079.725
118121.390
118163.056
118204.722
118246.387
118288.053
118329.718
118371.383
118413.049
118454.714
118496.379
118538.045
118579.709
118621.374
118663.039
118704.705
118746.370
118788.035
118829.701
118871.368
118913.032
118954.698
118996.363
119038.027
119079.693
119121.358
119163.025
119204.691
119246.356
119288.022
119329.689
119371.351
119413.018
119454.683
119496.348
119538.014
119579.679
119621.343
119663.009
119704.674
119746.339
119788.005
119829.670
119871.338
119913.002
119954.668
119996.333
120037.997
120079.664
120121.328
120162.994
120204.659
120246.324
120287.991
120329.660
120371.322
120412.986
120454.653
120496.319
120537.984
120579.650
120621.314
120662.978
120704.645
120746.309
120787.976
120829.640
120871.306
120912.970
120954.636
120996.301
121037.968
121079.632
121121.298
121162.963
121204.629
121246.296
121287.961
121329.629
121371.291
121412.956
121454.622
121496.286
121537.953
121579.617
121621.283
121662.948
121704.613
121746.278
121787.944
121829.609
121871.274
121912.939
121954.605
121996.272
122037.937
122079.601
122121.268
122162.933
122204.598
122246.263
122287.930
122329.596
122371.260
122412.926
122454.591
122496.257
122537.922
122579.587
122621.253
122662.917
122704.583
122746.248
122787.913
122829.579
122871.244
122912.909
122954.573
122996.240
123037.906
123079.571
123121.236
123162.902
123204.567
123246.232
123287.900
123329.568
123371.230
123412.895
123454.562
123496.226
123537.891
123579.556
123621.221
123662.885
123704.552
123746.218
123787.883
123829.548
123871.213
123912.879
123954.545
123996.209
124037.876
124079.540
124121.205
124162.871
124204.538
124246.203
124287.868
124329.536
124371.199
124412.864
124454.531
124496.196
124537.861
124579.526
124621.191
124662.855
124704.522
124746.187
124787.852
124829.511
124871.182
124912.842
124954.513
124996.173
125037.838
125079.509
125121.174
125162.835
125204.506
125246.173
125287.840
125329.504
125371.169
125412.833
125454.499
125496.164
125537.829
125579.495
125621.161
125662.825
125704.490
125746.156
125787.821
125829.486
125871.151
125912.819
125954.489
125996.147
126037.815
126079.479
126121.143
126162.810
126204.475
126246.140
126287.807
126329.472
126371.137
126412.802
126454.468
126496.133
126537.799
126579.464
126621.129
126662.794
126704.460
126746.124
126787.790
126829.456
126871.122
126912.785
126954.453
126996.116
127037.783
127079.448
127121.114
127162.779
127204.444
127246.110
127287.778
127329.445
127371.107
127412.773
127454.438
127496.103
127537.768
127579.433
127621.099
127662.763
127704.430
127746.094
127787.759
127829.424
127871.091
127912.756
127954.421
127996.087
128037.752
128079.417
128121.084
128162.748
128204.413
128246.079
128287.746
128329.409
128371.076
128412.741
128454.407
128496.072
128537.736
128579.402
128621.067
128662.732
128704.398
128746.064
128787.729
128829.393
128871.060
128912.724
128954.391
128996.055
129037.722
129079.387
129121.051
129162.718
129204.383
129246.049
129287.719
129329.380
129371.043
129412.709
129454.376
129496.042
129537.707
129579.372
129621.038
129662.702
129704.367
129746.033
129787.700
129829.363
129871.029
129912.693
129954.360
129996.025
130037.691
130079.357
130121.020
130162.687
130204.352
130246.019
130287.686
130329.349
130371.016
130412.678
130454.344
130496.012
130537.675
130579.341
130621.006
130662.671
130704.337
130746.002
130787.668
130829.333
130870.998
130912.663
130954.330
130995.994
131037.660
131079.325
131120.991
131162.655
131204.321
131245.987
131287.655
131329.319
131370.984
131412.648
131454.314
131495.978
131537.644
131579.310
131620.975
131662.639
131704.306
131745.970
131787.636
131829.301
131870.967
131912.633
131954.299
131995.963
132037.630
132079.294
132120.960
132162.626
132204.291
132245.957
132287.623
132329.290
132370.952
132412.617
132454.284
132495.947
132537.613
132579.278
132620.946
132662.609
132704.276
132745.940
132787.607
132829.271
132870.937
132912.602
132954.267
132995.933
133037.600
133079.263
133120.929
133162.593
133204.260
133245.926
133287.593
133329.257
133370.923
133412.587
133454.253
133495.918
133537.580
133579.249
133620.914
133662.579
133704.245
133745.910
133787.576
133829.242
133870.907
133912.572
133954.238
133995.902
134037.569
134079.233
134120.899
134162.564
134204.229
134245.894
134287.561
134329.229
134370.891
134412.556
134454.223
134495.887
134537.553
134579.218
134620.884
134662.548
134704.215
134745.878
134787.546
134829.209
134870.876
134912.540
134954.207
134995.871
135037.537
135079.202
135120.867
135162.533
135204.198
135245.864
135287.531
135329.198
135370.861
135412.527
135454.192
135495.857
135537.524
135579.188
135620.853
135662.517
135704.183
135745.848
135787.515
135829.179
135870.845
135912.510
135954.175
135995.841
136037.506
136079.172
136120.836
136162.502
136204.168
136245.834
136287.500
136329.168
136370.830
136412.496
136454.160
136495.826
136537.491
136579.156
136620.821
136662.491
136704.154
136745.818
136787.484
136829.148
136870.816
136912.479
136954.146
136995.810
137037.478
137079.141
137120.806
137162.471
137204.139
137245.805
137287.470
137329.135
137370.801
137412.465
137454.131
137495.796
137537.461
137579.128
137620.793
137662.457
137704.123
137745.787
137787.454
137829.118
137870.783
137912.449
137954.116
137995.779
138037.447
138079.110
138120.775
138162.441
138204.106
138245.772
138287.440
138329.102
138370.770
138412.433
138454.101
138495.767
138537.430
138579.096
138620.760
138662.426
138704.092
138745.758
138787.422
138829.087
138870.755
138912.418
138954.085
138995.749
139037.415
139079.079
139120.744
139162.411
139204.075
139245.741
139287.409
139329.078
139370.737
139412.402
139454.070
139495.734
139537.400
139579.064
139620.729
139662.394
139704.060
139745.727
139787.391
139829.057
139870.723
139912.386
139954.052
139995.717
140037.384
140079.048
140120.713
140162.379
140204.045
140245.711
140287.377
140329.045
140370.708
140412.373
140454.040
140495.704
140537.370
140579.035
140620.700
140662.364
140704.031
140745.696
140787.363
140829.025
140870.692
140912.356
140954.024
140995.687
141037.354
141079.018
141120.683
141162.351
141204.016
141245.681
141287.347
141329.015
141370.677
141412.343
141454.009
141495.674
141537.339
141579.005
141620.669
141662.333
141704.000
141745.664
141787.331
141828.994
141870.660
141912.325
141953.992
141995.656
142037.322
142078.987
142120.654
142162.320
142203.985
142245.651
142287.316
142328.984
142370.647
142412.312
142453.977
142495.643
142537.308
142578.974
142620.639
142662.303
142703.970
142745.633
142787.301
142828.964
142870.632
142912.295
142953.962
142995.626
143037.293
143078.956
143120.621
143162.286
143203.952
143245.617
143287.286
143328.948
143370.616
143412.281
143453.947
143495.612
143537.276
143578.942
143620.608
143662.271
143703.936
143745.602
143787.268
143828.934
143870.600
143912.263
143953.930
143995.595
144037.261
144078.926
144120.591
144162.257
144203.923
144245.589
144287.256
144328.920
144370.585
144412.249
144453.916
144495.581
144537.246
144578.911
144620.576
144662.241
144703.908
144745.572
144787.237
144828.902
144870.569
144912.235
144953.899
144995.565
145037.231
145078.895
145120.560
145162.226
145203.891
145245.557
145287.226
145328.888
145370.552
145412.218
145453.885
145495.550
145537.214
145578.879
145620.545
145662.210
145703.876
145745.541
145787.201
145828.867
145870.538
145912.203
145953.864
145995.528
146037.195
146078.863
146120.530
146162.194
146203.861
146245.525
146287.193
146328.869
146370.524
146412.190
146453.855
146495.520
146537.185
146578.850
146620.518
146662.181
146703.848
146745.511
146787.179
146828.841
146870.508
146912.172
146953.839
146995.503
147037.169
147078.835
147120.499
147162.165
147203.831
147245.495
147287.162
147328.827
147370.491
147412.156
147453.822
147495.489
147537.154
147578.819
147620.485
147662.148
147703.814
147745.480
147787.145
147828.810
147870.476
147912.141
147953.808
147995.472
148037.138
148078.804
148120.469
148162.135
148203.800
148245.466
148287.131
148328.801
148370.462
148412.127
148453.792
148495.456
148537.123
148578.788
148620.453
148662.118
148703.783
148745.449
148787.115
148828.779
148870.444
148912.110
148953.775
148995.441
149037.106
149078.772
149120.437
149162.103
149203.769
149245.434
149287.104
149328.769
149370.430
149412.096
149453.762
149495.425
149537.092
149578.758
149620.423
149662.088
149703.754
149745.418
149787.084
149828.749
149870.414
149912.079
149953.746
149995.410
150037.076
150078.742
150120.406
150162.072
150203.737
150245.402
150287.071
150328.735
150370.400
150412.066
150453.732
150495.396
150537.060
150578.725
150620.391
150662.057
150703.723
150745.388
150787.053
150828.720
150870.383
150912.049
150953.715
150995.380
151037.045
151078.711
151120.376
151162.043
151203.708
151245.373
151287.039
151328.706
151370.368
151412.033
151453.701
151495.366
151537.030
151578.695
151620.360
151662.026
151703.691
151745.358
151787.024
151828.689
151870.354
151912.020
151953.684
151995.351
152037.014
152078.681
152120.346
152162.012
152203.677
152245.343
152287.008
152328.674
152370.340
152412.005
152453.670
152495.336
152537.001
152578.667
152620.330
152661.998
152703.661
152745.328
152786.993
152828.658
152870.322
152912.035
152953.653
152995.355
153036.984
153078.678
153120.314
153161.982
153203.647
153245.313
153286.978
153328.643
153370.309
153411.972
153453.641
153495.305
153536.970
153578.635
153620.299
153661.960
153703.630
153745.296
153786.961
153828.626
153870.293
153911.956
153953.622
153995.288
154036.953
154078.618
154120.283
154161.951
154203.616
154245.281
154286.948
154328.615
154370.278
154411.943
154453.608
154495.275
154536.939
154578.605
154620.269
154661.934
154703.600
154745.265
154786.931
154828.596
154870.262
154911.926
154953.592
154995.257
155036.922
155078.588
155120.253
155161.919
155203.586
155245.250
155286.920
155328.586
155370.247
155411.912
155453.577
155495.243
155536.908
155578.573
155620.239
155661.903
155703.570
155745.234
155786.900
155828.565
155870.231
155911.896
155953.561
155995.226
156036.892
156078.557
156120.222
156161.890
156203.554
156245.219
156286.886
156328.555
156370.217
156411.883
156453.547
156495.212
156536.878
156578.544
156620.208
156661.873
156703.538
156745.203
156786.870
156828.535
156870.200
156911.865
156953.531
156995.196
157036.861
157078.527
157120.193
157161.858
157203.523
157245.188
157286.855
157328.525
157370.185
157411.851
157453.517
157495.182
157536.847
157578.512
157620.178
157661.841
157703.507
157745.174
157786.839
157828.504
157870.170
157911.834
157953.499
157995.164
158036.832
158078.496
158120.161
158161.827
158203.493
158245.157
158286.825
158328.495
158370.156
158411.821
158453.490
158495.151
158536.817
158578.482
158620.148
158661.811
158703.481
158745.143
158786.809
158828.472
158870.139
158911.803
158953.470
158995.134
159036.799
159078.465
159120.132
159161.798
159203.463
159245.128
159286.797
159328.466
159370.125
159411.790
159453.455
159495.121
159536.786
159578.451
159620.117
159661.781
159703.448
159745.111
159786.778
159828.442
159870.109
159911.773
159953.440
159995.103
160036.770
160078.434
160120.101
160161.766
160203.432
160245.098
160286.763
160328.435
160370.094
160411.759
160453.425
160495.090
160536.757
160578.420
160620.086
160661.749
160703.416
160745.082
160786.747
160828.411
160870.077
160911.742
160953.409
160995.073
161036.739
161078.404
161120.069
161161.736
161203.402
161245.067
161286.732
161328.403
161370.063
161411.728
161453.394
161495.059
161536.725
161578.390
161620.056
161661.719
161703.385
161745.051
161786.716
161828.381
161870.047
161911.711
161953.378
161995.042
162036.708
162078.372
162120.039
162161.704
162203.372
162245.036
162286.702
162328.370
162370.033
162411.698
162453.363
162495.028
162536.694
162578.359
162620.025
162661.688
162703.355
162745.021
162786.686
162828.350
162870.016
162911.680
162953.348
162995.011
163036.678
163078.342
163120.009
163161.675
163203.338
163245.005
163286.671
163328.343
163370.001
163411.667
163453.333
163494.996
163536.664
163578.329
163619.994
163661.657
163703.324
163744.990
163786.655
163828.319
163869.987
163911.649
163953.317
163994.980
164036.647
164078.312
164119.979
164161.644
164203.310
164244.974
164286.641
164328.308
164369.971
164411.637
164453.301
164494.967
164536.633
164578.297
164619.963
164661.627
164703.294
164744.960
164786.625
164828.288
164869.955
164911.619
164953.287
164994.950
165036.617
165078.281
165119.948
165161.613
165203.279
165244.944
165286.610
165328.278
165369.940
165411.606
165453.269
165494.937
165536.602
165578.267
165619.933
165661.597
165703.263
165744.929
165786.594
165828.258
165869.925
165911.588
165953.256
165994.919
166036.586
166078.250
166119.917
166161.583
166203.248
166244.913
166286.579
166328.247
166369.910
166411.575
166453.240
166494.904
166536.571
166578.236
166619.902
166661.566
166703.231
166744.898
166786.562
166828.227
166869.893
166911.557
166953.223
166994.888
167036.555
167078.220
167119.885
167161.552
167203.218
167244.883
167286.549
167328.213
167369.880
167411.543
167453.210
167494.875
167536.538
167578.204
167619.871
167661.535
167703.201
167744.868
167786.531
167828.196
167869.862
167911.527
167953.193
167994.857
168036.524
168078.188
168119.855
168161.521
168203.185
168244.851
168286.518
168328.186
168369.847
168411.513
168453.178
168494.844
168536.508
168578.173
168619.838
168661.504
168703.171
168744.835
168786.500
168828.165
168869.831
168911.496
168953.161
168994.827
169036.493
169078.158
169119.823
169161.490
169203.155
169244.820
169286.497
169328.153
169369.817
169411.481
169453.147
169494.812
169536.476
169578.143
169619.808
169661.473
169703.140
169744.805
169786.471
169828.135
169869.801
169911.465
169953.130
169994.797
170036.463
170078.127
170119.792
170161.458
170203.124
170244.789
170286.455
170328.120
170369.786
170411.450
170453.116
170494.780
170536.448
170578.113
170619.778
170661.442
170703.108
170744.774
170786.440
170828.103
170869.769
170911.434
170953.102
170994.765
171036.431
171078.096
171119.761
171161.428
171203.093
171244.760
171286.425
171328.095
171369.756
171411.421
171453.087
171494.752
171536.418
171578.083
171619.747
171661.412
171703.079
171744.744
171786.409
171828.073
171869.739
171911.404
171953.069
171994.735
172036.401
172078.065
172119.730
172161.398
172203.062
172244.728
172286.395
172328.064
172369.725
172411.391
172453.057
172494.721
172536.385
172578.051
172619.717
172661.380
172703.046
172744.712
172786.377
172828.042
172869.708
172911.374
172953.039
172994.704
173036.369
173078.036
173119.700
173161.366
173203.032
173244.697
173286.364
173328.030
173369.695
173411.360
173453.026
173494.691
173536.356
173578.021
173619.686
173661.351
173703.016
173744.681
173786.346
173828.011
173869.678
173911.344
173953.009
173994.673
174036.340
174078.004
174119.671
174161.335
174203.000
174244.666
174286.333
174327.998
174369.664
174411.328
174452.993
174494.659
174536.324
174577.989
174619.653
174661.319
174702.984
174744.650
174786.318
174827.980
174869.647
174911.313
174952.979
174994.643
175036.310
175077.974
175119.641
175161.306
175202.970
175244.637
175286.302
175327.971
175369.634
175411.299
175452.964
175494.629
175536.295
175577.960
175619.625
175661.289
175702.956
175744.620
175786.287
175827.950
175869.618
175911.281
175952.948
175994.612
176036.279
176077.943
176119.610
176161.276
176202.940
176244.607
176286.272
176327.941
176369.602
176411.267
176452.933
176494.598
176536.263
176577.929
176619.593
176661.258
176702.925
176744.584
176786.250
176827.920
176869.580
176911.246
176952.910
176994.576
177036.247
177077.907
177119.579
177161.238
177202.909
177244.569
177286.236
177327.909
177369.572
177411.237
177452.903
177494.569
177536.233
177577.899
177619.565
177661.228
177702.895
177744.560
177786.226
177827.889
177869.556
177911.221
177952.886
177994.551
178036.217
178077.882
178119.547
178161.214
178202.879
178244.545
178286.212
178327.887
178369.541
178411.206
178452.872
178494.536
178536.201
178577.867
178619.531
178661.197
178702.862
178744.527
178786.194
178827.859
178869.525
178911.189
178952.855
178994.520
179036.186
179077.850
179119.518
179161.181
179202.846
179244.513
179286.180
179327.844
179369.509
179411.174
179452.841
179494.506
179536.171
179577.836
179619.501
179661.166
179702.831
179744.497
179786.162
179827.827
179869.493
179911.159
179952.824
179994.489
180036.156
180077.820
180119.486
180161.152
180202.816
180244.484
180286.149
180327.818
180369.478
180411.145
180452.810
180494.475
180536.141
180577.806
180619.470
180661.136
180702.800
180744.468
180786.133
180827.797
180869.462
180911.128
180952.793
180994.459
181036.126
181077.789
181119.455
181161.120
181202.786
181244.451
181286.116
181327.787
181369.449
181411.113
181452.780
181494.445
181536.110
181577.776
181619.441
181661.105
181702.770
181744.436
181786.101
181827.766
181869.433
181911.097
181952.762
181994.428
182036.093
182077.758
182119.425
182161.091
182202.755
182244.422
182286.088
182327.755
182369.416
182411.084
182452.749
182494.414
182536.080
182577.745
182619.409
182661.074
182702.740
182744.405
182786.072
182827.735
182869.401
182911.066
182952.732
182994.397
183036.063
183077.728
183119.393
183161.060
183202.725
183244.391
183286.056
183327.724
183369.388
183411.053
183452.718
183494.384
183536.049
183577.715
183619.378
183661.044
183702.708
183744.374
183786.040
183827.705
183869.370
183911.036
183952.701
183994.366
184036.032
184077.697
184119.363
184161.030
184202.696
184244.360
184286.026
184327.697
184369.357
184411.022
184452.688
184494.353
184536.016
184577.684
184619.347
184661.012
184702.678
184744.344
184786.009
184827.675
184869.340
184911.005
184952.670
184994.336
185036.002
185077.667
185119.332
185160.999
185202.665
185244.330
185285.995
185327.660
185369.326
185410.991
185452.657
185494.322
185535.988
185577.653
185619.318
185660.982
185702.647
185744.313
185785.978
185827.643
185869.309
185910.974
185952.639
185994.305
186035.970
186077.636
186119.301
186160.968
186202.634
186244.299
186285.964
186327.634
186369.296
186410.961
186452.626
186494.291
186535.957
186577.622
186619.286
186660.951
186702.616
186744.285
186785.948
186827.612
186869.278
186910.943
186952.609
186994.274
187035.940
187077.605
187119.271
187160.937
187202.603
187244.269
187285.934
187327.601
187369.265
187410.930
187452.596
187494.259
187535.926
187577.592
187619.255
187660.921
187702.587
187744.252
187785.917
187827.582
187869.247
187910.913
187952.578
187994.243
188035.909
188077.574
188119.240
188160.907
188202.573
188244.238
188285.905
188327.572
188369.234
188410.900
188452.566
188494.231
188535.896
188577.561
188619.225
188660.890
188702.555
188744.222
188785.886
188827.551
188869.217
188910.882
188952.549
188994.213
189035.879
189077.543
189119.209
189160.875
189202.540
189244.206
189285.872
189327.542
189369.203
189410.868
189452.534
189494.199
189535.865
189577.529
189619.195
189660.859
189702.525
189744.191
189785.856
189827.520
189869.186
189910.852
189952.518
189994.181
190035.847
190077.513
190119.178
190160.844
190202.510
190244.176
190285.842
190327.508
190369.172
190410.837
190452.504
190494.168
190535.834
190577.499
190619.163
190660.828
190702.495
190744.160
190785.825
190827.490
190869.156
190910.820
190952.487
190994.151
191035.818
191077.482
191119.148
191160.814
191202.479
191244.144
191285.811
191327.484
191369.140
191410.806
191452.473
191494.138
191535.802
191577.467
191619.134
191660.798
191702.463
191744.128
191785.795
191827.460
191869.124
191910.789
191952.455
191994.121
192035.785
192077.451
192119.118
192160.783
192202.448
192244.114
192285.781
192327.451
192369.110
192410.776
192452.442
192494.107
192535.773
192577.438
192619.102
192660.767
192702.432
192744.100
192785.763
192827.429
192869.094
192910.759
192952.426
192994.090
193035.756
193077.421
193119.087
193160.752
193202.419
193244.084
193285.751
193327.417
193369.079
193410.745
193452.410
193494.076
193535.742
193577.407
193619.071
193660.736
193702.402
193744.068
193785.735
193827.398
193869.064
193910.729
193952.394
193994.059
194035.727
194077.390
194119.055
194160.723
194202.389
194244.053
194285.719
194327.387
194369.049
194410.714
194452.381
194494.046
194535.711
194577.375
194619.040
194660.705
194702.371
194744.038
194785.703
194827.367
194869.032
194910.697
194952.364
194994.028
195035.695
195077.360
195119.024
195160.690
195202.357
195244.024
195285.689
195327.357
195369.019
195410.684
195452.350
195494.015
195535.681
195577.345
195619.009
195660.675
195702.340
195744.006
195785.671
195827.336
195869.001
195910.667
195952.333
195993.998
196035.663
196077.329
196118.994
196160.661
196202.327
196243.992
196285.658
196327.326
196368.989
196410.654
196452.319
196493.985
196535.650
196577.315
196618.979
196660.644
196702.310
196743.975
196785.641
196827.306
196868.971
196910.636
196952.302
196993.967
197035.632
197077.298
197118.964
197160.630
197202.294
197243.963
197285.627
197327.292
197368.958
197410.623
197452.289
197493.953
197535.619
197577.285
197618.948
197660.613
197702.279
197743.945
197785.608
197827.270
197868.935
197910.606
197952.266
197993.931
198035.597
198077.262
198118.933
198160.600
198202.266
198243.928
198285.597
198327.266
198368.927
198410.592
198452.259
198493.923
198535.588
198577.254
198618.918
198660.583
198702.249
198743.916
198785.579
198827.244
198868.912
198910.576
198952.243
198993.907
199035.573
199077.237
199118.905
199160.570
199202.235
199243.900
199285.566
199327.234
199368.896
199410.561
199452.228
199493.892
199535.558
199577.223
199618.886
199660.554
199702.217
199743.886
199785.549
199827.216
199868.879
199910.546
199952.210
199993.877
200035.541
200077.208
200118.871
200160.539
200202.204
200243.869
200285.535
200327.200
200368.866
200410.531
200452.196
200493.862
200535.527
200577.192
200618.856
200660.522
200702.189
200743.854
200785.518
200827.183
200868.847
200910.515
200952.179
200993.846
201035.509
201077.177
201118.841
201160.506
201202.172
201243.837
201285.504
201327.171
201368.834
201410.500
201452.166
201493.831
201535.496
201577.160
201618.825
201660.493
201702.155
201743.824
201785.486
201827.152
201868.817
201910.488
201952.149
201993.815
202035.480
202077.145
202118.809
202160.476
202202.140
202243.808
202285.473
202327.142
202368.804
202410.467
202452.136
202493.800
202535.464
202577.130
202618.795
202660.459
202702.125
202743.793
202785.456
202827.122
202868.786
202910.452
202952.118
202993.783
203035.449
203077.114
203118.780
203160.446
203202.111
203243.777
203285.444
203327.113
203368.773
203410.439
203452.104
203493.769
203535.435
203577.099
203618.764
203660.430
203702.096
203743.762
203785.425
203827.092
203868.756
203910.422
203952.087
203993.753
204035.417
204077.083
204118.748
204160.415
204202.079
204243.746
204285.415
204327.086
204368.742
204410.408
204452.073
204493.739
204535.402
204577.069
204618.733
204660.399
204702.064
204743.730
204785.394
204827.061
204868.727
204910.390
204952.056
204993.721
205035.387
205077.052
205118.717
205160.384
205202.049
205243.716
205285.382
205327.054
205368.711
205410.377
205452.042
205493.708
205535.373
205577.038
205618.703
205660.368
205702.033
205743.702
205785.364
205827.030
205868.695
205910.361
205952.025
205993.691
206035.355
206077.022
206118.686
206160.353
206202.018
206243.685
206285.350
206327.018
206368.680
206410.345
206452.012
206493.678
206535.342
206577.007
206618.673
206660.337
206702.002
206743.669
206785.334
206826.998
206868.663
206910.329
206951.995
206993.660
207035.327
207076.991
207118.657
207160.322
207201.987
207243.654
207285.321
207326.988
207368.650
207410.315
207451.981
207493.646
207535.311
207576.976
207618.641
207660.306
207701.971
207743.639
207785.304
207826.969
207868.633
207910.299
207951.966
207993.631
208035.296
208076.962
208118.626
208160.292
208201.958
208243.623
208285.289
208326.956
208368.619
208410.284
208451.951
208493.616
208535.281
208576.946
208618.610
208660.275
208701.941
208743.607
208785.273
208826.937
208868.603
208910.268
208951.933
208993.599
209035.264
209076.929
209118.595
209160.260
209201.926
209243.592
209285.259
209326.930
209368.588
209410.253
209451.921
209493.586
209535.251
209576.915
209618.581
209660.245
209701.911
209743.576
209785.242
209826.907
209868.571
209910.237
209951.904
209993.568
210035.234
210076.898
210118.564
210160.230
210201.895
210243.563
210285.231
210326.897
210368.557
210410.223
210451.889
210493.553
210535.219
210576.884
210618.549
210660.215
210701.881
210743.545
210785.211
210826.875
210868.541
210910.207
210951.871
210993.537
211035.203
211076.869
211118.533
211160.199
211201.866
211243.531
211285.197
211326.864
211368.526
211410.191
211451.858
211493.522
211535.187
211576.854
211618.518
211660.183
211701.849
211743.515
211785.180
211826.844
211868.510
211910.176
211951.841
211993.506
212035.171
212076.837
212118.503
212160.168
212201.835
212243.500
212285.166
212326.838
212368.496
212410.163
212451.828
212493.494
212535.159
212576.823
212618.489
212660.153
212701.818
212743.484
212785.149
212826.814
212868.479
212910.145
212951.810
212993.476
213035.140
213076.806
213118.474
213160.137
213201.804
213243.470
213285.137
213326.808
213368.466
213410.132
213451.797
213493.462
213535.127
213576.792
213618.457
213660.122
213701.789
213743.454
213785.119
213826.784
213868.448
213910.114
213951.780
213993.445
214035.110
214076.776
214118.441
214160.107
214201.772
214243.440
214285.106
214326.774
214368.435
214410.099
214451.767
214493.432
214535.097
214576.762
214618.427
214660.092
214701.759
214743.423
214785.090
214826.754
214868.419
214910.084
214951.750
214993.414
215035.079
215076.746
215118.412
215160.078
215201.743
215243.408
215285.076
215326.742
215368.405
215410.068
215451.736
215493.400
215535.065
215576.730
215618.397
215660.061
215701.727
215743.392
215785.057
215826.721
215868.387
215910.053
215951.719
215993.384
216035.050
216076.715
216118.382
216160.045
216201.712
216243.376
216285.044
216326.712
216368.373
216410.038
216451.705
216493.368
216535.034
216576.699
216618.365
216660.030
216701.695
216743.361
216785.028
216826.692
216868.358
216910.023
216951.688
216993.353
217035.020
217076.684
217118.351
217160.015
217201.680
217243.345
217285.014
217326.676
217368.341
217410.009
217451.674
217493.339
217535.005
217576.670
217618.335
217659.999
217701.665
217743.330
217784.996
217826.660
217868.326
217909.991
217951.656
217993.323
218034.988
218076.652
218118.320
218159.984
218201.650
218243.316
218284.984
218326.652
218368.313
218409.978
218451.644
218493.302
218534.967
218576.639
218618.299
218659.969
218701.629
218743.300
218784.960
218826.630
218868.296
218909.961
218951.627
218993.292
219034.957
219076.623
219118.289
219159.954
219201.619
219243.283
219284.951
219326.618
219368.282
219409.947
219451.613
219493.278
219534.944
219576.609
219618.274
219659.938
219701.603
219743.270
219784.935
219826.599
219868.265
219909.931
219951.597
219993.261
220034.928
220076.592
220118.259
220159.923
220201.589
220243.254
220284.921
220326.589
220368.251
220409.918
220451.582
220493.248
220534.911
220576.577
220618.242
220659.907
220701.574
220743.240
220784.904
220826.568
220868.235
220909.900
220951.566
220993.231
221034.897
221076.561
221118.228
221159.892
221201.557
221243.222
221284.892
221326.562
221368.221
221409.885
221451.552
221493.217
221534.880
221576.546
221618.211
221659.877
221701.542
221743.207
221784.873
221826.538
221868.204
221909.869
221951.535
221993.200
222034.866
222076.530
222118.197
222159.862
222201.527
222243.192
222284.860
222326.529
222368.190
222409.854
222451.521
222493.185
222534.851
222576.515
222618.181
222659.846
222701.511
222743.177
222784.842
222826.508
222868.173
222909.838
222951.503
222993.168
223034.835
223076.499
223118.166
223159.831
223201.497
223243.161
223284.829
223326.499
223368.159
223409.824
223451.490
223493.156
223534.820
223576.485
223618.152
223659.816
223701.481
223743.146
223784.811
223826.477
223868.143
223909.807
223951.474
223993.140
224034.805
224076.470
224118.135
224159.800
224201.466
224243.132
224284.798
224326.464
224368.128
224409.793
224451.460
224493.125
224534.789
224576.454
224618.121
224659.785
224701.452
224743.116
224784.782
224826.446
224868.112
224909.777
224951.443
224993.108
225034.774
225076.439
225118.105
225159.771
225201.436
225243.101
225284.769
225326.435
225368.097
225409.762
225451.428
225493.093
225534.759
225576.424
225618.088
225659.754
225701.421
225743.084
225784.752
225826.415
225868.083
225909.746
225951.412
225993.078
226034.743
226076.408
226118.074
226159.740
226201.405
226243.071
226284.737
226326.405
226368.067
226409.732
226451.398
226493.062
226534.728
226576.393
226618.058
226659.723
226701.390
226743.053
226784.721
226826.384
226868.050
226909.715
226951.382
226993.046
227034.714
227076.377
227118.043
227159.710
227201.376
227243.040
227284.707
227326.375
227368.037
227409.702
227451.368
227493.032
227534.698
227576.364
227618.030
227659.693
227701.360
227743.025
227784.691
227826.354
227868.021
227909.685
227951.350
227993.016
228034.676
228076.346
228118.012
228159.679
228201.344
228243.010
228284.677
228326.344
228368.006
228409.672
228451.337
228493.003
228534.669
228576.333
228617.998
228659.662
228701.329
228742.993
228784.658
228826.323
228867.990
228909.654
228951.320
228992.986
229034.652
229076.316
229117.982
229159.649
229201.314
229242.979
229284.645
229326.314
229367.976
229409.641
229451.307
229492.971
229534.636
229576.302
229617.968
229659.631
229701.296
229742.962
229784.628
229826.293
229867.959
229909.623
229951.290
229992.954
230034.614
230076.285
230117.950
230159.617
230201.283
230242.949
230284.617
230326.292
230367.945
230409.610
230451.275
230492.941
230534.605
230576.270
230617.935
230659.600
230701.265
230742.932
230784.597
230826.262
230867.928
230909.592
230951.259
230992.925
231034.591
231076.255
231117.919
231159.585
231201.251
231242.916
231284.584
231326.255
231367.913
231409.579
231451.245
231492.910
231534.575
231576.241
231617.905
231659.570
231701.235
231742.901
231784.566
231826.231
231867.897
231909.562
231951.229
231992.893
232034.558
232076.223
232117.890
232159.555
232201.221
232242.885
232284.553
232326.222
232367.884
232409.549
232451.215
232492.879
232534.545
232576.211
232617.874
232659.539
232701.206
232742.870
232784.537
232826.201
232867.867
232909.532
232951.197
232992.862
233034.527
233076.193
233117.858
233159.525
233201.191
233242.855
233284.522
233326.191
233367.852
233409.517
233451.184
233492.849
233534.514
233576.179
233617.844
233659.508
233701.174
233742.839
233784.505
233826.170
233867.837
233909.501
233951.166
233992.831
234034.497
234076.163
234117.827
234159.494
234201.159
234242.826
234284.494
234326.151
234367.822
234409.487
234451.153
234492.818
234534.484
234576.148
234617.814
234659.478
234701.143
234742.809
234784.475
234826.140
234867.806
234909.470
234951.135
234992.801
235034.466
235076.132
235117.797
235159.463
235201.129
235242.794
235284.465
235326.131
235367.789
235409.455
235451.123
235492.787
235534.452
235576.118
235617.782
235659.447
235701.112
235742.778
235784.444
235826.109
235867.774
235909.439
235951.106
235992.770
236034.437
236076.100
236117.768
236159.432
236201.097
236242.763
236284.431
236326.102
236367.760
236409.424
236451.091
236492.757
236534.421
236576.086
236617.751
236659.416
236701.083
236742.747
236784.414
236826.077
236867.744
236909.408
236951.074
236992.739
237034.405
237076.070
237117.735
237159.402
237201.067
237242.733
237284.400
237326.071
237367.730
237409.395
237451.059
237492.726
237534.391
237576.057
237617.722
237659.386
237701.051
237742.717
237784.382
237826.048
237867.713
237909.378
237951.044
237992.709
238034.374
238076.039
238117.704
238159.371
238201.036
238242.701
238284.369
238326.037
238367.699
238409.364
238451.030
238492.693
238534.360
238576.025
238617.689
238659.355
238701.021
238742.686
238784.351
238826.016
238867.683
238909.347
238951.013
238992.678
239034.345
239076.009
239117.675
239159.340
239201.005
239242.671
239284.338
239326.004
239367.668
239409.333
239451.001
239492.663
239534.329
239575.993
239617.660
239659.326
239700.989
239742.656
239784.319
239825.986
239867.651
239909.318
239950.982
239992.649
240034.313
240075.979
240117.645
240159.309
240200.974
240242.639
240284.308
240325.974
240367.639
240409.304
240450.968
240492.634
240534.299
240575.965
240617.628
240659.295
240700.960
240742.625
240784.291
240825.957
240867.622
240909.288
240950.952
240992.618
241034.282
241075.948
241117.612
241159.278
241200.943
241242.609
241284.276
241325.942
241367.606
241409.271
241450.938
241492.603
241534.268
241575.933
241617.598
241659.264
241700.928
241742.595
241784.259
241825.925
241867.589
241909.256
241950.920
241992.587
242034.252
242075.917
242117.581
242159.249
242200.913
242242.580
242284.247
242325.913
242367.576
242409.241
242450.907
242492.571
242534.237
242575.902
242617.568
242659.233
242700.898
242742.564
242784.230
242825.895
242867.559
242909.226
242950.890
242992.556
243034.220
243075.887
243117.551
243159.217
243200.882
243242.549
243284.216
243325.884
243367.546
243409.210
243450.877
243492.541
243534.206
243575.872
243617.536
243659.203
243700.867
243742.532
243784.197
243825.863
243867.529
243909.195
243950.860
243992.525
244034.191
244075.855
244117.520
244159.186
244200.852
244242.517
244284.185
244325.855
244367.515
244409.180
244450.846
244492.511
244534.177
244575.840
244617.505
244659.170
244700.836
244742.502
244784.166
244825.834
244867.497
244909.164
244950.828
244992.495
245034.159
245075.825
245117.489
245159.155
245200.821
245242.487
245284.154
245325.822
245367.483
245409.148
245450.815
245492.481
245534.146
245575.811
245617.475
245659.141
245700.806
245742.472
245784.137
245825.802
245867.467
245909.133
245950.798
245992.464
246034.130
246075.795
246117.459
246159.126
246200.792
246242.457
246284.124
246325.788
246367.454
246409.119
246450.784
246492.450
246534.115
246575.780
246617.444
246659.110
246700.775
246742.441
246784.106
246825.773
246867.437
246909.102
246950.767
246992.432
247034.098
247075.764
247117.429
247159.095
247200.761
247242.426
247284.093
247325.761
247367.423
247409.087
247450.754
247492.420
247534.084
247575.749
247617.414
247659.079
247700.745
247742.409
247784.075
247825.741
247867.406
247909.071
247950.737
247992.402
248034.068
248075.733
248117.398
248159.065
248200.729
248242.396
248284.063
248325.731
248367.392
248409.057
248450.723
248492.387
248534.053
248575.719
248617.383
248659.048
248700.714
248742.380
248784.046
248825.711
248867.374
248909.041
248950.707
248992.371
249034.037
249075.702
249117.368
249159.033
249200.699
249242.365
249284.032
249325.702
249367.362
249409.026
249450.692
249492.351
249534.017
249575.687
249617.347
249659.012
249700.693
249742.343
249784.015
249825.674
249867.346
249909.009
249950.670
249992.340
250034.000
250075.666
250117.337
250159.003
250200.667
250242.334
250284.001
250325.670
250367.330
250408.995
250450.662
250492.327
250533.992
250575.657
250617.322
250658.986
250700.652
250742.318
250783.984
250825.648
250867.313
250908.978
250950.644
250992.309
251033.975
251075.640
251117.307
251158.973
251200.636
251242.303
251283.977
251325.637
251367.299
251408.965
251450.631
251492.296
251533.961
251575.627
251617.291
251658.956
251700.621
251742.286
251783.952
251825.618
251867.285
251908.948
251950.613
251992.279
252033.945
252075.610
252117.275
252158.942
252200.606
252242.274
252283.941
252325.611
252367.267
252408.933
252450.600
252492.265
252533.931
252575.596
252617.261
252658.926
252700.592
252742.257
252783.921
252825.588
252867.252
252908.918
252950.583
252992.248
253033.914
253075.580
253117.245
253158.912
253200.576
253242.241
253283.909
253325.578
253367.239
253408.903
253450.568
253492.235
253533.900
253575.565
253617.230
253658.895
253700.560
253742.225
253783.891
253825.556
253867.221
253908.887
253950.552
253992.217
254033.884
254075.548
254117.214
254158.881
254200.546
254242.210
254283.878
254325.543
254367.208
254408.874
254450.537
254492.202
254533.869
254575.534
254617.199
254658.865
254700.530
254742.195
254783.860
254825.526
254867.192
254908.857
254950.523
254992.186
255033.852
255075.518
255117.183
255158.850
255200.514
255242.180
255283.848
255325.516
255367.177
255408.841
255450.508
255492.174
255533.839
255575.505
255617.168
255658.833
255700.499
255742.164
255783.830
255825.495
255867.161
255908.826
255950.491
255992.156
256033.822
256075.488
256117.153
256158.820
256200.485
256242.151
256283.819
256325.486
256367.147
256408.813
256450.479
256492.143
256533.809
256575.474
256617.139
256658.814
256700.469
256742.131
256783.799
256825.459
256867.129
256908.791
256950.461
256992.120
257033.791
257075.451
257117.122
257158.790
257200.454
257242.120
257283.788
257325.455
257367.117
257408.782
257450.448
257492.113
257533.777
257575.443
257617.107
257658.776
257700.438
257742.100
257783.768
257825.429
257867.099
257908.759
257950.430
257992.090
258033.761
258075.421
258117.092
258158.759
258200.424
258242.089
258283.755
258325.420
258367.085
258408.751
258450.416
258492.082
258533.747
258575.413
258617.077
258658.741
258700.408
258742.072
258783.738
258825.403
258867.068
258908.734
258950.399
258992.064
259033.730
259075.396
259117.061
259158.728
259200.393
259242.059
259283.727
259325.392
259367.055
259408.720
259450.385
259492.052
259533.716
259575.381
259617.046
259658.712
259700.375
259742.041
259783.707
259825.373
259867.038
259908.703
259950.370
259992.034
260033.700
260075.365
260117.029
260158.696
260200.361
260242.027
260283.695
260325.363
260367.024
260408.689
260450.355
260492.019
260533.686
260575.350
260617.016
260658.680
260700.346
260742.011
260783.677
260825.342
260867.007
260908.673
260950.338
260992.003
261033.668
261075.334
261116.999
261158.667
261200.332
261241.998
261283.668
261325.334
261366.994
261408.659
261450.325
261491.990
261533.655
261575.321
261616.984
261658.650
261700.317
261741.981
261783.648
261825.311
261866.977
261908.642
261950.307
261991.972
262033.638
262075.304
262116.969
262158.636
262200.301
262241.967
262283.633
262325.303
262366.963
262408.628
262450.294
262491.960
262533.625
262575.289
262616.955
262658.619
262700.284
262741.951
262783.616
262825.281
262866.946
262908.612
262950.276
262991.942
263033.608
263075.273
263116.938
263158.605
263200.270
263241.936
263283.603
263325.271
263366.932
263408.597
263450.263
263491.929
263533.593
263575.259
263616.923
263658.589
263700.253
263741.919
263783.585
263825.250
263866.915
263908.581
263950.246
263991.911
264033.577
264075.272
264116.907
264158.573
264200.238
264241.904
264283.573
264325.241
264366.902
264408.566
264450.233
264491.897
264533.562
264575.227
264616.892
264658.558
264700.223
264741.889
264783.555
264825.220
264866.884
264908.551
264950.216
264991.882
265033.546
265075.212
265116.876
265158.543
265200.208
265241.874
265283.545
265325.208
265366.870
265408.535
265450.202
265491.867
265533.531
265575.197
265616.861
265658.528
265700.192
265741.858
265783.523
265825.190
265866.855
265908.521
265950.185
265991.851
266033.515
266075.181
266116.846
266158.513
266200.178
266241.843
266283.512
266325.182
266366.840
266408.504
266450.171
266491.836
266533.502
266575.167
266616.831
266658.497
266700.162
266741.827
266783.493
266825.159
266866.823
266908.490
266950.154
266991.821
267033.484
267075.152
267116.816
267158.481
267200.148
267241.814
267283.479
267325.150
267366.810
267408.476
267450.140
267491.806
267533.472
267575.136
267616.800
267658.467
267700.131
267741.799
267783.463
267825.129
267866.793
267908.460
267950.123
267991.790
268033.454
268075.121
268116.785
268158.450
268200.121
268241.780
268283.452
268325.120
268366.778
268408.443
268450.110
268491.775
268533.440
268575.106
268616.769
268658.435
268700.101
268741.768
268783.431
268825.097
268866.761
268908.428
268950.094
268991.759
269033.423
269075.090
269116.754
269158.421
269200.086
269241.752
269283.419
269325.088
269366.748
269408.413
269450.079
269491.745
269533.410
269575.076
269616.739
269658.405
269700.069
269741.736
269783.401
269825.067
269866.731
269908.397
269950.062
269991.728
270033.393
270075.058
270116.724
270158.391
270200.055
270241.720
270283.388
270325.059
270366.710
270408.381
270450.048
270491.714
270533.379
270575.045
270616.709
270658.375
270700.039
270741.706
270783.369
270825.035
270866.700
270908.366
270950.033
270991.697
271033.361
271075.027
271116.693
271158.360
271200.024
271241.690
271283.359
271325.021
271366.686
271408.351
271450.017
271491.682
271533.347
271575.012
271616.679
271658.343
271700.009
271741.675
271783.339
271825.005
271866.670
271908.336
271950.000
271991.666
272033.331
272074.996
272116.663
272158.329
272199.994
272241.659
272283.329
272324.995
272366.656
272408.322
272449.988
272491.650
272533.316
272574.983
272616.647
272658.313
272699.979
272741.644
272783.309
272824.975
272866.640
272908.306
272949.969
272991.636
273033.301
273074.967
273116.631
273158.297
273199.963
273241.629
273283.296
273324.964
273366.625
273408.291
273449.956
273491.622
273533.287
273574.950
273616.617
273658.284
273699.946
273741.612
273783.278
273824.944
273866.608
273908.275
273949.939
273991.605
274033.269
274074.936
274116.602
274158.268
274199.932
274241.597
274283.265
274324.932
274366.595
274408.258
274449.926
274491.591
274533.255
274574.919
274616.585
274658.251
274699.915
274741.583
274783.247
274824.912
274866.578
274908.245
274949.909
274991.575
275033.239
275074.904
275116.570
275158.236
275199.901
275241.566
275283.235
275324.903
275366.564
275408.229
275449.896
275491.561
275533.225
275574.889
275616.554
275658.220
275699.880
275741.546
275783.211
275824.882
275866.543
275908.213
275949.878
275991.544
276033.209
276074.875
276116.541
276158.207
276199.871
276241.536
276283.204
276324.868
276366.534
276408.199
276449.865
276491.530
276533.194
276574.859
276616.524
276658.190
276699.856
276741.521
276783.187
276824.851
276866.516
276908.182
276949.847
276991.513
277033.178
277074.844
277116.510
277158.175
277199.840
277241.506
277283.175
277324.851
277366.503
277408.168
277449.833
277491.499
277533.164
277574.830
277616.494
277658.160
277699.824
277741.490
277783.156
277824.822
277866.488
277908.152
277949.819
277991.482
278033.146
278074.813
278116.477
278158.143
278199.809
278241.474
278283.146
278324.812
278366.473
278408.137
278449.803
278491.468
278533.132
278574.798
278616.465
278658.130
278699.794
278741.459
278783.125
278824.792
278866.456
278908.120
278949.786
278991.452
279033.118
279074.782
279116.447
279158.113
279199.778
279241.444
279283.111
279324.780
279366.441
279408.106
279449.772
279491.437
279533.103
279574.768
279616.432
279658.100
279699.763
279741.430
279783.094
279824.760
279866.425
279908.096
279949.756
279991.422
280033.085
280074.752
280116.417
280158.084
280199.749
280241.415
280283.081
280324.751
280366.411
280408.076
280449.741
280491.407
280533.072
280574.738
280616.402
280658.067
280699.732
280741.398
280783.063
280824.729
280866.394
280908.061
280949.724
280991.384
281033.056
281074.717
281116.386
281158.052
281199.717
281241.384
281283.050
281324.717
281366.380
281408.046
281449.711
281491.376
281533.041
281574.706
281616.372
281658.038
281699.707
281741.368
281783.034
281824.699
281866.364
281908.029
281949.695
281991.359
282033.026
282074.690
282116.357
282158.022
282199.687
282241.351
282283.020
282324.690
282366.349
282408.015
282449.681
282491.346
282533.010
282574.676
282616.340
282658.007
282699.671
282741.331
282782.997
282824.663
282866.328
282907.999
282949.663
282991.330
283032.994
283074.660
283116.325
283157.991
283199.656
283241.322
283282.991
283324.662
283366.320
283407.984
283449.650
283491.314
283532.980
283574.645
283616.309
283657.975
283699.640
283741.307
283782.971
283824.637
283866.301
283907.968
283949.632
283991.299
284032.963
284074.629
284116.294
284157.961
284199.626
284241.291
284282.959
284324.627
284366.287
284407.952
284449.619
284491.284
284532.948
284574.613
284616.278
284657.946
284699.610
284741.276
284782.940
284824.607
284866.271
284907.931
284949.603
284991.268
285032.932
285074.600
285116.263
285157.930
285199.594
285241.261
285282.929
285324.596
285366.257
285407.922
285449.588
285491.252
285532.918
285574.583
285616.248
285657.915
285699.579
285741.245
285782.909
285824.576
285866.241
285907.906
285949.572
285991.238
286032.901
286074.568
286116.232
286157.899
286199.564
286241.228
286282.897
286324.569
286366.227
286407.892
286449.558
286491.222
286532.886
286574.552
286616.217
286657.883
286699.548
286741.215
286782.879
286824.545
286866.210
286907.877
286949.541
286991.207
287032.871
287074.538
287116.202
287157.867
287199.534
287241.198
287282.868
287324.533
287366.195
287407.861
287449.527
287491.192
287532.859
287574.522
287616.187
287657.854
287699.518
287741.183
287782.850
287824.514
287866.180
287907.846
287949.509
287991.177
288032.841
288074.506
288116.172
288157.838
288199.503
288241.168
288282.836
288324.506
288366.165
288407.831
288449.497
288491.160
288532.826
288574.491
288616.156
288657.821
288699.487
288741.153
288782.817
288824.484
288866.149
288907.814
288949.479
288991.145
289032.810
289074.476
289116.141
289157.808
289199.471
289241.137
289282.805
289324.475
289366.135
289407.800
289449.466
289491.131
289532.795
289574.461
289616.127
289657.791
289699.457
289741.122
289782.789
289824.452
289866.118
289907.783
289949.449
289991.113
290032.781
290074.445
290116.110
290157.775
290199.441
290241.106
290282.775
290324.442
290366.103
290407.769
290449.435
290491.100
290532.766
290574.431
290616.097
290657.762
290699.427
290741.091
290782.758
290824.422
290866.089
290907.754
290949.419
290991.084
291032.750
291074.415
291116.081
291157.745
291199.412
291241.077
291282.743
291324.411
291366.074
291407.739
291449.406
291491.070
291532.735
291574.399
291616.066
291657.730
291699.397
291741.062
291782.727
291824.392
291866.057
291907.721
291949.388
291991.053
292032.720
292074.383
292116.049
292157.714
292199.380
292241.044
292282.714
292324.381
292366.043
292407.709
292449.374
292491.038
292532.703
292574.370
292616.033
292657.701
292699.364
292741.031
292782.695
292824.361
292866.027
292907.692
292949.358
292991.023
293032.687
293074.354
293116.018
293157.685
293199.350
293241.014
293282.683
293324.350
293366.013
293407.678
293449.344
293491.010
293532.675
293574.340
293616.004
293657.671
293699.334
293741.002
293782.665
293824.332
293865.996
293907.663
293949.327
293990.994
294032.657
294074.324
294115.988
294157.656
294199.319
294240.984
294282.652
294324.323
294365.982
294407.645
294449.312
294490.978
294532.644
294574.309
294615.973
294657.640
294699.303
294740.971
294782.634
294824.301
294865.965
294907.632
294949.296
294990.964
295032.627
295074.293
295115.957
295157.625
295199.288
295240.955
295282.620
295324.286
295365.951
295407.616
295449.280
295490.946
295532.612
295574.279
295615.943
295657.607
295699.274
295740.938
295782.606
295824.269
295865.936
295907.602
295949.267
295990.932
296032.597
296074.261
296115.929
296157.592
296199.260
296240.923
296282.591
296324.264
296365.921
296407.586
296449.251
296490.917
296532.583
296574.248
296615.911
296657.578
296699.242
296740.909
296782.573
296824.240
296865.904
296907.571
296949.234
296990.902
297032.565
297074.232
297115.896
297157.563
297199.227
297240.894
297282.559
297324.231
297365.890
297407.556
297449.221
297490.887
297532.552
297574.217
297615.881
297657.548
297699.212
297740.879
297782.542
297824.210
297865.873
297907.539
297949.204
297990.869
298032.535
298074.200
298115.865
298157.532
298199.196
298240.863
298282.531
298324.200
298365.860
298407.525
298449.190
298490.856
298532.520
298574.185
298615.851
298657.517
298699.182
298740.847
298782.513
298824.178
298865.843
298907.508
298949.174
298990.840
299032.505
299074.170
299115.836
299157.500
299199.166
299240.833
299282.501
299324.168
299365.829
299407.494
299449.160
299490.825
299532.490
299574.155
299615.820
299657.484
299699.150
299740.815
299782.482
299824.147
299865.812
299907.478
299949.143
299990.808
300032.474
300074.139
300115.804
300157.470
300199.135
300240.801
300282.469
300324.133
300365.798
300407.462
300449.128
300490.793
300532.458
300574.125
300615.790
300657.455
300699.120
300740.785
300782.457
300824.115
300865.782
300907.446
300949.112
300990.777
301032.443
301074.108
301115.774
301157.439
301199.105
301240.769
301282.437
301324.103
301365.767
301407.432
301449.098
301490.764
301532.429
301574.095
301615.760
301657.423
301699.090
301740.754
301782.421
301824.085
301865.751
301907.415
301949.082
301990.747
302032.412
302074.077
302115.744
302157.408
302199.075
302240.738
302282.408
302324.079
302365.738
302407.401
302449.069
302490.733
302532.397
302574.064
302615.730
302657.394
302699.061
302740.724
302782.390
302824.055
302865.720
302907.386
302949.053
302990.716
303032.381
303074.048
303115.713
303157.378
303199.043
303240.708
303282.378
303324.046
303365.707
303407.372
303449.038
303490.703
303532.368
303574.033
303615.698
303657.364
303699.029
303740.694
303782.360
303824.024
303865.690
303907.356
303949.020
303990.685
304032.350
304074.016
304115.683
304157.349
304199.014
304240.678
304282.346
304324.011
304365.675
304407.340
304449.006
304490.671
304532.337
304574.002
304615.669
304657.331
304698.998
304740.663
304782.327
304823.993
304865.661
304907.325
304948.989
304990.655
305032.320
305073.986
305115.650
305157.317
305198.983
305240.648
305282.315
305323.982
305365.644
305407.309
305448.975
305490.640
305532.306
305573.971
305615.637
305657.301
305698.967
305740.632
305782.298
305823.963
305865.629
305907.293
305948.960
305990.624
306032.289
306073.955
306115.620
306157.286
306198.951
306240.616
306282.286
306323.963
306365.612
306407.279
306448.945
306490.609
306532.274
306573.941
306615.605
306657.270
306698.935
306740.601
306782.312
306823.933
306865.633
306907.263
306948.955
306990.593
307032.280
307073.923
307115.597
307157.256
307198.922
307240.586
307282.258
307323.924
307365.584
307407.249
307448.914
307490.579
307532.245
307573.910
307615.576
307657.242
307698.905
307740.572
307782.237
307823.903
307865.567
307907.234
307948.897
307990.565
308032.228
308073.896
308115.559
308157.224
308198.890
308240.555
308282.226
308323.894
308365.552
308407.217
308448.884
308490.548
308532.214
308573.880
308615.540
308657.210
308698.875
308740.536
308782.201
308823.866
308865.531
308907.202
308948.866
308990.532
309032.197
309073.863
309115.529
309157.194
309198.859
309240.524
309282.192
309323.857
309365.523
309407.188
309448.854
309490.519
309532.184
309573.849
309615.515
309657.181
309698.846
309740.512
309782.177
309823.842
309865.507
309907.173
309948.837
309990.504
310032.168
310073.835
310115.498
310157.165
310198.829
310240.494
310282.163
310323.841
310365.490
310407.158
310448.823
310490.488
310532.153
310573.819
310615.484
310657.148
310698.813
310740.479
310782.145
310823.809
310865.475
310907.140
310948.806
310990.471
311032.137
311073.802
311115.468
311157.132
311198.798
311240.463
311282.131
311323.803
311365.460
311407.125
311448.791
311490.458
311532.123
311573.789
311615.453
311657.117
311698.784
311740.448
311782.120
311823.779
311865.444
311907.109
311948.775
311990.440
312032.106
312073.772
312115.439
312157.102
312198.768
312240.433
312282.102
312323.766
312365.429
312407.096
312448.760
312490.425
312532.092
312573.758
312615.423
312657.088
312698.754
312740.419
312782.084
312823.748
312865.414
312907.079
312948.746
312990.410
313032.077
313073.741
313115.408
313157.072
313198.739
313240.402
313282.070
313323.743
313365.399
313407.066
313448.731
313490.394
313532.061
313573.728
313615.392
313657.056
313698.723
313740.387
313782.054
313823.718
313865.384
313907.049
313948.715
313990.374
314032.040
314073.710
314115.377
314157.041
314198.708
314240.371
314282.041
314323.710
314365.368
314407.035
314448.701
314490.366
314532.024
314573.696
314615.362
314657.025
314698.693
314740.356
314782.023
314823.687
314865.353
314907.018
314948.685
314990.349
315032.016
315073.680
315115.347
315157.010
315198.678
315240.341
315282.010
315323.675
315365.339
315407.005
315448.670
315490.335
315532.000
315573.666
315615.331
315656.995
315698.661
315740.325
315781.993
315823.657
315865.324
315906.987
315948.653
315990.318
316031.984
316073.649
316115.315
316156.980
316198.645
316240.310
316281.978
316323.647
316365.307
316406.972
316448.640
316490.304
316531.969
316573.635
316615.299
316656.964
316698.629
316740.295
316781.963
316823.625
316865.290
316906.956
316948.622
316990.289
317031.952
317073.619
317115.283
317156.949
317198.614
317240.280
317281.949
317323.617
317365.276
317406.942
317448.608
317490.272
317531.938
317573.605
317615.270
317656.934
317698.600
317740.265
317781.929
317823.595
317865.260
317906.925
317948.592
317990.257
318031.922
318073.587
318115.255
318156.918
318198.584
318240.248
318281.918
318323.586
318365.245
318406.912
318448.578
318490.243
318531.907
318573.573
318615.238
318656.903
318698.568
318740.233
318781.900
318823.564
318865.224
318906.896
318948.560
318990.227
319031.893
319073.556
319115.223
319156.888
319198.552
319240.218
319281.886
319323.551
319365.216
319406.881
319448.547
319490.212
319531.877
319573.542
319615.207
319656.873
319698.537
319740.203
319781.869
319823.534
319865.201
319906.864
319948.531
319990.195
320031.860
320073.526
320115.193
320156.857
320198.523
320240.187
320281.856
320323.521
320365.185
320406.851
320448.517
320490.184
320531.848
320573.512
320615.178
320656.843
320698.508
320740.173
320781.839
320823.504
320865.170
320906.834
320948.500
320990.167
321031.830
321073.497
321115.162
321156.827
321198.492
321240.158
321281.826
321323.491
321365.155
321406.821
321448.487
321490.150
321531.816
321573.481
321615.146
321656.811
321698.478
321740.142
321781.808
321823.473
321865.138
321906.804
321948.468
321990.134
322031.800
322073.465
322115.131
322156.795
322198.463
322240.126
322281.795
322323.465
322365.124
322406.789
322448.456
322490.120
322531.786
322573.450
322615.115
322656.781
322698.445
322740.111
322781.777
322823.443
322865.109
322906.774
322948.439
322990.105
323031.771
323073.434
323115.100
323156.767
323198.431
323240.096
323281.764
323323.434
323365.094
323406.760
323448.425
323490.090
323531.756
323573.420
323615.086
323656.750
323698.415
323740.081
323781.746
323823.412
323865.077
323906.743
323948.408
323990.073
324031.739
324073.404
324115.069
324156.735
324198.400
324240.066
324281.732
324323.400
324365.063
324406.729
324448.395
324490.059
324531.724
324573.391
324615.056
324656.720
324698.385
324740.050
324781.716
324823.381
324865.047
324906.712
324948.377
324990.043
325031.708
325073.374
325115.039
325156.705
325198.369
325240.037
325281.705
325323.367
325365.033
325406.699
325448.364
325490.029
325531.695
325573.359
325615.025
325656.691
325698.355
325740.022
325781.688
325823.353
325865.016
325906.684
325948.347
325990.014
326031.678
326073.345
326115.008
326156.673
326198.339
326240.006
326281.673
326323.347
326365.002
326406.668
326448.333
326489.998
326531.664
326573.329
326614.994
326656.659
326698.326
326739.989
326781.656
326823.320
326864.987
326906.650
326948.318
326989.982
327031.648
327073.313
327114.978
327156.643
327198.310
327239.974
327281.642
327323.311
327364.971
327406.638
327448.302
327489.968
327531.633
327573.298
327614.964
327656.628
327698.295
327739.958
327781.626
327823.289
327864.956
327906.620
327948.287
327989.951
328031.618
328073.282
328114.948
328156.612
328198.280
328239.943
328281.611
328323.283
328364.941
328406.606
328448.272
328489.938
328531.602
328573.267
328614.933
328656.597
328698.264
328739.929
328781.596
328823.258
328864.924
328906.590
328948.255
328989.921
329031.587
329073.252
329114.918
329156.582
329198.247
329239.912
329281.581
329323.250
329364.909
329406.575
329448.239
329489.905
329531.571
329573.235
329614.902
329656.568
329698.232
329739.899
329781.562
329823.228
329864.892
329906.560
329948.225
329989.891
330031.555
330073.220
330114.886
330156.552
330198.216
330239.881
330281.550
330323.216
330364.880
330406.545
330448.211
330489.876
330531.540
330573.205
330614.872
330656.535
330698.201
330739.867
330781.532
330823.197
330864.863
330906.529
330948.194
330989.860
331031.524
331073.190
331114.857
331156.522
331198.185
331239.852
331281.519
331323.189
331364.850
331406.515
331448.180
331489.844
331531.508
331573.174
331614.840
331656.506
331698.170
331739.836
331781.503
331823.167
331864.831
331906.499
331948.162
331989.829
332031.493
332073.159
332114.825
332156.490
332198.155
332239.822
332281.489
332323.153
332364.819
332406.483
332448.150
332489.815
332531.479
332573.145
332614.811
332656.474
332698.142
332739.805
332781.472
332823.136
332864.802
332906.468
332948.132
332989.799
333031.463
333073.128
333114.794
333156.459
333198.125
333239.790
333281.459
333323.123
333364.788
333406.454
333448.119
333489.785
333531.448
333573.113
333614.778
333656.445
333698.110
333739.775
333781.441
333823.106
333864.772
333906.438
333948.101
333989.769
334031.433
334073.098
334114.764
334156.428
334198.094
334239.759
334281.425
334323.093
334364.757
334406.423
334448.089
334489.753
334531.417
334573.082
334614.748
334656.413
334698.078
334739.746
334781.410
334823.076
334864.740
334906.406
334948.071
334989.737
335031.402
335073.068
335114.732
335156.398
335198.063
335239.731
335281.396
335323.063
335364.727
335406.392
335448.058
335489.722
335531.387
335573.054
335614.719
335656.384
335698.048
335739.716
335781.381
335823.046
335864.710
335906.376
335948.041
335989.707
336031.372
336073.038
336114.702
336156.368
336198.034
336239.701
336281.367
336323.029
336364.696
336406.361
336448.026
336489.691
336531.356
336573.022
336614.688
336656.354
336698.017
336739.685
336781.349
336823.015
336864.679
336906.345
336948.010
336989.677
337031.340
337073.007
337114.671
337156.338
337198.002
337239.669
337281.336
337323.000
337364.665
337406.330
337447.996
337489.662
337531.327
337572.993
337614.658
337656.322
337697.989
337739.654
337781.318
337822.984
337864.649
337906.314
337947.979
337989.646
338031.310
338072.977
338114.641
338156.306
338197.974
338239.637
338281.305
338322.975
338364.635
338406.300
338447.966
338489.632
338531.296
338572.962
338614.627
338656.291
338697.957
338739.623
338781.289
338822.953
338864.619
338906.284
338947.951
338989.615
339031.279
339072.945
339114.612
339156.276
339197.942
339239.607
339281.276
339322.945
339364.604
339406.269
339447.935
339489.601
339531.265
339572.930
339614.596
339656.261
339697.926
339739.592
339781.257
339822.922
339864.588
339906.253
339947.920
339989.585
340031.248
340072.915
340114.581
340156.245
340197.912
340239.576
340281.244
340322.909
340364.574
340406.238
340447.904
340489.570
340531.235
340572.900
340614.566
340656.231
340697.897
340739.562
340781.228
340822.892
340864.557
340906.223
340947.888
340989.553
341031.219
341072.883
341114.549
341156.216
341197.880
341239.547
341281.214
341322.888
341364.545
341406.208
341447.875
341489.540
341531.204
341572.870
341614.536
341656.200
341697.866
341739.531
341781.198
341822.861
341864.527
341906.191
341947.857
341989.522
342031.189
342072.853
342114.519
342156.184
342197.850
342239.515
342281.184
342322.849
342364.513
342406.178
342447.844
342489.510
342531.174
342572.839
342614.507
342656.170
342697.834
342739.500
342781.166
342822.832
342864.496
342906.162
342947.827
342989.492
343031.157
343072.822
343114.487
343156.153
343197.819
343239.486
343281.153
343322.818
343364.482
343406.147
343447.814
343489.477
343531.143
343572.808
343614.475
343656.138
343697.804
343739.469
343781.136
343822.800
343864.465
343906.130
343947.796
343989.461
344031.127
344072.792
344114.458
344156.122
344197.789
344239.454
344281.122
344322.786
344364.451
344406.117
344447.782
344489.447
344531.113
344572.778
344614.445
344656.109
344697.779
344739.439
344781.105
344822.769
344864.440
344906.102
344947.781
344989.461
345031.101
345072.762
345114.428
345156.092
345197.758
345239.424
345281.091
345322.757
345364.421
345406.086
345447.752
345489.417
345531.083
345572.747
345614.413
345656.077
345697.745
345739.408
345781.075
345822.739
345864.406
345906.070
345947.736
345989.400
346031.067
346072.731
346114.398
346156.062
346197.729
346239.392
346281.062
346322.734
346364.390
346406.058
346447.734
346489.387
346531.062
346572.718
346614.392
346656.047
346697.714
346739.379
346781.045
346822.709
346864.375
346906.040
346947.706
346989.372
347031.036
347072.700
347114.367
347156.032
347197.697
347239.362
347281.032
347322.699
347364.359
347406.026
347447.691
347489.354
347531.021
347572.685
347614.351
347656.017
347697.681
347739.347
347781.014
347822.677
347864.344
347906.008
347947.674
347989.341
348031.006
348072.670
348114.338
348156.000
348197.668
348239.332
348280.999
348322.665
