0.000
41.667
83.333
124.998
166.663
208.329
249.995
291.659
333.325
374.991
416.654
458.322
499.985
541.651
583.318
624.982
666.647
708.313
749.978
791.644
833.310
874.975
916.643
958.319
999.970
1041.638
1083.303
1124.969
1166.632
1208.299
1249.965
1291.630
1333.296
1374.961
1416.626
1458.290
1499.957
1541.621
1583.287
1624.952
1666.618
1708.284
1749.950
1791.614
1833.279
1874.944
1916.615
1958.284
1999.943
2041.608
2083.274
2124.939
2166.604
2208.269
2249.935
2291.599
2333.264
2374.930
2416.590
2458.261
2499.926
2541.592
2583.256
2624.923
2666.588
2708.255
2749.919
2791.585
2833.250
2874.916
2916.582
2958.251
2999.912
3041.579
3083.245
3124.910
3166.573
3208.241
3249.906
3291.571
3333.235
3374.901
3416.566
3458.232
3499.897
3541.563
3583.228
3624.895
3666.558
3708.224
3749.889
3791.554
3833.221
3874.887
3916.554
3958.223
3999.883
4041.550
4083.215
4124.881
4166.546
4208.210
4249.878
4291.542
4333.207
4374.872
4416.538
4458.204
4499.868
4541.533
4583.199
4624.864
4666.530
4708.195
4749.862
4791.526
4833.192
4874.856
4916.524
4958.193
4999.856
5041.520
5083.185
5124.851
5166.517
5208.182
5249.846
5291.512
5333.177
5374.843
5416.508
5458.173
5499.840
5541.505
5583.169
5624.836
5666.500
5708.166
5749.830
5791.497
5833.162
5874.827
5916.495
5958.167
5999.824
6041.491
6083.157
6124.822
6166.487
6208.153
6249.818
6291.482
6333.147
6374.814
6416.479
6458.145
6499.809
6541.476
6583.139
6624.807
6666.471
6708.137
6749.802
6791.468
6833.133
6874.799
6916.465
6958.131
6999.794
7041.459
7083.127
7124.793
7166.457
7208.123
7249.789
7291.454
7333.117
7374.785
7416.450
7458.114
7499.781
7541.445
7583.112
7624.776
7666.443
7708.107
7749.774
7791.438
7833.104
7874.769
7916.446
7958.104
7999.766
8041.432
8083.097
8124.762
8166.428
8208.094
8249.759
8291.425
8333.089
8374.753
8416.421
8458.086
8499.749
8541.418
8583.081
8624.748
8666.413
8708.079
8749.742
8791.410
8833.074
8874.740
8916.406
8958.075
8999.736
9041.402
9083.068
9124.733
9166.398
9208.064
9249.729
9291.395
9333.059
9374.725
9416.390
9458.057
9499.721
9541.390
9583.052
9624.719
9666.382
9708.049
9749.713
9791.380
9833.044
9874.712
9916.377
9958.048
9999.706
10041.373
10083.038
10124.704
10166.369
10208.035
10249.700
10291.365
10333.029
10374.697
10416.360
10458.028
10499.691
10541.358
10583.022
10624.687
10666.353
10708.020
10749.684
10791.351
10833.015
10874.680
10916.348
10958.016
10999.677
11041.343
11083.008
11124.674
11166.339
11208.005
11249.671
11291.336
11333.000
11374.666
11416.331
11457.996
11499.662
11541.328
11582.993
11624.659
11666.324
11707.991
11749.654
11791.321
11832.985
11874.653
11916.320
11957.984
11999.647
12041.314
12082.979
12124.645
12166.310
12207.976
12249.641
12291.305
12332.971
12374.637
12416.301
12457.967
12499.632
12541.298
12582.963
12624.629
12666.295
12707.959
12749.625
12791.292
12832.956
12874.622
12916.294
12957.959
12999.618
13041.285
13082.950
13124.614
13166.280
13207.946
13249.611
13291.276
13332.942
13374.607
13416.274
13457.937
13499.602
13541.268
13582.935
13624.599
13666.267
13707.930
13749.597
13791.261
13832.928
13874.592
13916.260
13957.932
13999.588
14041.255
14082.921
14124.586
14166.252
14207.917
14249.583
14291.248
14332.911
14374.580
14416.243
14457.910
14499.573
14541.240
14582.905
14624.571
14666.235
14707.902
14749.566
14791.233
14832.897
14874.564
14916.231
14957.899
14999.559
15041.226
15082.890
15124.557
15166.221
15207.887
15249.553
15291.217
15332.877
15374.549
15416.208
15457.874
15499.544
15541.204
15582.875
15624.541
15666.206
15707.871
15749.537
15791.203
15832.868
15874.534
15916.201
15957.870
15999.529
16041.197
16082.862
16124.527
16166.192
16207.857
16249.523
16291.188
16332.853
16374.519
16416.185
16457.849
16499.515
16541.179
16582.845
16624.510
16666.176
16707.842
16749.509
16791.172
16832.839
16874.503
16916.172
16957.836
16999.499
17041.166
17082.833
17124.497
17166.162
17207.828
17249.493
17291.157
17332.823
17374.489
17416.154
17457.820
17499.485
17541.150
17582.816
17624.481
17666.147
17707.812
17749.478
17791.143
17832.809
17874.474
17916.142
17957.808
17999.471
18041.138
18082.805
18124.469
18166.134
18207.799
18249.465
18291.129
18332.795
18374.462
18416.126
18457.790
18499.458
18541.121
18582.788
18624.452
18666.117
18707.783
18749.448
18791.114
18832.780
18874.445
18916.113
18957.776
18999.441
19041.107
19082.775
19124.443
19166.104
19207.768
19249.435
19291.099
19332.765
19374.430
19416.096
19457.760
19499.426
19541.091
19582.759
19624.423
19666.090
19707.753
19749.420
19791.084
19832.752
19874.415
19916.083
19957.746
19999.413
20041.079
20082.744
20124.410
20166.075
20207.741
20249.406
20291.072
20332.735
20374.404
20416.075
20457.733
20499.397
20541.064
20582.728
20624.395
20666.059
20707.726
20749.389
20791.057
20832.720
20874.388
20916.052
20957.722
20999.384
21041.049
21082.715
21124.380
21166.046
21207.711
21249.377
21291.042
21332.706
21374.376
21416.037
21457.704
21499.367
21541.034
21582.698
21624.366
21666.029
21707.696
21749.360
21791.027
21832.691
21874.358
21916.024
21957.692
21999.354
22041.020
22082.685
22124.351
22166.017
22207.682
22249.348
22291.013
22332.676
22374.345
22416.007
22457.674
22499.338
22541.003
22582.670
22624.336
22666.000
22707.667
22749.330
22790.998
22832.662
22874.329
22915.995
22957.660
22999.325
23040.990
23082.656
23124.322
23165.987
23207.653
23249.318
23290.981
23332.649
23374.315
23415.979
23457.643
23499.310
23540.974
23582.639
23624.305
23665.972
23707.636
23749.303
23790.967
23832.634
23874.298
23915.967
23957.635
23999.295
24040.961
24082.628
24124.293
24165.958
24207.622
24249.289
24290.954
24332.619
24374.296
24415.950
24457.616
24499.282
24540.946
24582.612
24624.276
24665.942
24707.606
24749.273
24790.938
24832.603
24874.268
24915.938
24957.602
24999.265
25040.930
25082.598
25124.263
25165.928
25207.592
25249.259
25290.923
25332.588
25374.257
25415.921
25457.585
25499.251
25540.915
25582.582
25624.248
25665.914
25707.577
25749.244
25790.908
25832.575
25874.239
25915.906
25957.573
25999.237
26040.901
26082.568
26124.232
26165.898
26207.564
26249.229
26290.894
26332.561
26374.224
26415.891
26457.557
26499.222
26540.887
26582.600
26624.217
26665.920
26707.549
26749.241
26790.878
26832.545
26874.210
26915.878
26957.546
26999.208
27040.872
27082.539
27124.204
27165.869
27207.534
27249.199
27290.866
27332.529
27374.197
27415.860
27457.527
27499.191
27540.857
27582.522
27624.189
27665.853
27707.520
27749.184
27790.851
27832.517
27874.182
27915.848
27957.515
27999.177
28040.842
28082.508
28124.174
28165.840
28207.504
28249.168
28290.836
28332.500
28374.167
28415.831
28457.496
28499.162
28540.828
28582.492
28624.159
28665.824
28707.489
28749.154
28790.820
28832.485
28874.151
28915.821
28957.486
28999.148
29040.812
29082.479
29124.145
29165.810
29207.475
29249.140
29290.805
29332.470
29374.138
29415.801
29457.467
29499.133
29540.798
29582.463
29624.129
29665.794
29707.460
29749.125
29790.792
29832.456
29874.121
29915.790
29957.458
29999.119
30040.785
30082.451
30124.116
30165.780
30207.446
30249.112
30290.777
30332.442
30374.107
30415.775
30457.438
30499.104
30540.769
30582.435
30624.100
30665.766
30707.430
30749.097
30790.761
30832.428
30874.094
30915.761
30957.428
30999.090
31040.754
31082.420
31124.087
31165.751
31207.416
31249.081
31290.747
31332.412
31374.078
31415.743
31457.410
31499.073
31540.740
31582.404
31624.072
31665.736
31707.402
31749.066
31790.732
31832.398
31874.063
31915.731
31957.398
31999.060
32040.725
32082.391
32124.056
32165.722
32207.388
32249.052
32290.717
32332.382
32374.048
32415.713
32457.379
32499.045
32540.711
32582.375
32624.042
32665.706
32707.373
32749.038
32790.704
32832.369
32874.034
32915.701
32957.370
32999.031
33040.696
33082.363
33124.028
33165.692
33207.357
33249.022
33290.687
33332.353
33374.019
33415.685
33457.350
33499.015
33540.681
33582.346
33624.011
33665.677
33707.342
33749.008
33790.673
33832.340
33874.005
33915.674
33957.343
33999.002
34040.668
34082.334
34123.999
34165.665
34207.329
34248.993
34290.661
34332.324
34373.991
34415.655
34457.322
34498.986
34540.653
34582.317
34623.984
34665.648
34707.315
34748.979
34790.645
34832.312
34873.977
34915.643
34957.308
34998.974
35040.637
35082.303
35123.968
35165.634
35207.300
35248.963
35290.629
35332.295
35373.962
35415.626
35457.292
35498.957
35540.623
35582.288
35623.954
35665.619
35707.285
35748.950
35790.615
35832.281
35873.947
35915.613
35957.277
35998.943
36040.608
36082.273
36123.938
36165.603
36207.271
36248.935
36290.601
36332.265
36373.931
36415.596
36457.263
36498.927
36540.594
36582.258
36623.924
36665.589
36707.254
36748.920
36790.586
36832.253
36873.919
36915.586
36957.255
36998.914
37040.580
37082.246
37123.910
37165.576
37207.241
37248.906
37290.571
37332.236
37373.904
37415.567
37457.234
37498.898
37540.564
37582.229
37623.896
37665.560
37707.227
37748.891
37790.556
37832.223
37873.887
37915.556
37957.223
37998.884
38040.549
38082.216
38123.881
38165.546
38207.212
38248.876
38290.542
38332.207
38373.874
38415.538
38457.204
38498.869
38540.535
38582.200
38623.866
38665.531
38707.197
38748.862
38790.527
38832.193
38873.859
38915.527
38957.197
38998.856
39040.520
39082.187
39123.852
39165.517
39207.183
39248.847
39290.512
39332.177
39373.844
39415.509
39457.176
39498.839
39540.505
39582.170
39623.837
39665.501
39707.167
39748.832
39790.499
39832.164
39873.829
39915.497
39957.165
39998.826
40040.492
40082.159
40123.823
40165.488
40207.152
40248.817
40290.482
40332.148
40373.814
40415.480
40457.145
40498.810
40540.476
40582.142
40623.807
40665.472
40707.138
40748.803
40790.469
40832.139
40873.801
40915.468
40957.136
40998.798
41040.462
41082.129
41123.794
41165.459
41207.125
41248.789
41290.453
41332.119
41373.786
41415.450
41457.116
41498.781
41540.448
41582.112
41623.778
41665.443
41707.110
41748.774
41790.440
41832.106
41873.771
41915.438
41957.101
41998.768
42040.433
42082.100
42123.765
42165.430
42207.095
42248.759
42290.425
42332.090
42373.757
42415.421
42457.088
42498.752
42540.418
42582.082
42623.748
42665.414
42707.079
42748.745
42790.410
42832.077
42873.742
42915.410
42957.072
42998.738
43040.403
43082.069
43123.734
43165.400
43207.065
43248.729
43290.396
43332.061
43373.727
43415.392
43457.058
43498.723
43540.388
43582.053
43623.718
43665.384
43707.051
43748.715
43790.380
43832.046
43873.712
43915.380
43957.045
43998.709
44040.374
44082.041
44123.706
44165.371
44207.037
44248.701
44290.368
44332.031
44373.698
44415.362
44457.028
44498.693
44540.359
44582.024
44623.690
44665.354
44707.020
44748.686
44790.351
44832.017
44873.683
44915.351
44957.022
44998.680
45040.345
45082.011
45123.677
45165.341
45207.006
45248.671
45290.337
45332.003
45373.667
45415.333
45456.998
45498.663
45540.329
45581.994
45623.660
45665.325
45706.991
45748.657
45790.322
45831.990
45873.654
45915.322
45956.986
45998.651
46040.318
46081.982
46123.647
46165.314
46206.978
46248.643
46290.307
46331.968
46373.635
46415.299
46456.964
46498.635
46540.295
46581.965
46623.631
46665.292
46706.956
46748.622
46790.288
46831.958
46873.624
46915.292
46956.961
46998.621
47040.286
47081.953
47123.619
47165.282
47206.949
47248.613
47290.280
47331.943
47373.610
47415.275
47456.941
47498.605
47540.270
47581.937
47623.601
47665.267
47706.932
47748.598
47790.263
47831.930
47873.596
47915.263
47956.932
47998.592
48040.256
48081.924
48123.589
48165.253
48206.918
48248.583
48290.250
48331.915
48373.580
48415.245
48456.910
48498.576
48540.241
48581.907
48623.573
48665.238
48706.903
48748.569
48790.234
48831.900
48873.565
48915.234
48956.900
48998.563
49040.227
49081.895
49123.559
49165.224
49206.889
49248.555
49290.220
49331.885
49373.551
49415.216
49456.883
49498.547
49540.213
49581.878
49623.545
49665.208
49706.874
49748.540
49790.205
49831.872
49873.537
49915.204
49956.876
49998.535
50040.198
50081.866
50123.531
50165.196
50206.860
50248.525
50290.190
50331.856
50373.524
50415.187
50456.854
50498.517
50540.183
50581.848
50623.513
50665.179
50706.845
50748.511
50790.175
50831.844
50873.508
50915.179
50956.843
50998.504
51040.168
51081.836
51123.501
51165.165
51206.830
51248.496
51290.161
51331.827
51373.492
51415.158
51456.824
51498.488
51540.155
51581.819
51623.484
51665.150
51706.815
51748.481
51790.146
51831.814
51873.479
51915.145
51956.814
51998.475
52040.140
52081.808
52123.472
52165.136
52206.801
52248.467
52290.132
52331.798
52373.464
52415.129
52456.795
52498.459
52540.126
52581.791
52623.457
52665.121
52706.788
52748.452
52790.118
52831.783
52873.448
52915.116
52956.784
52998.446
53040.111
53081.777
53123.443
53165.106
53206.772
53248.438
53290.103
53331.768
53373.434
53415.100
53456.765
53498.429
53540.095
53581.760
53623.427
53665.092
53706.757
53748.423
53790.088
53831.755
53873.420
53915.087
53956.753
53998.417
54040.083
54081.748
54123.413
54165.079
54206.745
54248.408
54290.076
54331.739
54373.407
54415.070
54456.737
54498.401
54540.068
54581.731
54623.400
54665.062
54706.730
54748.393
54790.059
54831.726
54873.392
54915.059
54956.727
54998.389
55040.053
55081.719
55123.384
55165.050
55206.716
55248.379
55290.046
55331.710
55373.377
55415.041
55456.707
55498.372
55540.039
55581.703
55623.370
55665.033
55706.700
55748.365
55790.030
55831.695
55873.361
55915.029
55956.697
55998.360
56040.023
56081.691
56123.353
56165.019
56206.685
56248.350
56290.015
56331.680
56373.346
56415.013
56456.677
56498.342
56540.008
56581.672
56623.340
56665.004
56706.669
56748.335
56790.000
56831.666
56873.331
56915.000
56956.666
56998.329
57039.995
57081.660
57123.325
57164.991
57206.655
57248.321
57289.986
57331.652
57373.317
57414.983
57456.647
57498.313
57539.978
57581.644
57623.311
57664.975
57706.641
57748.306
57789.972
57831.637
57873.302
57914.971
57956.641
57998.299
58039.966
58081.631
58123.296
58164.961
58206.626
58248.292
58289.957
58331.622
58373.289
58414.952
58456.619
58498.285
58539.949
58581.614
58623.280
58664.945
58706.611
58748.277
58789.941
58831.609
58873.273
58914.941
58956.606
58998.271
59039.935
59081.602
59123.267
59164.932
59206.598
59248.262
59289.929
59331.594
59373.259
59414.924
59456.590
59498.254
59539.921
59581.586
59623.251
59664.916
59706.584
59748.248
59789.914
59831.578
59873.243
59914.911
59956.577
59998.241
60039.906
60081.573
60123.239
60164.903
60206.568
60248.233
60289.898
60331.564
60373.229
60414.895
60456.559
60498.226
60539.892
60581.557
60623.221
60664.887
60706.552
60748.218
60789.883
60831.551
60873.215
60914.883
60956.547
60998.211
61039.878
61081.542
61123.208
61164.874
61206.538
61248.203
61289.869
61331.534
61373.199
61414.866
61456.531
61498.196
61539.861
61581.527
61623.192
61664.858
61706.523
61748.188
61789.854
61831.520
61873.186
61914.853
61956.522
61998.183
62039.848
62081.513
62123.178
62164.844
62206.509
62248.174
62289.841
62331.505
62373.171
62414.836
62456.501
62498.167
62539.832
62581.498
62623.163
62664.829
62706.496
62748.159
62789.825
62831.491
62873.156
62914.826
62956.493
62998.154
63039.820
63081.485
63123.151
63164.817
63206.482
63248.145
63289.810
63331.476
63373.142
63414.807
63456.473
63498.138
63539.803
63581.469
63623.135
63664.799
63706.465
63748.131
63789.796
63831.464
63873.129
63914.796
63956.466
63998.123
64039.791
64081.456
64123.122
64164.787
64206.453
64248.116
64289.782
64331.447
64373.113
64414.778
64456.445
64498.109
64539.776
64581.439
64623.107
64664.771
64706.437
64748.101
64789.768
64831.435
64873.099
64914.767
64956.431
64998.096
65039.760
65081.426
65123.092
65164.758
65206.423
65248.087
65289.753
65331.418
65373.084
65414.748
65456.415
65498.080
65539.746
65581.411
65623.076
65664.741
65706.408
65748.072
65789.738
65831.405
65873.071
65914.737
65956.406
65998.067
66039.732
66081.398
66123.063
66164.729
66206.394
66248.058
66289.724
66331.388
66373.057
66414.719
66456.387
66498.050
66539.717
66581.382
66623.048
66664.712
66706.379
66748.044
66789.709
66831.376
66873.042
66914.707
66956.377
66998.038
67039.703
67081.369
67123.034
67164.699
67206.365
67248.028
67289.695
67331.354
67373.027
67414.685
67456.352
67498.016
67539.687
67581.352
67623.019
67664.683
67706.349
67748.014
67789.680
67831.347
67873.012
67914.679
67956.344
67998.009
68039.675
68081.340
68123.005
68164.671
68206.335
68247.999
68289.666
68331.330
68372.996
68414.661
68456.328
68497.992
68539.658
68581.323
68622.989
68664.654
68706.320
68747.985
68789.650
68831.318
68872.983
68914.651
68956.315
68997.979
69039.645
69081.310
69122.975
69164.641
69206.307
69247.970
69289.637
69331.302
69372.967
69414.632
69456.299
69497.963
69539.629
69581.294
69622.961
69664.625
69706.291
69747.956
69789.621
69831.288
69872.952
69914.620
69956.294
69997.950
70039.615
70081.281
70122.947
70164.612
70206.277
70247.941
70289.606
70331.271
70372.938
70414.603
70456.268
70497.934
70539.600
70581.264
70622.930
70664.595
70706.261
70747.926
70789.592
70831.258
70872.925
70914.591
70956.260
70997.921
71039.586
71081.252
71122.917
71164.582
71206.247
71247.912
71289.577
71331.244
71372.908
71414.574
71456.239
71497.904
71539.570
71581.236
71622.900
71664.567
71706.232
71747.898
71789.562
71831.229
71872.894
71914.563
71956.231
71997.892
72039.557
72081.223
72122.889
72164.553
72206.218
72247.883
72289.549
72331.214
72372.880
72414.545
72456.211
72497.875
72539.541
72581.206
72622.871
72664.537
72706.202
72747.868
72789.533
72831.200
72872.866
72914.533
72956.206
72997.862
73039.529
73081.194
73122.860
73164.524
73206.188
73247.854
73289.520
73331.185
73372.852
73414.515
73456.181
73497.846
73539.513
73581.177
73622.844
73664.508
73706.174
73747.839
73789.506
73831.170
73872.836
73914.504
73956.173
73997.833
74039.499
74081.164
74122.830
74164.494
74206.159
74247.825
74289.490
74331.155
74372.822
74414.487
74456.153
74497.817
74539.483
74581.148
74622.814
74664.479
74706.144
74747.810
74789.475
74831.141
74872.806
74914.475
74956.140
74997.803
75039.468
75081.135
75122.799
75164.465
75206.130
75247.794
75289.460
75331.126
75372.791
75414.457
75456.123
75497.788
75539.455
75581.119
75622.786
75664.449
75706.116
75747.781
75789.446
75831.111
75872.778
75914.445
75956.115
75997.775
76039.440
76081.106
76122.771
76164.436
76206.101
76247.766
76289.431
76331.097
76372.764
76414.428
76456.093
76497.758
76539.425
76581.089
76622.754
76664.420
76706.088
76747.752
76789.418
76831.083
76872.749
76914.416
76956.083
76997.745
77039.411
77081.076
77122.741
77164.407
77206.073
77247.737
77289.404
77331.067
77372.733
77414.399
77456.065
77497.730
77539.396
77581.061
77622.727
77664.392
77706.057
77747.723
77789.388
77831.053
77872.719
77914.387
77956.054
77997.717
78039.381
78081.047
78122.712
78164.377
78206.043
78247.708
78289.375
78331.040
78372.705
78414.370
78456.035
78497.700
78539.366
78581.031
78622.697
78664.362
78706.028
78747.693
78789.359
78831.026
78872.692
78914.359
78956.029
78997.688
79039.353
79081.019
79122.685
79164.348
79206.013
79247.679
79289.346
79331.010
79372.675
79414.340
79456.006
79497.672
79539.336
79581.003
79622.667
79664.333
79705.998
79747.663
79789.330
79830.995
79872.660
79914.328
79956.000
79997.658
80039.324
80080.990
80122.655
80164.320
80205.985
80247.651
80289.316
80330.980
80372.645
80414.311
80455.977
80497.643
80539.308
80580.973
80622.639
80664.304
80705.970
80747.634
80789.300
80830.966
80872.631
80914.299
80955.969
80997.629
81039.295
81080.960
81122.626
81164.290
81205.955
81247.621
81289.286
81330.951
81372.616
81414.282
81455.948
81497.613
81539.280
81580.944
81622.610
81664.274
81705.942
81747.605
81789.273
81830.937
81872.602
81914.272
81955.942
81997.600
82039.264
82080.931
82122.597
82164.262
82205.927
82247.592
82289.257
82330.922
82372.589
82414.253
82455.920
82497.584
82539.249
82580.915
82622.582
82664.245
82705.911
82747.577
82789.242
82830.908
82872.574
82914.241
82955.909
82997.572
83039.237
83080.901
83122.567
83164.233
83205.898
83247.562
83289.228
83330.894
83372.559
83414.225
83455.890
83497.555
83539.221
83580.886
83622.552
83664.217
83705.882
83747.548
83789.214
83830.879
83872.543
83914.211
83955.881
83997.541
84039.206
84080.871
84122.538
84164.204
84205.868
84247.533
84289.199
84330.864
84372.531
84414.195
84455.860
84497.525
84539.193
84580.856
84622.521
84664.188
84705.853
84747.518
84789.184
84830.849
84872.514
84914.182
84955.849
84997.512
85039.178
85080.845
85122.509
85164.172
85205.840
85247.505
85289.170
85330.837
85372.501
85414.166
85455.832
85497.537
85539.164
85580.854
85622.493
85664.180
85705.824
85747.501
85789.154
85830.820
85872.486
85914.156
85955.824
85997.482
86039.149
86080.814
86122.480
86164.144
86205.809
86247.470
86289.140
86330.806
86372.470
86414.137
86455.803
86497.467
86539.132
86580.798
86622.463
86664.130
86705.794
86747.460
86789.125
86830.791
86872.456
86914.126
86955.794
86997.455
87039.120
87080.784
87122.450
87164.115
87205.780
87247.446
87289.111
87330.777
87372.444
87414.108
87455.773
87497.438
87539.104
87580.769
87622.436
87664.100
87705.767
87747.431
87789.096
87830.763
87872.428
87914.095
87955.764
87997.426
88039.091
88080.755
88122.422
88164.086
88205.753
88247.416
88289.081
88330.747
88372.412
88414.078
88455.743
88497.409
88539.076
88580.740
88622.405
88664.071
88705.737
88747.402
88789.067
88830.735
88872.399
88914.068
88955.758
88997.397
89039.061
89080.726
89122.393
89164.057
89205.721
89247.387
89289.052
89330.718
89372.385
89414.050
89455.717
89497.379
89539.045
89580.711
89622.376
89664.042
89705.707
89747.372
89789.038
89830.705
89872.369
89914.037
89955.703
89997.367
90039.031
90080.697
90122.363
90164.029
90205.693
90247.359
90289.024
90330.689
90372.355
90414.020
90455.685
90497.351
90539.018
90580.682
90622.347
90664.012
90705.678
90747.343
90789.010
90830.675
90872.340
90914.010
90955.676
90997.338
91039.003
91080.670
91122.335
91163.999
91205.664
91247.329
91288.995
91330.661
91372.327
91413.991
91455.656
91497.321
91538.987
91580.652
91622.318
91663.983
91705.649
91747.315
91788.982
91830.646
91872.312
91913.980
91955.651
91997.309
92038.972
92080.640
92122.305
92163.970
92205.636
92247.299
92288.965
92330.632
92372.298
92413.962
92455.628
92497.292
92538.958
92580.624
92622.289
92663.954
92705.620
92747.286
92788.951
92830.617
92872.283
92913.950
92955.623
92997.279
93038.945
93080.609
93122.275
93163.940
93205.606
93247.271
93288.936
93330.602
93372.267
93413.933
93455.598
93497.264
93538.929
93580.595
93622.259
93663.925
93705.591
93747.256
93788.922
93830.588
93872.254
93913.921
93955.591
93997.251
94038.917
94080.583
94122.246
94163.912
94205.578
94247.242
94288.909
94330.572
94372.238
94413.904
94455.569
94497.234
94538.899
94580.565
94622.230
94663.896
94705.562
94747.221
94788.888
94830.558
94872.218
94913.891
94955.557
94997.221
95038.885
95080.551
95122.217
95163.881
95205.547
95247.213
95288.879
95330.544
95372.209
95413.875
95455.540
95497.206
95538.872
95580.536
95622.201
95663.866
95705.534
95747.199
95788.865
95830.529
95872.195
95913.864
95955.532
95997.192
96038.858
96080.522
96122.190
96163.853
96205.518
96247.183
96288.851
96330.515
96372.180
96413.846
96455.512
96497.177
96538.843
96580.507
96622.173
96663.838
96705.505
96747.169
96788.837
96830.500
96872.165
96913.833
96955.500
96997.164
97038.829
97080.495
97122.160
97163.824
97205.491
97247.155
97288.822
97330.487
97372.150
97413.817
97455.482
97497.148
97538.813
97580.479
97622.143
97663.809
97705.476
97747.139
97788.806
97830.472
97872.138
97913.805
97955.470
97997.134
98038.799
98080.466
98122.131
98163.795
98205.460
98247.125
98288.790
98330.456
98372.123
98413.788
98455.453
98497.118
98538.783
98580.449
98622.115
98663.780
98705.445
98747.112
98788.775
98830.442
98872.107
98913.777
98955.445
98997.104
99038.770
99080.438
99122.100
99163.766
99205.432
99247.097
99288.763
99330.429
99372.093
99413.759
99455.426
99497.090
99538.757
99580.420
99622.087
99663.752
99705.416
99747.083
99788.748
99830.413
99872.080
99913.745
99955.411
99997.077
100038.735
100080.404
100122.067
100163.738
100205.404
100247.068
100288.732
100330.398
100372.063
100413.729
100455.395
100497.060
100538.725
100580.391
100622.056
100663.722
100705.388
100747.052
100788.719
100830.385
100872.049
100913.717
100955.387
100997.047
101038.713
101080.379
101122.043
101163.708
101205.374
101247.039
101288.705
101330.370
101372.036
101413.700
101455.367
101497.031
101538.696
101580.362
101622.028
101663.693
101705.359
101747.024
101788.689
101830.355
101872.021
101913.690
101955.357
101997.018
102038.683
102080.348
102122.014
102163.679
102205.345
102247.009
102288.675
102330.341
102372.006
102413.671
102455.337
102497.002
102538.668
102580.333
102621.998
102663.664
102705.330
102746.995
102788.661
102830.326
102871.992
102913.659
102955.324
102996.988
103038.654
103080.319
103121.985
103163.651
103205.317
103246.981
103288.647
103330.311
103371.978
103413.642
103455.308
103496.973
103538.638
103580.304
103621.970
103663.634
103705.300
103746.966
103788.631
103830.298
103871.962
103913.632
103955.301
103996.960
104038.624
104080.290
104121.956
104163.621
104205.286
104246.951
104288.616
104330.282
104371.948
104413.613
104455.278
104496.944
104538.609
104580.274
104621.941
104663.606
104705.271
104746.936
104788.602
104830.268
104871.934
104913.601
104955.269
104996.931
105038.595
105080.262
105121.928
105163.591
105205.257
105246.922
105288.587
105330.252
105371.919
105413.584
105455.249
105496.914
105538.580
105580.246
105621.911
105663.576
105705.241
105746.908
105788.573
105830.239
105871.906
105913.573
105955.241
105996.901
106038.567
106080.233
106121.899
106163.563
106205.229
106246.893
106288.559
106330.223
106371.891
106413.555
106455.220
106496.886
106538.551
106580.217
106621.882
106663.547
106705.212
106746.879
106788.544
106830.209
106871.876
106913.545
106955.213
106996.873
107038.538
107080.204
107121.869
107163.534
107205.200
107246.864
107288.529
107330.196
107371.861
107413.526
107455.193
107496.856
107538.523
107580.188
107621.853
107663.518
107705.184
107746.849
107788.515
107830.181
107871.845
107913.514
107955.183
107996.843
108038.510
108080.174
108121.840
108163.505
108205.169
108246.836
108288.500
108330.166
108371.831
108413.497
108455.162
108496.828
108538.493
108580.158
108621.825
108663.489
108705.156
108746.821
108788.486
108830.153
108871.818
108913.486
108955.156
108996.815
109038.478
109080.146
109121.812
109163.477
109205.142
109246.805
109288.471
109330.137
109371.803
109413.468
109455.133
109496.798
109538.464
109580.129
109621.795
109663.461
109705.126
109746.791
109788.457
109830.123
109871.789
109913.456
109955.123
109996.786
110038.451
110080.116
110121.780
110163.448
110205.113
110246.777
110288.443
110330.108
110371.773
110413.438
110455.104
110496.770
110538.436
110580.101
110621.767
110663.431
110705.098
110746.762
110788.427
110830.094
110871.758
110913.427
110955.098
110996.756
111038.421
111080.087
111121.752
111163.418
111205.083
111246.747
111288.412
111330.078
111371.744
111413.410
111455.076
111496.741
111538.406
111580.071
111621.737
111663.402
111705.068
111746.733
111788.400
111830.065
111871.731
111913.398
111955.068
111996.728
112038.392
112080.059
112121.725
112163.388
112205.053
112246.718
112288.384
112330.050
112371.716
112413.380
112455.045
112496.711
112538.377
112580.042
112621.707
112663.373
112705.039
112746.704
112788.369
112830.036
112871.702
112913.368
112955.037
112996.698
113038.364
113080.028
113121.694
113163.359
113205.024
113246.690
113288.356
113330.020
113371.686
113413.352
113455.018
113496.682
113538.348
113580.013
113621.680
113663.344
113705.011
113746.675
113788.341
113830.007
113871.671
113913.340
113955.009
113996.669
114038.334
114080.001
114121.664
114163.329
114204.996
114246.660
114288.326
114329.991
114371.657
114413.323
114454.988
114496.653
114538.318
114579.984
114621.650
114663.315
114704.980
114746.646
114788.311
114829.979
114871.644
114913.310
114954.980
114996.641
115038.306
115079.972
115121.638
115163.303
115204.968
115246.631
115288.297
115329.963
115371.628
115413.293
115454.958
115496.624
115538.290
115579.955
115621.621
115663.286
115704.951
115746.617
115788.282
115829.950
115871.615
115913.285
115954.951
115996.612
116038.277
116079.942
116121.608
116163.274
116204.938
116246.602
116288.268
116329.933
116371.599
116413.264
116454.930
116496.595
116538.261
116579.926
116621.592
116663.257
116704.922
116746.587
116788.253
116829.920
116871.586
116913.254
116954.925
116996.582
117038.247
117079.914
117121.579
117163.245
117204.910
117246.573
117288.239
117329.904
117371.569
117413.235
117454.901
117496.566
117538.231
117579.897
117621.563
117663.228
117704.893
117746.559
117788.224
117829.891
117871.557
117913.226
117954.895
117996.553
118038.219
118079.885
118121.550
118163.215
118204.881
118246.544
118288.209
118329.875
118371.542
118413.206
118454.872
118496.537
118538.204
118579.868
118621.534
118663.198
118704.864
118746.529
118788.195
118829.862
118871.528
118913.197
118954.864
118996.525
119038.189
119079.855
119121.521
119163.187
119204.852
119246.515
119288.181
119329.846
119371.513
119413.177
119454.843
119496.507
119538.174
119579.839
119621.504
119663.170
119704.836
119746.501
119788.165
119829.832
119871.499
119913.167
119954.833
119996.494
120038.160
120079.825
120121.491
120163.156
120204.821
120246.486
120288.152
120329.818
120371.483
120413.148
120454.815
120496.479
120538.145
120579.810
120621.475
120663.140
120704.807
120746.471
120788.138
120829.802
120871.468
120913.137
120954.806
120996.466
121038.130
121079.798
121121.462
121163.126
121204.792
121246.452
121288.122
121329.783
121371.453
121413.114
121454.784
121496.451
121538.114
121579.780
121621.446
121663.111
121704.777
121746.442
121788.107
121829.773
121871.439
121913.108
121954.776
121996.440
122038.102
122079.767
122121.433
122163.097
122204.763
122246.428
122288.094
122329.758
122371.425
122413.090
122454.756
122496.420
122538.086
122579.751
122621.417
122663.082
122704.749
122746.413
122788.078
122829.744
122871.411
122913.079
122954.742
122996.408
123038.074
123079.738
123121.404
123163.070
123204.735
123246.399
123288.066
123329.730
123371.395
123413.060
123454.726
123496.391
123538.058
123579.722
123621.388
123663.053
123704.719
123746.384
123788.049
123829.717
123871.382
123913.051
123954.719
123996.380
124038.044
124079.709
124121.373
124163.040
124204.705
124246.366
124288.035
124329.695
124371.368
124413.027
124454.697
124496.357
124538.028
124579.694
124621.360
124663.024
124704.690
124746.356
124788.021
124829.686
124871.354
124913.020
124954.684
124996.350
125038.016
125079.681
125121.346
125163.011
125204.677
125246.343
125288.007
125329.674
125371.337
125413.005
125454.670
125496.333
125537.999
125579.665
125621.326
125662.995
125704.660
125746.326
125787.986
125829.652
125871.317
125912.991
125954.665
125996.321
126037.987
126079.652
126121.317
126162.981
126204.646
126246.312
126287.978
126329.643
126371.308
126412.975
126454.640
126496.306
126537.969
126579.635
126621.302
126662.967
126704.631
126746.298
126787.963
126829.629
126871.294
126912.962
126954.631
126996.290
127037.957
127079.623
127121.287
127162.952
127204.618
127246.286
127287.948
127329.616
127371.278
127412.945
127454.610
127496.276
127537.940
127579.609
127621.273
127662.938
127704.602
127746.270
127787.934
127829.600
127871.265
127912.933
127954.605
127996.263
128037.928
128079.596
128121.258
128162.924
128204.590
128246.255
128287.919
128329.586
128371.250
128412.917
128454.582
128496.247
128537.912
128579.578
128621.244
128662.909
128704.573
128746.239
128787.905
128829.570
128871.236
128912.904
128954.569
128996.234
129037.899
129079.564
129121.229
129162.893
129204.561
129246.226
129287.891
129329.600
129371.221
129412.912
129454.553
129496.238
129537.883
129579.559
129621.215
129662.876
129704.544
129746.205
129787.876
129829.543
129871.208
129912.876
129954.546
129996.205
130037.871
130079.535
130121.203
130162.866
130204.530
130246.196
130287.863
130329.527
130371.192
130412.852
130454.523
130496.189
130537.854
130579.520
130621.185
130662.851
130704.516
130746.182
130787.847
130829.514
130871.179
130912.846
130954.512
130996.169
131037.840
131079.500
131121.165
131162.831
131204.496
131246.162
131287.834
131329.500
131371.165
131412.872
131454.496
131496.193
131537.825
131579.513
131621.156
131662.836
131704.486
131746.164
131787.818
131829.484
131871.151
131912.819
131954.488
131996.147
132037.813
132079.477
132121.144
132162.809
132204.474
132246.140
132287.803
132329.470
132371.134
132412.800
132454.465
132496.131
132537.796
132579.464
132621.127
132662.793
132704.458
132746.124
132787.789
132829.456
132871.121
132912.790
132954.457
132996.118
133037.783
133079.449
133121.114
133162.779
133204.445
133246.110
133287.774
133329.440
133371.106
133412.773
133454.436
133496.103
133537.767
133579.435
133621.099
133662.765
133704.429
133746.096
133787.759
133829.427
133871.092
133912.760
133954.429
133996.089
134037.755
134079.420
134121.085
134162.750
134204.416
134246.082
134287.745
134329.412
134371.076
134412.742
134454.407
134496.074
134537.737
134579.403
134621.068
134662.736
134704.400
134746.067
134787.730
134829.398
134871.063
134912.729
134954.398
134996.060
135037.725
135079.391
135121.057
135162.722
135204.387
135246.053
135287.716
135329.383
135371.048
135412.715
135454.378
135496.045
135537.709
135579.376
135621.040
135662.707
135704.370
135746.038
135787.702
135829.368
135871.034
135912.701
135954.371
135996.031
136037.696
136079.362
136121.027
136162.693
136204.358
136246.024
136287.687
136329.355
136371.018
136412.686
136454.349
136496.016
136537.680
136579.347
136621.011
136662.679
136704.342
136746.009
136787.673
136829.340
136871.005
136912.674
136954.341
136996.002
137037.667
137079.333
137120.998
137162.664
137204.329
137245.994
137287.659
137329.325
137370.989
137412.656
137454.320
137495.987
137537.650
137579.319
137620.984
137662.647
137704.313
137745.980
137787.644
137829.311
137870.976
137912.645
137954.313
137995.973
138037.638
138079.304
138120.969
138162.634
138204.300
138245.965
138287.629
138329.297
138370.961
138412.627
138454.291
138495.958
138537.622
138579.289
138620.953
138662.620
138704.283
138745.951
138787.614
138829.282
138870.948
138912.617
138954.282
138995.944
139037.609
139079.275
139120.938
139162.605
139204.271
139245.937
139287.600
139329.267
139370.931
139412.599
139454.261
139495.929
139537.593
139579.260
139620.924
139662.591
139704.255
139745.920
139787.586
139829.253
139870.918
139912.585
139954.254
139995.914
140037.580
140079.246
140120.911
140162.577
140204.242
140245.908
140287.571
140329.238
140370.902
140412.569
140454.233
140495.900
140537.564
140579.231
140620.895
140662.562
140704.226
140745.893
140787.556
140829.224
140870.889
140912.555
140954.226
140995.886
141037.551
141079.217
141120.882
141162.548
141204.213
141245.878
141287.542
141329.210
141370.873
141412.540
141454.204
141495.871
141537.535
141579.202
141620.866
141662.533
141704.197
141745.864
141787.528
141829.194
141870.861
141912.527
141954.195
141995.857
142037.522
142079.187
142120.853
142162.518
142204.184
142245.849
142287.513
142329.180
142370.845
142412.511
142454.175
142495.842
142537.506
142579.173
142620.838
142662.504
142704.167
142745.836
142787.499
142829.166
142870.830
142912.498
142954.168
142995.828
143037.493
143079.159
143120.824
143162.490
143204.155
143245.820
143287.484
143329.151
143370.815
143412.482
143454.146
143495.813
143537.477
143579.144
143620.808
143662.475
143704.138
143745.806
143787.470
143829.137
143870.802
143912.469
143954.140
143995.799
144037.464
144079.130
144120.795
144162.460
144204.126
144245.790
144287.455
144329.122
144370.786
144412.453
144454.118
144495.782
144537.449
144579.114
144620.780
144662.444
144704.109
144745.776
144787.440
144829.107
144870.772
144912.450
144954.109
144995.768
145037.435
145079.100
145120.765
145162.430
145204.097
145245.761
145287.425
145329.092
145370.757
145412.424
145454.088
145495.754
145537.419
145579.084
145620.750
145662.415
145704.081
145745.747
145787.411
145829.077
145870.743
145912.412
145954.079
145995.741
146037.404
146079.070
146120.738
146162.401
146204.066
146245.732
146287.397
146329.063
146370.728
146412.394
146454.059
146495.725
146537.391
146579.056
146620.720
146662.387
146704.052
146745.717
146787.383
146829.049
146870.714
146912.381
146954.045
146995.712
147037.376
147079.041
147120.707
147162.372
147204.040
147245.705
147287.369
147329.035
147370.699
147412.365
147454.031
147495.696
147537.360
147579.026
147620.692
147662.358
147704.022
147745.689
147787.354
147829.019
147870.685
147912.354
147954.017
147995.682
148037.348
148079.014
148120.678
148162.344
148204.009
148245.675
148287.339
148329.005
148370.671
148412.337
148454.002
148495.668
148537.331
148578.997
148620.662
148662.328
148703.993
148745.660
148787.325
148828.991
148870.656
148912.326
148953.995
148995.653
149037.318
149078.983
149120.650
149162.315
149203.979
149245.645
149287.311
149328.975
149370.641
149412.307
149453.971
149495.637
149537.304
149578.969
149620.634
149662.300
149703.964
149745.630
149787.296
149828.961
149870.627
149912.295
149953.964
149995.624
150037.290
150078.956
150120.621
150162.287
150203.951
150245.618
150287.280
150328.947
150370.612
150412.278
150453.942
150495.610
150537.274
150578.940
150620.604
150662.270
150703.938
150745.602
150787.268
150828.933
150870.598
150912.266
150953.936
150995.596
151037.260
151078.927
151120.592
151162.256
151203.922
151245.587
151287.253
151328.918
151370.582
151412.249
151453.914
151495.579
151537.244
151578.910
151620.577
151662.242
151703.907
151745.567
151787.237
151828.904
151870.569
151912.236
151953.901
151995.560
152037.232
152078.898
152120.563
152162.227
152203.893
152245.560
152287.223
152328.889
152370.554
152412.220
152453.886
152495.553
152537.217
152578.882
152620.547
152662.213
152703.879
152745.546
152787.209
152828.875
152870.540
152912.208
152953.874
152995.538
153037.203
153078.868
153120.534
153162.198
153203.864
153245.530
153287.195
153328.860
153370.525
153412.192
153453.857
153495.522
153537.186
153578.852
153620.518
153662.185
153703.849
153745.516
153787.180
153828.846
153870.511
153912.180
153953.848
153995.509
154037.175
154078.840
154120.505
154162.169
154203.835
154245.502
154287.167
154328.832
154370.495
154412.163
154453.827
154495.493
154537.159
154578.824
154620.489
154662.155
154703.820
154745.486
154787.150
154828.816
154870.482
154912.151
154953.819
154995.480
155037.145
155078.811
155120.475
155162.141
155203.806
155245.472
155287.137
155328.802
155370.467
155412.134
155453.798
155495.464
155537.129
155578.795
155620.461
155662.125
155703.792
155745.457
155787.121
155828.787
155870.453
155912.121
155953.790
155995.451
156037.116
156078.782
156120.447
156162.112
156203.778
156245.443
156287.107
156328.773
156370.438
156412.105
156453.769
156495.435
156537.100
156578.766
156620.431
156662.098
156703.763
156745.427
156787.093
156828.758
156870.425
156912.094
156953.761
156995.421
157037.087
157078.753
157120.413
157162.076
157203.746
157245.407
157287.079
157328.744
157370.410
157412.075
157453.740
157495.406
157537.071
157578.737
157620.401
157662.068
157703.733
157745.399
157787.063
157828.729
157870.395
157912.062
157953.733
157995.392
158037.057
158078.724
158120.390
158162.053
158203.719
158245.385
158287.049
158328.715
158370.382
158412.048
158453.711
158495.378
158537.042
158578.709
158620.373
158662.038
158703.704
158745.371
158787.035
158828.700
158870.366
158912.034
158953.700
158995.364
159037.029
159078.695
159120.361
159162.024
159203.690
159245.357
159287.021
159328.687
159370.351
159412.018
159453.683
159495.348
159537.013
159578.679
159620.344
159662.010
159703.675
159745.341
159787.007
159828.673
159870.336
159912.007
159953.684
159995.335
160037.000
160078.666
160120.331
160161.994
160203.661
160245.326
160286.990
160328.658
160370.322
160411.988
160453.652
160495.318
160536.984
160578.649
160620.315
160661.980
160703.646
160745.312
160786.976
160828.643
160870.308
160911.977
160953.649
160995.305
161036.970
161078.637
161120.303
161161.966
161203.632
161245.298
161286.962
161328.629
161370.293
161411.959
161453.624
161495.291
161536.954
161578.621
161620.286
161661.951
161703.618
161745.282
161786.947
161828.613
161870.279
161911.948
161953.617
161995.277
162036.941
162078.608
162120.274
162161.939
162203.603
162245.269
162286.934
162328.599
162370.264
162411.930
162453.594
162495.261
162536.925
162578.592
162620.258
162661.925
162703.587
162745.253
162786.918
162828.584
162870.251
162911.919
162953.589
162995.247
163036.912
163078.579
163120.245
163161.910
163203.574
163245.240
163286.906
163328.571
163370.236
163411.903
163453.566
163495.232
163536.897
163578.563
163620.229
163661.895
163703.558
163745.225
163786.891
163828.555
163870.222
163911.889
163953.556
163995.219
164036.884
164078.550
164120.215
164161.880
164203.545
164245.211
164286.876
164328.542
164370.206
164411.872
164453.537
164495.202
164536.867
164578.534
164620.198
164661.864
164703.529
164745.196
164786.860
164828.527
164870.193
164911.862
164953.529
164995.189
165036.856
165078.522
165120.185
165161.850
165203.517
165245.183
165286.846
165328.508
165370.178
165411.845
165453.508
165495.174
165536.839
165578.505
165620.170
165661.835
165703.501
165745.167
165786.832
165828.498
165870.164
165911.831
165953.501
165995.161
166036.826
166078.492
166120.158
166161.820
166203.488
166245.154
166286.817
166328.485
166370.149
166411.815
166453.479
166495.145
166536.811
166578.476
166620.141
166661.807
166703.473
166745.138
166786.804
166828.469
166870.135
166911.802
166953.471
166995.131
167036.797
167078.463
167120.129
167161.792
167203.459
167245.125
167286.788
167328.455
167370.119
167411.786
167453.450
167495.116
167536.782
167578.447
167620.113
167661.777
167703.442
167745.110
167786.774
167828.440
167870.105
167911.774
167953.446
167995.102
168036.768
168078.434
168120.099
168161.762
168203.429
168245.095
168286.759
168328.426
168370.090
168411.757
168453.421
168495.087
168536.752
168578.418
168620.084
168661.748
168703.414
168745.080
168786.745
168828.411
168870.076
168911.746
168953.413
168995.073
169036.739
169078.404
169120.070
169161.733
169203.400
169245.065
169286.730
169328.396
169370.061
169411.727
169453.393
169495.059
169536.723
169578.390
169620.053
169661.719
169703.384
169745.053
169786.716
169828.383
169870.049
169911.716
169953.379
169995.045
170036.710
170078.376
170120.041
170161.706
170203.373
170245.038
170286.702
170328.369
170370.033
170411.700
170453.363
170495.031
170536.694
170578.361
170620.025
170661.692
170703.356
170745.023
170786.687
170828.354
170870.020
170911.687
170953.361
170995.016
171036.681
171078.347
171120.013
171161.677
171203.343
171245.009
171286.673
171328.340
171370.003
171411.670
171453.334
171494.999
171536.666
171578.333
171619.996
171661.663
171703.327
171744.994
171786.658
171828.325
171869.990
171911.659
171953.325
171994.987
172036.652
172078.318
172119.984
172161.649
172203.314
172244.980
172286.643
172328.310
172369.974
172411.641
172453.306
172494.973
172536.636
172578.301
172619.967
172661.634
172703.298
172744.965
172786.628
172828.293
172869.959
172911.628
172953.300
172994.956
173036.622
173078.289
173119.953
173161.618
173203.284
173244.950
173286.616
173328.281
173369.945
173411.612
173453.277
173494.943
173536.608
173578.272
173619.937
173661.604
173703.269
173744.935
173786.600
173828.267
173869.931
173911.601
173953.270
173994.928
174036.593
174078.260
174119.925
174161.589
174203.256
174244.922
174286.585
174328.251
174369.916
174411.583
174453.249
174494.914
174536.579
174578.245
174619.908
174661.575
174703.239
174744.905
174786.570
174828.238
174869.902
174911.571
174953.242
174994.900
175036.566
175078.232
175119.896
175161.561
175203.227
175244.893
175286.557
175328.223
175369.888
175411.552
175453.219
175494.885
175536.549
175578.216
175619.882
175661.546
175703.211
175744.878
175786.543
175828.207
175869.874
175911.543
175953.209
175994.871
176036.535
176078.201
176119.867
176161.532
176203.197
176244.863
176286.528
176328.194
176369.859
176411.524
176453.189
176494.854
176536.520
176578.185
176619.851
176661.517
176703.184
176744.848
176786.514
176828.178
176869.845
176911.513
176953.183
176994.842
177036.507
177078.172
177119.838
177161.503
177203.169
177244.835
177286.498
177328.166
177369.829
177411.497
177453.160
177494.827
177536.491
177578.159
177619.822
177661.490
177703.153
177744.820
177786.484
177828.152
177869.814
177911.477
177953.143
177994.806
178036.472
178078.137
178119.807
178161.475
178203.140
178244.805
178286.470
178328.136
178369.800
178411.468
178453.131
178494.798
178536.462
178578.130
178619.793
178661.460
178703.124
178744.791
178786.455
178828.122
178869.788
178911.458
178953.118
178994.782
179036.450
179078.115
179119.781
179161.446
179203.111
179244.777
179286.441
179328.108
179369.772
179411.438
179453.103
179494.769
179536.434
179578.100
179619.764
179661.431
179703.097
179744.761
179786.426
179828.093
179869.757
179911.425
179953.090
179994.754
180036.419
180078.087
180119.751
180161.417
180203.082
180244.747
180286.412
180328.077
180369.743
180411.409
180453.074
180494.740
180536.404
180578.070
180619.736
180661.402
180703.067
180744.732
180786.398
180828.062
180869.727
180911.397
180953.060
180994.726
181036.391
181078.057
181119.722
181161.386
181203.052
181244.718
181286.383
181328.049
181369.714
181411.380
181453.045
181494.711
181536.376
181578.042
181619.706
181661.372
181703.037
181744.703
181786.368
181828.034
181869.700
181911.369
181953.035
181994.697
182036.363
182078.028
182119.693
182161.359
182203.024
182244.689
182286.355
182328.019
182369.686
182411.351
182453.016
182494.681
182536.346
182578.014
182619.679
182661.344
182703.009
182744.675
182786.339
182828.005
182869.670
182911.337
182953.009
182994.668
183036.334
183077.999
183119.663
183161.329
183202.995
183244.659
183286.320
183327.986
183369.655
183411.322
183452.987
183494.652
183536.318
183577.983
183619.649
183661.315
183702.979
183744.645
183786.310
183827.975
183869.641
183911.309
183952.976
183994.639
184036.305
184077.970
184119.634
184161.301
184202.965
184244.632
184286.296
184327.962
184369.628
184411.293
184452.958
184494.624
184536.288
184577.955
184619.620
184661.286
184702.951
184744.617
184786.282
184827.948
184869.613
184911.280
184952.946
184994.610
185036.276
185077.942
185119.606
185161.271
185202.937
185244.601
185286.268
185327.934
185369.598
185411.265
185452.929
185494.595
185536.261
185577.926
185619.591
185661.256
185702.922
185744.588
185786.254
185827.919
185869.585
185911.251
185952.923
185994.582
186036.246
186077.913
186119.578
186161.242
186202.907
186244.575
186286.238
186327.905
186369.568
186411.234
186452.899
186494.566
186536.231
186577.897
186619.562
186661.228
186702.892
186744.557
186786.224
186827.890
186869.555
186911.225
186952.895
186994.553
187036.216
187077.884
187119.548
187161.213
187202.879
187244.544
187286.210
187327.875
187369.540
187411.207
187452.871
187494.536
187536.202
187577.868
187619.534
187661.199
187702.864
187744.529
187786.194
187827.860
187869.527
187911.193
187952.858
187994.523
188036.188
188077.854
188119.518
188161.184
188202.850
188244.515
188286.181
188327.847
188369.512
188411.177
188452.843
188494.507
188536.173
188577.839
188619.503
188661.170
188702.834
188744.500
188786.166
188827.832
188869.498
188911.165
188952.832
188994.494
189036.160
189077.826
189119.490
189161.155
189202.820
189244.487
189286.151
189327.816
189369.482
189411.147
189452.813
189494.479
189536.144
189577.809
189619.474
189661.141
189702.805
189744.472
189786.136
189827.802
189869.468
189911.136
189952.802
189994.465
190036.130
190077.796
190119.461
190161.126
190202.791
190244.457
190286.121
190327.788
190369.454
190411.118
190452.783
190494.450
190536.116
190577.779
190619.442
190661.111
190702.776
190744.443
190786.109
190827.774
190869.440
190911.106
190952.772
190994.435
191036.100
191077.766
191119.431
191161.097
191202.763
191244.429
191286.092
191327.759
191369.423
191411.090
191452.756
191494.420
191536.086
191577.752
191619.416
191661.082
191702.747
191744.413
191786.078
191827.744
191869.409
191911.076
191952.748
191994.407
192036.072
192077.740
192119.402
192161.068
192202.732
192244.399
192286.065
192327.731
192369.395
192411.060
192452.725
192494.391
192536.057
192577.722
192619.388
192661.053
192702.718
192744.385
192786.051
192827.715
192869.380
192911.051
192952.716
192994.378
193036.045
193077.709
193119.375
193161.039
193202.705
193244.370
193286.035
193327.701
193369.366
193411.031
193452.696
193494.363
193536.028
193577.694
193619.360
193661.025
193702.690
193744.356
193786.022
193827.687
193869.352
193911.020
193952.684
193994.348
194036.014
194077.679
194119.344
194161.010
194202.675
194244.342
194286.006
194327.673
194369.336
194411.002
194452.668
194494.333
194535.998
194577.664
194619.330
194660.996
194702.660
194744.325
194785.992
194827.657
194869.323
194910.992
194952.661
194994.320
195035.985
195077.652
195119.317
195160.981
195202.646
195244.314
195285.977
195327.644
195369.309
195410.975
195452.639
195494.305
195535.970
195577.636
195619.301
195660.968
195702.631
195744.299
195785.962
195827.630
195869.295
195910.964
195952.634
195994.293
196035.958
196077.623
196119.289
196160.953
196202.619
196244.283
196285.948
196327.615
196369.280
196410.946
196452.610
196494.277
196535.940
196577.608
196619.271
196660.939
196702.604
196744.270
196785.933
196827.600
196869.264
196910.934
196952.597
196994.262
197035.927
197077.593
197119.258
197160.923
197202.590
197244.255
197285.920
197327.586
197369.250
197410.916
197452.581
197494.246
197535.912
197577.578
197619.243
197660.910
197702.574
197744.240
197785.906
197827.571
197869.237
197910.904
197952.568
197994.234
198035.899
198077.564
198119.230
198160.895
198202.561
198244.226
198285.890
198327.555
198369.221
198410.887
198452.552
198494.219
198535.884
198577.549
198619.215
198660.881
198702.546
198744.211
198785.876
198827.542
198869.208
198910.874
198952.539
198994.204
199035.869
199077.533
199119.199
199160.866
199202.530
199244.196
199285.861
199327.526
199369.192
199410.858
199452.523
199494.189
199535.854
199577.521
199619.184
199660.851
199702.516
199744.181
199785.846
199827.511
199869.178
199910.847
199952.510
199994.176
200035.841
200077.507
200119.171
200160.836
200202.502
200244.169
200285.832
200327.499
200369.163
200410.830
200452.494
200494.160
200535.825
200577.491
200619.156
200660.822
200702.487
200744.153
200785.818
200827.485
200869.150
200910.819
200952.486
200994.147
201035.812
201077.478
201119.143
201160.806
201202.472
201244.139
201285.803
201327.471
201369.135
201410.802
201452.467
201494.131
201535.797
201577.463
201619.126
201660.794
201702.458
201744.124
201785.789
201827.454
201869.121
201910.788
201952.457
201994.117
202035.784
202077.449
202119.113
202160.779
202202.446
202244.110
202285.775
202327.441
202369.105
202410.772
202452.436
202494.102
202535.767
202577.433
202619.097
202660.765
202702.430
202744.095
202785.760
202827.425
202869.091
202910.761
202952.431
202994.090
203035.754
203077.420
203119.084
203160.749
203202.414
203244.080
203285.745
203327.412
203369.078
203410.742
203452.406
203494.072
203535.738
203577.405
203619.069
203660.736
203702.400
203744.065
203785.730
203827.398
203869.062
203910.731
203952.401
203994.059
204035.725
204077.392
204119.056
204160.721
204202.385
204244.054
204285.717
204327.383
204369.048
204410.715
204452.378
204494.044
204535.709
204577.374
204619.040
204660.707
204702.372
204744.038
204785.703
204827.368
204869.034
204910.705
204952.366
204994.031
205035.696
205077.362
205119.027
205160.691
205202.356
205244.024
205285.688
205327.353
205369.019
205410.685
205452.351
205494.015
205535.682
205577.346
205619.011
205660.677
205702.342
205744.010
205785.674
205827.339
205869.004
205910.674
205952.337
205994.002
206035.667
206077.333
206118.997
206160.663
206202.328
206243.994
206285.659
206327.326
206368.990
206410.657
206452.321
206493.987
206535.652
206577.318
206618.983
206660.650
206702.314
206743.979
206785.645
206827.311
206868.975
206910.643
206952.311
206993.974
207035.638
207077.305
207118.970
207160.633
207202.298
207243.965
207285.631
207327.296
207368.961
207410.627
207452.293
207493.957
207535.623
207577.287
207618.954
207660.614
207702.284
207743.949
207785.617
207827.281
207868.947
207910.616
207952.285
207993.944
208035.610
208077.275
208118.940
208160.606
208202.269
208243.937
208285.602
208327.267
208368.933
208410.599
208452.263
208493.930
208535.594
208577.260
208618.924
208660.590
208702.255
208743.922
208785.587
208827.254
208868.919
208910.586
208952.252
208993.914
209035.581
209077.245
209118.910
209160.576
209202.241
209243.908
209285.572
209327.239
209368.903
209410.570
209452.235
209493.900
209535.566
209577.232
209618.895
209660.560
209702.226
209743.893
209785.558
209827.223
209868.889
209910.556
209952.227
209993.887
210035.552
210077.218
210118.882
210160.547
210202.212
210243.878
210285.544
210327.209
210368.875
210410.540
210452.206
210493.872
210535.536
210577.201
210618.868
210660.532
210702.197
210743.863
210785.528
210827.194
210868.859
210910.529
210952.192
210993.857
211035.524
211077.189
211118.855
211160.519
211202.183
211243.849
211285.515
211327.181
211368.845
211410.513
211452.178
211493.842
211535.507
211577.174
211618.838
211660.503
211702.169
211743.834
211785.499
211827.165
211868.832
211910.499
211952.163
211993.829
212035.494
212077.160
212118.825
212160.491
212202.156
212243.822
212285.486
212327.152
212368.816
212410.483
212452.148
212493.813
212535.479
212577.144
212618.809
212660.475
212702.141
212743.806
212785.471
212827.136
212868.802
212910.470
212952.135
212993.800
213035.465
213077.131
213118.796
213160.461
213202.127
213243.793
213285.456
213327.124
213368.788
213410.454
213452.118
213493.785
213535.450
213577.116
213618.780
213660.446
213702.111
213743.777
213785.442
213827.108
213868.773
213910.442
213952.111
213993.771
214035.434
214077.102
214118.767
214160.432
214202.091
214243.758
214285.423
214327.094
214368.753
214410.424
214452.084
214493.749
214535.415
214577.080
214618.746
214660.417
214702.081
214743.748
214785.413
214827.079
214868.745
214910.413
214952.082
214993.742
215035.406
215077.073
215118.738
215160.404
215202.069
215243.735
215285.399
215327.065
215368.729
215410.397
215452.060
215493.726
215535.391
215577.057
215618.722
215660.388
215702.053
215743.719
215785.384
215827.052
215868.716
215910.384
215952.054
215993.713
216035.378
216077.042
216118.708
216160.375
216202.041
216243.706
216285.369
216327.036
216368.702
216410.367
216452.033
216493.698
216535.363
216577.030
216618.694
216660.359
216702.025
216743.690
216785.355
216827.023
216868.686
216910.355
216952.019
216993.684
217035.349
217077.016
217118.680
217160.344
217202.011
217243.677
217285.340
217327.006
217368.672
217410.338
217452.002
217493.669
217535.333
217577.000
217618.664
217660.331
217701.995
217743.661
217785.326
217826.993
217868.658
217910.327
217951.995
217993.655
218035.320
218076.985
218118.651
218160.315
218201.977
218243.647
218285.312
218326.977
218368.643
218410.308
218451.973
218493.639
218535.305
218576.971
218618.634
218660.302
218701.966
218743.633
218785.296
218826.964
218868.629
218910.298
218951.961
218993.625
219035.292
219076.957
219118.623
219160.288
219201.954
219243.619
219285.284
219326.949
219368.613
219410.280
219451.945
219493.610
219535.276
219576.942
219618.607
219660.272
219701.936
219743.603
219785.269
219826.933
219868.600
219910.268
219951.941
219993.597
220035.262
220076.929
220118.594
220160.259
220201.923
220243.590
220285.254
220326.920
220368.584
220410.253
220451.915
220493.581
220535.247
220576.912
220618.578
220660.244
220701.907
220743.575
220785.238
220826.905
220868.570
220910.239
220951.904
220993.568
221035.234
221076.899
221118.565
221160.229
221201.894
221243.561
221285.224
221326.890
221368.555
221410.222
221451.887
221493.553
221535.218
221576.885
221618.549
221660.216
221701.880
221743.547
221785.211
221826.877
221868.542
221910.210
221951.882
221993.540
222035.205
222076.871
222118.535
222160.202
222201.866
222243.532
222285.196
222326.863
222368.527
222410.193
222451.859
222493.523
222535.189
222576.855
222618.519
222660.186
222701.850
222743.517
222785.182
222826.848
222868.513
222910.181
222951.853
222993.511
223035.176
223076.842
223118.507
223160.172
223201.838
223243.503
223285.167
223326.834
223368.498
223410.165
223451.829
223493.496
223535.159
223576.827
223618.491
223660.157
223701.822
223743.489
223785.153
223826.820
223868.485
223910.152
223951.817
223993.482
224035.147
224076.813
224118.478
224160.142
224201.807
224243.473
224285.139
224326.805
224368.469
224410.136
224451.801
224493.466
224535.130
224576.796
224618.462
224660.129
224701.793
224743.459
224785.124
224826.791
224868.456
224910.124
224951.793
224993.452
225035.118
225076.784
225118.448
225160.114
225201.779
225243.445
225285.109
225326.775
225368.441
225410.106
225451.771
225493.438
225535.102
225576.769
225618.433
225660.101
225701.764
225743.431
225785.094
225826.762
225868.427
225910.100
225951.759
225993.424
226035.090
226076.754
226118.421
226160.086
226201.751
226243.417
226285.080
226326.748
226368.411
226410.079
226451.742
226493.409
226535.073
226576.741
226618.404
226660.070
226701.735
226743.402
226785.066
226826.734
226868.399
226910.072
226951.730
226993.395
227035.060
227076.726
227118.391
227160.057
227201.722
227243.387
227285.051
227326.719
227368.382
227410.049
227451.713
227493.380
227535.044
227576.712
227618.375
227660.043
227701.706
227743.373
227785.037
227826.702
227868.370
227910.037
227951.702
227993.366
228035.031
228076.698
228118.363
228160.028
228201.693
228243.359
228285.023
228326.690
228368.354
228410.021
228451.684
228493.352
228535.015
228576.682
228618.346
228660.014
228701.677
228743.342
228785.009
228826.675
228868.341
228910.008
228951.672
228993.337
229035.003
229076.668
229118.333
229159.999
229201.664
229243.330
229284.993
229326.662
229368.324
229409.992
229451.655
229493.322
229534.986
229576.653
229618.317
229659.984
229701.648
229743.315
229784.979
229826.646
229868.311
229909.980
229951.646
229993.308
230034.973
230076.639
230118.304
230159.970
230201.636
230243.301
230284.964
230326.632
230368.295
230409.963
230451.626
230493.293
230534.958
230576.625
230618.289
230659.956
230701.619
230743.286
230784.950
230826.618
230868.283
230909.949
230951.615
230993.279
231034.944
231076.611
231118.276
231159.941
231201.607
231243.272
231284.935
231326.603
231368.267
231409.934
231451.597
231493.265
231534.928
231576.595
231618.259
231659.927
231701.590
231743.258
231784.921
231826.588
231868.255
231909.922
231951.586
231993.251
232034.916
232076.581
232118.247
232159.912
232201.577
232243.243
232284.907
232326.574
232368.238
232409.905
232451.568
232493.236
232534.899
232576.567
232618.231
232659.898
232701.562
232743.229
232784.892
232826.560
232868.225
232909.892
232951.556
232993.221
233034.887
233076.550
233118.218
233159.883
233201.548
233243.213
233284.878
233326.544
233368.209
233409.876
233451.540
233493.207
233534.871
233576.537
233618.201
233659.868
233701.534
233743.199
233784.864
233826.532
233868.195
233909.863
233951.528
233993.192
234034.858
234076.524
234118.189
234159.854
234201.520
234243.185
234284.849
234326.516
234368.180
234409.847
234451.511
234493.178
234534.842
234576.509
234618.173
234659.840
234701.503
234743.171
234784.834
234826.501
234868.168
234909.835
234951.498
234993.164
235034.829
235076.495
235118.160
235159.823
235201.491
235243.157
235284.820
235326.487
235368.151
235409.818
235451.482
235493.150
235534.813
235576.480
235618.144
235659.811
235701.474
235743.142
235784.806
235826.473
235868.139
235909.806
235951.473
235993.135
236034.800
236076.466
236118.132
236159.797
236201.460
236243.128
236284.791
236326.459
236368.123
236409.790
236451.453
236493.120
236534.784
236576.451
236618.114
236659.782
236701.446
236743.113
236784.776
236826.444
236868.110
236909.776
236951.445
236993.106
237034.772
237076.441
237118.103
237159.768
237201.433
237243.097
237284.764
237326.430
237368.093
237409.760
237451.425
237493.091
237534.755
237576.422
237618.086
237659.753
237701.417
237743.084
237784.747
237826.415
237868.081
237909.746
237951.413
237993.077
238034.742
238076.408
238118.073
238159.739
238201.404
238243.070
238284.733
238326.401
238368.064
238409.732
238451.395
238493.063
238534.726
238576.393
238618.057
238659.724
238701.388
238743.055
238784.718
238826.386
238868.051
238909.722
238951.383
238993.048
239034.713
239076.379
239118.044
239159.710
239201.374
239243.040
239284.705
239326.369
239368.036
239409.701
239451.368
239493.032
239534.697
239576.363
239618.029
239659.694
239701.360
239743.025
239784.691
239826.357
239868.022
239909.690
239951.354
239993.018
240034.683
240076.351
240118.015
240159.680
240201.345
240243.012
240284.676
240326.343
240368.006
240409.672
240451.337
240493.002
240534.668
240576.333
240617.998
240659.665
240701.331
240742.995
240784.662
240826.328
240867.992
240909.661
240951.325
240992.990
241034.655
241076.322
241117.985
241159.651
241201.316
241242.981
241284.647
241326.312
241367.978
241409.645
241451.309
241492.975
241534.639
241576.306
241617.970
241659.637
241701.300
241742.968
241784.631
241826.297
241867.965
241909.632
241951.296
241992.960
242034.626
242076.292
242117.956
242159.622
242201.287
242242.953
242284.618
242326.286
242367.949
242409.615
242451.280
242492.947
242534.611
242576.278
242617.941
242659.608
242701.273
242742.939
242784.603
242826.270
242867.935
242909.602
242951.266
242992.933
243034.598
243076.264
243117.929
243159.594
243201.260
243242.925
243284.589
243326.256
243367.919
243409.587
243451.250
243492.918
243534.582
243576.249
243617.912
243659.580
243701.244
243742.910
243784.575
243826.240
243867.906
243909.574
243951.239
243992.903
244034.569
244076.235
244117.899
244159.564
244201.229
244242.897
244284.560
244326.225
244367.891
244409.557
244451.221
244492.887
244534.553
244576.220
244617.883
244659.550
244701.214
244742.881
244784.545
244826.211
244867.877
244909.545
244951.220
244992.874
245034.540
245076.205
245117.870
245159.537
245201.200
245242.867
245284.531
245326.196
245367.863
245409.528
245451.193
245492.858
245534.523
245576.190
245617.855
245659.521
245701.186
245742.852
245784.516
245826.182
245867.847
245909.516
245951.190
245992.846
246034.509
246076.177
246117.842
246159.507
246201.172
246242.838
246284.502
246326.167
246367.834
246409.500
246451.163
246492.830
246534.495
246576.163
246617.826
246659.493
246701.157
246742.822
246784.487
246826.153
246867.819
246909.487
246951.155
246992.817
247034.481
247076.145
247117.813
247159.477
247201.137
247242.802
247284.472
247326.133
247367.804
247409.470
247451.135
247492.796
247534.462
247576.128
247617.799
247659.463
247701.129
247742.794
247784.459
247826.124
247867.789
247909.458
247951.123
247992.788
248034.453
248076.120
248117.784
248159.449
248201.114
248242.779
248284.446
248326.110
248367.777
248409.442
248451.108
248492.773
248534.439
248576.104
248617.769
248659.433
248701.100
248742.765
248784.430
248826.096
248867.761
248909.429
248951.104
248992.759
249034.424
249076.091
249117.755
249159.422
249201.086
249242.752
249284.416
249326.081
249367.746
249409.413
249451.079
249492.743
249534.408
249576.075
249617.738
249659.405
249701.069
249742.735
249784.400
249826.066
249867.732
249909.401
249951.077
249992.730
250034.396
250076.061
250117.726
250159.392
250201.058
250242.721
250284.386
250326.054
250367.718
250409.385
250451.048
250492.716
250534.380
250576.047
250617.711
250659.378
250701.041
250742.707
250784.372
250826.040
250867.705
250909.372
250951.046
250992.701
251034.367
251076.032
251117.696
251159.363
251201.029
251242.694
251284.358
251326.025
251367.688
251409.356
251451.020
251492.687
251534.351
251576.018
251617.681
251659.349
251701.012
251742.680
251784.344
251826.011
251867.676
251909.342
251951.009
251992.672
252034.338
252076.003
252117.677
252159.335
252200.998
252242.665
252284.329
252325.994
252367.660
252409.326
252450.991
252492.657
252534.323
252575.988
252617.653
252659.318
252700.983
252742.650
252784.315
252825.982
252867.648
252909.315
252950.994
252992.642
253034.309
253075.974
253117.639
253159.303
253200.968
253242.634
253284.300
253325.965
253367.631
253409.298
253450.961
253492.628
253534.294
253575.958
253617.624
253659.290
253700.954
253742.621
253784.286
253825.952
253867.618
253909.286
253950.953
253992.614
254034.280
254075.944
254117.610
254159.276
254200.940
254242.606
254284.271
254325.937
254367.603
254409.268
254450.934
254492.600
254534.265
254575.930
254617.596
254659.260
254700.926
254742.591
254784.256
254825.923
254867.589
254909.256
254950.934
254992.586
255034.251
255075.915
255117.583
255159.246
255200.911
255242.579
255284.242
255325.907
255367.572
255409.240
255450.905
255492.570
255534.236
255575.902
255617.566
255659.232
255700.897
255742.563
255784.228
255825.894
255867.561
255909.228
255950.905
255992.557
256034.223
256075.888
256117.554
256159.218
256200.883
256242.549
256284.214
256325.880
256367.543
256409.210
256450.876
256492.541
256534.206
256575.873
256617.536
256659.203
256700.867
256742.533
256784.198
256825.864
256867.530
256909.200
256950.862
256992.527
257034.194
257075.860
257117.523
257159.190
257200.855
257242.520
257284.184
257325.851
257367.516
257409.183
257450.847
257492.514
257534.178
257575.844
257617.508
257659.176
257700.839
257742.506
257784.170
257825.837
257867.502
257909.169
257950.834
257992.500
258034.166
258075.830
258117.496
258159.161
258200.827
258242.492
258284.156
258325.823
258367.486
258409.153
258450.818
258492.485
258534.148
258575.815
258617.479
258659.147
258700.810
258742.478
258784.141
258825.809
258867.474
258909.140
258950.809
258992.470
259034.135
259075.801
259117.467
259159.132
259200.798
259242.463
259284.127
259325.794
259367.458
259409.124
259450.789
259492.455
259534.119
259575.785
259617.450
259659.116
259700.781
259742.448
259784.112
259825.779
259867.444
259909.112
259950.790
259992.442
260034.106
260075.772
260117.437
260159.101
260200.767
260242.432
260284.099
260325.765
260367.428
260409.095
260450.761
260492.426
260534.091
260575.757
260617.422
260659.088
260700.752
260742.419
260784.083
260825.751
260867.415
260909.086
260950.757
260992.412
261034.078
261075.744
261117.409
261159.073
261200.737
261242.405
261284.069
261325.735
261367.401
261409.066
261450.730
261492.397
261534.062
261575.727
261617.392
261659.063
261700.724
261742.391
261784.054
261825.722
261867.387
261909.055
261950.723
261992.384
262034.049
262075.714
262117.381
262159.045
262200.711
262242.377
262284.040
262325.708
262367.371
262409.038
262450.701
262492.369
262534.033
262575.700
262617.364
262659.031
262700.694
262742.362
262784.026
262825.694
262867.358
262909.028
262950.691
262992.355
263034.021
263075.686
263117.352
263159.018
263200.682
263242.348
263284.011
263325.678
263367.342
263409.010
263450.673
263492.341
263534.004
263575.671
263617.335
263659.002
263700.666
263742.334
263783.997
263825.663
263867.330
263908.998
263950.665
263992.326
264033.991
264075.657
264117.322
264158.987
264200.653
264242.317
264283.984
264325.649
264367.313
264408.980
264450.645
264492.310
264533.976
264575.641
264617.306
264658.973
264700.638
264742.304
264783.969
264825.634
264867.300
264908.967
264950.641
264992.297
265033.961
265075.628
265117.293
265158.957
265200.623
265242.290
265283.953
265325.620
265367.284
265408.951
265450.616
265492.282
265533.946
265575.613
265617.277
265658.944
265700.608
265742.273
265783.939
265825.606
265867.271
265908.939
265950.608
265992.267
266033.934
266075.600
266117.264
266158.930
266200.594
266242.262
266283.924
266325.590
266367.256
266408.922
266450.587
266492.253
266533.918
266575.583
266617.249
266658.915
266700.580
266742.246
266783.910
266825.577
266867.242
266908.909
266950.587
266992.238
267033.904
267075.570
267117.236
267158.900
267200.566
267242.232
267283.897
267325.563
267367.226
267408.893
267450.558
267492.224
267533.889
267575.554
267617.220
267658.885
267700.551
267742.216
267783.882
267825.547
267867.214
267908.880
267950.545
267992.209
268033.876
268075.541
268117.206
268158.873
268200.537
268242.201
268283.869
268325.533
268367.199
268408.865
268450.529
268492.195
268533.861
268575.526
268617.192
268658.856
268700.522
268742.187
268783.853
268825.518
268867.184
268908.854
268950.536
268992.181
269033.846
269075.513
269117.178
269158.842
269200.509
269242.175
269283.839
269325.505
269367.170
269408.835
269450.500
269492.167
269533.831
269575.497
269617.161
269658.828
269700.494
269742.159
269783.825
269825.491
269867.156
269908.823
269950.504
269992.152
270033.818
270075.485
270117.149
270158.815
270200.480
270242.146
270283.811
270325.474
270367.140
270408.807
270450.472
270492.137
270533.802
270575.468
270617.133
270658.799
270700.460
270742.130
270783.796
270825.461
270867.128
270908.795
270950.475
270992.125
271033.789
271075.455
271117.121
271158.785
271200.451
271242.116
271283.780
271325.446
271367.111
271408.777
271450.442
271492.108
271533.774
271575.439
271617.104
271658.771
271700.440
271742.101
271783.766
271825.433
271867.098
271908.767
271950.440
271992.095
272033.761
272075.427
272117.092
272158.757
272200.421
272242.088
272283.752
272325.418
272367.084
272408.748
272450.413
272492.079
272533.744
272575.410
272617.075
272658.742
272700.407
272742.072
272783.739
272825.403
272867.068
272908.737
272950.402
272992.066
273033.731
273075.397
273117.062
273158.726
273200.392
273242.057
273283.724
273325.388
273367.054
273408.724
273450.386
273492.051
273533.716
273575.384
273617.047
273658.714
273700.378
273742.043
273783.709
273825.373
273867.041
273908.708
273950.383
273992.038
274033.704
274075.369
274117.033
274158.697
274200.363
274242.029
274283.694
274325.359
274367.025
274408.691
274450.356
274492.021
274533.687
274575.352
274617.019
274658.685
274700.349
274742.014
274783.681
274825.344
274867.012
274908.679
274950.344
274992.007
275033.673
275075.341
275117.006
275158.669
275200.334
275242.001
275283.666
275325.331
275366.996
275408.662
275450.327
275491.993
275533.658
275575.324
275616.989
275658.656
275700.320
275741.986
275783.651
275825.317
275866.982
275908.650
275950.315
275991.979
276033.644
276075.311
276116.976
276158.640
276200.306
276241.973
276283.636
276325.303
276366.967
276408.634
276450.299
276491.965
276533.630
276575.295
276616.961
276658.625
276700.292
276741.958
276783.622
276825.288
276866.952
276908.623
276950.286
276991.951
277033.616
277075.283
277116.945
277158.611
277200.277
277241.942
277283.608
277325.273
277366.939
277408.604
277450.269
277491.935
277533.601
277575.267
277616.932
277658.597
277700.262
277741.929
277783.596
277825.260
277866.926
277908.592
277950.257
277991.922
278033.586
278075.253
278116.917
278158.582
278200.249
278241.915
278283.580
278325.245
278366.909
278408.576
278450.236
278491.901
278533.567
278575.238
278616.902
278658.564
278700.235
278741.894
278783.565
278825.224
278866.891
278908.561
278950.242
278991.894
279033.557
279075.221
279116.889
279158.550
279200.220
279241.886
279283.551
279325.217
279366.882
279408.547
279450.211
279491.878
279533.542
279575.207
279616.875
279658.541
279700.205
279741.872
279783.536
279825.201
279866.869
279908.535
279950.214
279991.865
280033.530
280075.195
280116.860
280158.525
280200.192
280241.857
280283.522
280325.188
280366.852
280408.518
280450.185
280491.849
280533.515
280575.181
280616.845
280658.511
280700.175
280741.841
280783.506
280825.173
280866.839
280908.506
280950.181
280991.836
281033.501
281075.167
281116.831
281158.496
281200.168
281241.829
281283.493
281325.158
281366.823
281408.490
281450.154
281491.820
281533.486
281575.151
281616.817
281658.489
281700.148
281741.814
281783.478
281825.145
281866.812
281908.476
281950.155
281991.808
282033.472
282075.138
282116.805
282158.468
282200.132
282241.798
282283.464
282325.129
282366.795
282408.461
282450.126
282491.791
282533.457
282575.121
282616.788
282658.454
282700.119
282741.783
282783.450
282825.115
282866.782
282908.451
282950.124
282991.778
283033.443
283075.109
283116.774
283158.440
283200.103
283241.771
283283.435
283325.100
283366.767
283408.433
283450.096
283491.763
283533.428
283575.093
283616.759
283658.425
283700.090
283741.756
283783.421
283825.088
283866.754
283908.420
283950.085
283991.756
284033.415
284075.081
284116.746
284158.411
284200.077
284241.742
284283.407
284325.072
284366.737
284408.403
284450.068
284491.734
284533.399
284575.066
284616.730
284658.396
284700.061
284741.726
284783.393
284825.058
284866.723
284908.391
284950.064
284991.723
285033.386
285075.052
285116.717
285158.382
285200.047
285241.713
285283.377
285325.043
285366.708
285408.374
285450.039
285491.705
285533.369
285575.037
285616.700
285658.368
285700.032
285741.697
285783.364
285825.029
285866.695
285908.363
285950.037
285991.692
286033.356
286075.023
286116.687
286158.352
286200.017
286241.682
286283.348
286325.014
286366.679
286408.346
286450.010
286491.676
286533.340
286575.008
286616.672
286658.339
286700.003
286741.669
286783.333
286824.999
286866.665
286908.334
286950.002
286991.663
287033.327
287074.995
287116.659
287158.325
287199.990
287241.656
287283.319
287324.987
287366.650
287408.317
287449.982
287491.649
287533.312
287574.979
287616.643
287658.310
287699.975
287741.642
287783.305
287824.973
287866.638
287908.305
287949.971
287991.634
288033.300
288074.965
288116.630
288158.297
288199.962
288241.626
288283.291
288324.956
288366.624
288408.289
288449.954
288491.618
288533.285
288574.949
288616.616
288658.280
288699.947
288741.611
288783.276
288824.943
288866.610
288908.275
288949.943
288991.606
289033.271
289074.937
289116.602
289158.267
289199.933
289241.598
289283.265
289324.928
289366.595
289408.261
289449.926
289491.590
289533.257
289574.921
289616.588
289658.252
289699.919
289741.582
289783.250
289824.915
289866.580
289908.248
289949.913
289991.576
290033.243
290074.908
290116.573
290158.239
290199.905
290241.570
290283.235
290324.901
290366.566
290408.234
290449.896
290491.562
290533.228
290574.894
290616.559
290658.224
290699.889
290741.556
290783.220
290824.886
290866.551
290908.219
290949.886
290991.548
291033.213
291074.879
291116.545
291158.210
291199.875
291241.541
291283.205
291324.872
291366.536
291408.204
291449.866
291491.533
291533.197
291574.864
291616.528
291658.201
291699.859
291741.527
291783.190
291824.858
291866.521
291908.190
291949.853
291991.519
292033.184
292074.851
292116.522
292158.181
292199.847
292241.512
292283.178
292324.843
292366.508
292408.174
292449.839
292491.505
292533.170
292574.852
292616.501
292658.167
292699.832
292741.497
292783.163
292824.828
292866.494
292908.159
292949.830
292991.490
293033.169
293074.822
293116.485
293158.151
293199.816
293241.483
293283.147
293324.814
293366.478
293408.144
293449.809
293491.474
293533.140
293574.805
293616.470
293658.137
293699.802
293741.468
293783.133
293824.799
293866.465
293908.132
293949.802
293991.461
294033.127
294074.792
294116.456
294158.122
294199.788
294241.454
294283.119
294324.783
294366.450
294408.114
294449.780
294491.445
294533.110
294574.776
294616.443
294658.107
294699.774
294741.438
294783.105
294824.769
294866.435
294908.105
294949.768
294991.434
295033.099
295074.763
295116.430
295158.092
295199.757
295241.426
295283.091
295324.755
295366.420
295408.086
295449.751
295491.417
295533.082
295574.747
295616.413
295658.078
295699.745
295741.409
295783.076
295824.740
295866.405
295908.075
295949.754
295991.403
296033.069
296074.736
296116.401
296158.065
296199.729
296241.395
296283.060
296324.726
296366.391
296408.060
296449.722
296491.388
296533.053
296574.718
296616.384
296658.049
296699.715
296741.382
296783.046
296824.713
296866.376
296908.047
296949.721
296991.376
297033.040
297074.706
297116.372
297158.037
297199.701
297241.369
297283.031
297324.696
297366.362
297408.029
297449.694
297491.359
297533.025
297574.690
297616.355
297658.021
297699.686
297741.352
297783.018
297824.684
297866.348
297908.018
297949.692
297991.346
298033.012
298074.677
298116.342
298158.007
298199.672
298241.338
298283.002
298324.669
298366.333
298408.001
298449.666
298491.332
298532.996
298574.662
298616.327
298657.992
298699.659
298741.323
298782.988
298824.655
298866.321
298907.989
298949.651
298991.318
299032.983
299074.649
299116.315
299157.979
299199.645
299241.311
299282.974
299324.641
299366.305
299407.973
299449.635
299491.302
299532.967
299574.633
299616.299
299657.964
299699.628
299741.295
299782.960
299824.626
299866.290
299907.959
299949.628
299991.290
300032.954
300074.620
300116.286
300157.949
300199.615
300241.283
300282.946
300324.612
300366.276
300407.943
300449.609
300491.274
300532.939
300574.605
300616.269
300657.936
300699.601
300741.267
300782.931
300824.597
300866.263
300907.930
300949.598
300991.261
301032.926
301074.592
301116.257
301157.921
301199.587
301241.255
301282.917
301324.582
301366.247
301407.913
301449.580
301491.244
301532.910
301574.574
301616.242
301657.905
301699.572
301741.237
301782.902
301824.567
301866.233
301907.901
301949.576
301991.232
302032.897
302074.563
302116.228
302157.892
302199.558
302241.224
302282.888
302324.554
302366.219
302407.886
302449.549
302491.216
302532.881
302574.547
302616.211
302657.876
302699.543
302741.209
302782.873
302824.540
302866.205
302907.875
302949.536
302991.203
303032.868
303074.534
303116.200
303157.864
303199.528
303241.196
303282.860
303324.525
303366.192
303407.856
303449.522
303491.186
303532.851
303574.518
303616.183
303657.848
303699.513
303741.180
303782.844
303824.509
303866.177
303907.842
303949.520
303991.174
304032.838
304074.505
304116.170
304157.835
304199.501
304241.167
304282.830
304324.497
304366.162
304407.828
304449.493
304491.159
304532.823
304574.490
304616.154
304657.820
304699.485
304741.151
304782.816
304824.477
304866.142
304907.816
304949.480
304991.144
305032.810
305074.470
305116.141
305157.806
305199.470
305241.136
305282.802
305324.467
305366.133
305407.798
305449.463
305491.130
305532.796
305574.460
305616.127
305657.792
305699.457
305741.122
305782.787
305824.453
305866.118
305907.786
305949.460
305991.117
306032.781
306074.448
306116.113
306157.777
306199.442
306241.108
306282.773
306324.442
306366.104
306407.770
306449.436
306491.102
306532.766
306574.431
306616.096
306657.761
306699.428
306741.093
306782.758
306824.424
306866.089
306907.758
306949.432
306991.088
307032.753
307074.419
307116.084
307157.750
307199.416
307241.079
307282.745
307324.411
307366.075
307407.742
307449.407
307491.072
307532.737
307574.402
307616.068
307657.734
307699.399
307741.066
307782.731
307824.395
307866.060
307907.729
307949.402
307991.059
308032.724
308074.389
308116.054
308157.719
308199.385
308241.051
308282.715
308324.383
308366.046
308407.712
308449.377
308491.042
308532.707
308574.374
308616.038
308657.704
308699.369
308741.035
308782.701
308824.368
308866.032
308907.701
308949.367
308991.029
309032.694
309074.362
309116.026
309157.690
309199.355
309241.023
309282.688
309324.352
309366.019
309407.683
309449.348
309491.014
309532.679
309574.345
309616.010
309657.676
309699.341
309741.008
309782.672
309824.339
309866.002
309907.672
309949.335
309991.001
310032.665
310074.333
310115.998
310157.661
310199.321
310240.994
310282.657
310324.322
310365.988
310407.655
310449.320
310490.985
310532.651
310574.316
310615.981
310657.647
310699.312
310740.978
310782.643
310824.308
310865.974
310907.641
310949.310
310990.972
311032.638
311074.304
311115.969
311157.635
311199.300
311240.966
311282.629
311324.294
311365.960
311407.627
311449.291
311490.957
311532.622
311574.287
311615.953
311657.619
311699.284
311740.950
311782.614
311824.281
311865.946
311907.614
311949.287
311990.945
312032.609
312074.275
312115.940
312157.606
312199.271
312240.937
312282.602
312324.266
312365.931
312407.599
312449.262
312490.929
312532.593
312574.260
312615.924
312657.591
312699.255
312740.921
312782.586
312824.251
312865.917
312907.587
312949.255
312990.915
313032.581
313074.246
313115.912
313157.577
313199.242
313240.908
313282.573
313324.237
313365.904
313407.569
313449.235
313490.899
313532.566
313574.230
313615.895
313657.561
313699.228
313740.892
313782.557
313824.222
313865.888
313907.557
313949.221
313990.886
314032.551
314074.217
314115.883
314157.548
314199.214
314240.880
314282.545
314324.209
314365.874
314407.540
314449.206
314490.870
314532.535
314574.200
314615.866
314657.532
314699.197
314740.863
314782.528
314824.193
314865.860
314907.525
314949.192
314990.859
315032.521
315074.187
315115.852
315157.519
315199.184
315240.850
315282.514
315324.180
315365.846
315407.511
315449.177
315490.841
315532.507
315574.172
315615.839
315657.504
315699.170
315740.833
315782.500
315824.166
315865.832
315907.499
315949.165
315990.829
316032.493
316074.159
316115.825
316157.490
316199.155
316240.820
316282.486
316324.150
316365.817
316407.482
316449.148
316490.813
316532.478
316574.143
316615.809
316657.475
316699.141
316740.806
316782.471
316824.136
316865.803
316907.469
316949.133
316990.800
317032.464
317074.131
317115.796
317157.461
317199.127
317240.792
317282.458
317324.122
317365.788
317407.453
317449.119
317490.783
317532.450
317574.115
317615.781
317657.447
317699.113
317740.778
317782.444
317824.107
317865.773
317907.441
317949.115
317990.771
318032.437
318074.102
318115.767
318157.432
318199.098
318240.764
318282.428
318324.092
318365.759
318407.425
318449.091
318490.755
318532.423
318574.086
318615.753
318657.417
318699.082
318740.749
318782.415
318824.078
318865.745
318907.416
318949.078
318990.742
319032.408
319074.073
319115.739
319157.404
319199.070
319240.736
319282.402
319324.064
319365.732
319407.398
319449.063
319490.726
319532.393
319574.059
319615.724
319657.388
319699.056
319740.721
319782.386
319824.050
319865.717
319907.386
319949.052
319990.714
320032.379
320074.045
320115.710
320157.376
320199.040
320240.705
320282.372
320324.035
320365.701
320407.368
320449.032
320490.697
320532.365
320574.028
320615.695
320657.359
320699.024
320740.691
320782.356
320824.021
320865.687
320907.355
320949.028
320990.685
321032.350
321074.016
321115.681
321157.346
321199.011
321240.678
321282.343
321324.007
321365.673
321407.338
321449.004
321490.669
321532.336
321573.999
321615.666
321657.331
321698.997
321740.661
321782.328
321823.993
321865.659
321907.327
321948.990
321990.656
322032.320
322073.986
322115.662
322157.318
322198.984
322240.648
322282.314
322323.978
322365.644
322407.310
322448.976
322490.640
322532.307
322573.982
322615.637
322657.303
322698.968
322740.633
322782.300
322823.963
322865.629
322907.296
322948.961
322990.627
323032.301
323073.958
323115.624
323157.288
323198.954
323240.619
323282.284
323323.949
323365.616
323407.280
323448.947
323490.622
323532.277
323573.943
323615.608
323657.274
323698.939
323740.604
323782.271
323823.935
323865.601
323907.273
323948.949
323990.600
324032.264
324073.930
324115.595
324157.260
324198.925
324240.591
324282.255
324323.922
324365.586
324407.261
324448.918
324490.582
324532.250
324573.914
324615.580
324657.245
324698.911
324740.576
324782.242
324823.906
324865.574
324907.243
324948.905
324990.570
325032.235
325073.901
325115.567
325157.231
325198.897
325240.563
325282.227
325323.893
325365.557
325407.225
325448.888
325490.555
325532.219
325573.885
325615.550
325657.216
325698.881
325740.551
325782.213
325823.878
325865.543
325907.211
325948.883
325990.541
326032.206
326073.872
326115.538
326157.202
326198.869
326240.533
326282.200
326323.865
326365.530
326407.196
326448.859
326490.526
326532.191
326573.856
326615.522
326657.188
326698.853
326740.517
326782.183
326823.849
326865.513
326907.184
326948.853
326990.513
327032.178
327073.847
327115.509
327157.174
327198.839
327240.506
327282.169
327323.835
327365.501
327407.165
327448.832
327490.496
327532.162
327573.827
327615.494
327657.159
327698.823
327740.489
327782.154
327823.820
327865.486
327907.153
327948.825
327990.483
328032.148
328073.815
328115.480
328157.144
328198.809
328240.475
328282.140
328323.805
328365.472
328407.137
328448.803
328490.468
328532.134
328573.799
328615.464
328657.129
328698.796
328740.461
328782.125
328823.792
328865.458
328907.126
328948.789
328990.455
329032.120
329073.786
329115.452
329157.117
329198.781
329240.449
329282.111
329323.780
329365.442
329407.109
329448.774
329490.439
329532.105
329573.769
329615.436
329657.102
329698.766
329740.432
329782.097
329823.762
329865.428
329907.097
329948.759
329990.425
330032.092
330073.758
330115.423
330157.088
330198.752
330240.420
330282.084
330323.748
330365.414
330407.082
330448.746
330490.410
330532.078
330573.742
330615.408
330657.073
330698.737
330740.402
330782.068
330823.733
330865.399
330907.068
330948.732
330990.396
331032.062
331073.729
331115.394
331157.059
331198.723
331240.391
331282.055
331323.722
331365.385
331407.052
331448.716
331490.383
331532.047
331573.712
331615.378
331657.044
331698.709
331740.376
331782.041
331823.705
331865.371
331907.040
331948.702
331990.369
332032.035
332073.701
332115.366
332157.030
332198.696
332240.363
332282.026
332323.691
332365.357
332407.022
332448.687
332490.353
332532.018
332573.684
332615.350
332657.014
332698.680
332740.346
332782.012
332823.677
332865.342
332907.011
332948.688
332990.340
333032.005
333073.672
333115.337
333157.002
333198.668
333240.333
333281.997
333323.663
333365.328
333406.996
333448.660
333490.325
333531.989
333573.657
333615.321
333656.986
333698.653
333740.317
333781.982
333823.648
333865.314
333906.983
333948.650
333990.312
334031.976
334073.642
334115.307
334156.972
334198.637
334240.303
334281.967
334323.633
334365.301
334406.965
334448.630
334490.297
334531.962
334573.628
334615.291
334656.957
334698.622
334740.290
334781.955
334823.619
334865.286
334906.953
334948.616
334990.283
335031.948
335073.615
335115.279
335156.944
335198.610
335240.277
335281.940
335323.605
335365.270
335406.936
335448.602
335490.266
335531.933
335573.597
335615.263
335656.929
335698.594
335740.260
335781.927
335823.590
335865.257
335906.924
335948.598
335990.254
336031.920
336073.586
336115.251
336156.916
336198.583
336240.247
336281.912
336323.576
336365.242
336406.910
336448.574
336490.240
336531.903
336573.570
336615.235
336656.900
336698.566
336740.233
336781.897
336823.564
336865.228
336906.897
336948.560
336990.226
337031.892
337073.556
337115.222
337156.887
337198.553
337240.218
337281.883
337323.548
337365.213
337406.879
337448.545
337490.210
337531.875
337573.540
337615.207
337656.871
337698.537
337740.202
337781.869
337823.533
337865.199
337906.866
337948.531
337990.198
338031.863
338073.529
338115.194
338156.860
338198.525
338240.190
338281.855
338323.519
338365.187
338406.852
338448.517
338490.180
338531.848
338573.511
338615.179
338656.843
338698.510
338740.174
338781.841
338823.505
338865.172
338906.839
338948.504
338990.167
339031.834
339073.499
339115.165
339156.830
339198.496
339240.161
339281.825
339323.492
339365.155
339406.823
339448.487
339490.154
339531.818
339573.485
339615.149
339656.816
339698.480
339740.147
339781.810
339823.476
339865.141
339906.810
339948.477
339990.138
340031.805
340073.471
340115.136
340156.802
340198.467
340240.133
340281.796
340323.463
340365.127
340406.794
340448.459
340490.125
340531.789
340573.457
340615.120
340656.788
340698.451
340740.119
340781.781
340823.449
340865.112
340906.781
340948.450
340990.109
341031.776
341073.442
341115.108
341156.773
341198.437
341240.102
341281.767
341323.431
341365.094
341406.761
341448.430
341490.092
341531.755
341573.429
341615.091
341656.760
341698.422
341740.090
341781.753
341823.421
341865.085
341906.753
341948.419
341990.081
342031.748
342073.413
342115.079
342156.745
342198.410
342240.076
342281.741
342323.404
342365.072
342406.735
342448.401
342490.066
342531.731
342573.397
342615.063
342656.728
342698.395
342740.059
342781.725
342823.390
342865.056
342906.723
342948.395
342990.052
343031.719
343073.384
343115.050
343156.715
343198.381
343240.046
343281.710
343323.377
343365.041
343406.709
343448.372
343490.037
343531.703
343573.368
343615.034
343656.700
343698.364
343740.031
343781.695
343823.361
343865.027
343906.694
343948.370
343990.025
344031.690
344073.355
344115.022
344156.686
344198.351
344240.018
344281.680
344323.348
344365.012
344406.681
344448.343
344490.010
344531.674
344573.340
344615.004
344656.670
344698.336
344740.002
344781.666
344823.334
344864.998
344906.666
344948.332
344989.994
345031.660
345073.327
345114.993
345156.656
345198.321
345239.987
345281.652
345323.317
345364.984
345406.650
345448.315
345489.980
345531.646
345573.311
345614.975
345656.642
345698.307
345739.972
345781.637
345823.303
345864.970
345906.637
345948.314
345989.966
346031.632
346073.299
346114.963
346156.629
346198.294
346239.958
346281.625
346323.290
346364.956
346406.620
346448.287
346489.951
346531.618
346573.282
346614.947
346656.613
346698.280
346739.945
346781.610
346823.275
346864.940
346906.610
346948.284
346989.938
347031.604
347073.270
347114.935
347156.601
347198.266
347239.931
347281.596
347323.262
347364.927
347406.593
347448.259
347489.923
347531.588
347573.255
347614.919
347656.586
347698.250
347739.915
347781.581
347823.247
347864.913
347906.578
347948.257
347989.910
348031.574
348073.241
348114.905
348156.571
348198.236
348239.903
348281.566
348323.233
348364.898
348406.563
348448.229
348489.896
348531.560
348573.226
348614.889
348656.555
348698.221
348739.886
348781.553
348823.217
348864.884
348906.551
348948.222
348989.879
349031.546
349073.213
349114.878
349156.543
349198.208
349239.874
349281.539
349323.203
349364.869
349406.533
349448.200
349489.865
349531.532
349573.196
349614.862
349656.527
349698.193
349739.858
349781.523
349823.189
349864.856
349906.523
349948.198
349989.851
350031.516
350073.184
350114.849
350156.513
350198.179
350239.845
350281.509
350323.176
350364.839
350406.505
350448.171
350489.836
350531.503
350573.168
350614.832
350656.498
350698.163
350739.829
350781.495
350823.161
350864.825
350906.494
350948.171
350989.822
351031.489
351073.155
351114.820
351156.485
351198.151
351239.816
351281.481
351323.147
351364.813
351406.477
351448.141
351489.807
351531.475
351573.139
351614.804
351656.469
351698.135
351739.801
351781.465
351823.131
351864.797
351906.465
351948.129
351989.795
352031.460
352073.126
352114.792
352156.456
352198.122
352239.788
352281.452
352323.118
352364.782
352406.449
352448.115
352489.780
352531.445
352573.111
352614.776
352656.446
352698.107
352739.772
352781.438
352823.105
352864.768
352906.436
352948.104
352989.765
353031.431
353073.098
353114.762
353156.428
353198.092
353239.758
353281.424
353323.089
353364.755
353406.427
353448.088
353489.755
353531.418
353573.091
353614.759
353656.415
353698.078
353739.744
353781.409
353823.074
353864.740
353906.408
353948.076
353989.736
354031.403
354073.068
354114.734
354156.400
354198.064
354239.730
354281.394
354323.060
354364.725
354406.391
354448.056
354489.724
354531.396
354573.057
354614.721
354656.392
354698.059
354739.718
354781.390
354823.047
354864.711
354906.379
354948.051
354989.707
355031.374
355073.041
355114.706
355156.371
355198.036
355239.701
355281.367
355323.031
355364.698
355406.362
355448.027
355489.693
355531.358
355573.025
355614.690
355656.355
355698.020
355739.691
355781.350
355823.017
355864.682
355906.350
355948.018
355989.680
356031.344
356073.010
356114.677
356156.340
356198.007
356239.674
356281.337
356323.002
356364.668
356406.334
356447.998
356489.664
356531.329
356572.996
356614.660
356656.327
356697.991
356739.657
356781.322
