0.000
41.659
83.323
124.980
166.641
208.301
249.959
291.622
333.277
374.940
416.597
458.259
499.917
541.579
583.238
624.898
666.557
708.219
749.876
791.539
833.198
874.857
916.518
958.177
999.837
1041.496
1083.157
1124.817
1166.477
1208.137
1249.797
1291.456
1333.117
1374.777
1416.435
1458.098
1499.755
1541.415
1583.075
1624.735
1666.395
1708.055
1749.714
1791.375
1833.033
1874.694
1916.354
1958.014
1999.674
2041.333
2082.994
2124.652
2166.313
2207.973
2249.633
2291.294
2332.953
2374.613
2416.272
2457.933
2499.593
2541.251
2582.913
2624.572
2666.232
2707.893
2749.551
2791.212
2832.871
2874.531
2916.191
2957.851
2999.511
3041.171
3082.830
3124.490
3166.150
3207.810
3249.470
3291.130
3332.788
3374.450
3416.107
3457.769
3499.428
3541.088
3582.747
3624.412
3666.068
3707.728
3749.387
3791.047
3832.707
3874.367
3916.027
3957.687
3999.348
4041.007
4082.667
4124.326
4165.986
4207.645
4249.306
4290.966
4332.625
4374.286
4415.946
4457.606
4499.264
4540.925
4582.584
4624.245
4665.904
4707.565
4749.223
4790.885
4832.542
4874.204
4915.862
4957.525
4999.184
5040.844
5082.503
5124.164
5165.823
5207.481
5249.141
5290.803
5332.462
5374.122
5415.782
5457.443
5499.100
5540.762
5582.422
5624.082
5665.740
5707.402
5749.060
5790.723
5832.380
5874.041
5915.698
5957.360
5999.020
6040.679
6082.339
6124.001
6165.660
6207.321
6248.980
6290.638
6332.299
6373.959
6415.618
6457.278
6498.938
6540.597
6582.258
6623.918
6665.577
6707.238
6748.896
6790.557
6832.217
6873.878
6915.536
6957.198
6998.858
7040.517
7082.176
7123.837
7165.497
7207.157
7248.817
7290.476
7332.136
7373.795
7415.455
7457.116
7498.777
7540.435
7582.095
7623.756
7665.416
7707.075
7748.734
7790.393
7832.054
7873.713
7915.375
7957.035
7998.695
8040.357
8082.014
8123.675
8165.332
8206.993
8248.653
8290.313
8331.972
8373.633
8415.292
8456.953
8498.612
8540.272
8581.932
8623.593
8665.252
8706.913
8748.571
8790.230
8831.892
8873.552
8915.212
8956.870
8998.532
9040.191
9081.850
9123.510
9165.171
9206.830
9248.490
9290.149
9331.808
9373.471
9415.128
9456.788
9498.448
9540.109
9581.767
9623.428
9665.086
9706.750
9748.408
9790.069
9831.727
9873.389
9915.046
9956.706
9998.367
10040.026
10081.687
10123.347
10165.007
10206.667
10248.327
10289.985
10331.646
10373.306
10414.966
10456.625
10498.284
10539.946
10581.604
10623.265
10664.924
10706.586
10748.243
10789.906
10831.564
10873.225
10914.883
10956.545
10998.206
11039.866
11081.524
11123.184
11164.845
11206.504
11248.164
11289.824
11331.484
11373.143
11414.803
11456.467
11498.124
11539.784
11581.443
11623.103
11664.763
11706.422
11748.082
11789.741
11831.402
11873.062
11914.722
11956.383
11998.042
12039.702
12081.362
12123.021
12164.681
12206.342
12248.000
12289.661
12331.322
12372.980
12414.639
12456.303
12497.959
12539.621
12581.278
12622.940
12664.601
12706.257
12747.917
12789.578
12831.237
12872.899
12914.559
12956.219
12997.879
13039.540
13081.197
13122.858
13164.518
13206.177
13247.838
13289.496
13331.159
13372.818
13414.478
13456.137
13497.798
13539.457
13581.116
13622.776
13664.437
13706.097
13747.757
13789.414
13831.078
13872.735
13914.396
13956.057
13997.717
14039.375
14081.035
14122.696
14164.356
14206.016
14247.674
14289.334
14330.992
14372.656
14414.314
14455.975
14497.634
14539.294
14580.954
14622.613
14664.272
14705.934
14747.592
14789.254
14830.914
14872.574
14914.231
14955.895
14997.553
15039.214
15080.873
15122.532
15164.193
15205.853
15247.513
15289.170
15330.832
15372.490
15414.151
15455.809
15497.471
15539.129
15580.791
15622.448
15664.110
15705.770
15747.431
15789.088
15830.751
15872.418
15914.070
15955.731
15997.389
16039.049
16080.710
16122.370
16164.030
16205.689
16247.349
16289.008
16330.668
16372.328
16413.989
16455.648
16497.308
16538.968
16580.629
16622.288
16663.947
16705.608
16747.268
16788.927
16830.587
16872.247
16913.905
16955.568
16997.227
17038.887
17080.547
17122.207
17163.867
17205.526
17247.187
17288.839
17330.506
17372.166
17413.825
17455.486
17497.146
17538.803
17580.472
17622.125
17663.785
17705.445
17747.104
17788.764
17830.425
17872.084
17913.744
17955.402
17997.060
18038.724
18080.384
18122.044
18163.705
18205.363
18247.024
18288.684
18330.343
18372.005
18413.663
18455.322
18496.983
18538.641
18580.305
18621.963
18663.623
18705.283
18746.943
18788.600
18830.262
18871.923
18913.582
18955.242
18996.901
19038.561
19080.222
19121.881
19163.540
19205.201
19246.861
19288.521
19330.180
19371.840
19413.500
19455.161
19496.818
19538.480
19580.138
19621.800
19663.458
19705.120
19746.779
19788.440
19830.099
19871.758
19913.418
19955.079
19996.739
20038.398
20080.059
20121.717
20163.377
20205.037
20246.698
20288.358
20330.017
20371.678
20413.338
20454.998
20496.656
20538.317
20579.978
20621.636
20663.297
20704.957
20746.616
20788.280
20829.937
20871.597
20913.256
20954.916
20996.576
21038.236
21079.896
21121.555
21163.216
21204.875
21246.533
21288.194
21329.854
21371.512
21413.176
21454.833
21496.495
21538.153
21579.813
21621.472
21663.133
21704.793
21746.454
21788.113
21829.773
21871.432
21913.092
21954.752
21996.416
22038.073
22079.733
22121.391
22163.053
22204.711
22246.372
22288.031
22329.691
22371.352
22413.012
22454.671
22496.330
22537.990
22579.652
22621.311
22662.972
22704.631
22746.292
22787.950
22829.611
22871.271
22912.932
22954.591
22996.252
23037.910
23079.571
23121.231
23162.891
23204.552
23246.210
23287.870
23329.530
23371.189
23412.849
23454.509
23496.170
23537.829
23579.490
23621.149
23662.810
23704.469
23746.129
23787.787
23829.449
23871.106
23912.768
23954.428
23996.089
24037.747
24079.408
24121.067
24162.727
24204.388
24246.048
24287.707
24329.367
24371.027
24412.685
24454.345
24496.007
24537.666
24579.328
24620.986
24662.645
24704.306
24745.964
24787.625
24829.286
24870.944
24912.605
24954.266
24995.927
25037.586
25079.244
25120.904
25162.564
25204.225
25245.884
25287.543
25329.204
25370.863
25412.526
25454.183
25495.843
25537.502
25579.164
25620.822
25662.483
25704.142
25745.802
25787.462
25829.122
25870.781
25912.442
25954.104
25995.763
26037.421
26079.082
26120.742
26162.402
26204.062
26245.723
26287.380
26329.040
26370.700
26412.361
26454.020
26495.682
26537.339
26579.002
26620.659
26662.321
26703.979
26745.640
26787.299
26828.960
26870.619
26912.281
26953.941
26995.601
27037.261
27078.920
27120.579
27162.239
27203.900
27245.559
27287.217
27328.879
27370.539
27412.202
27453.858
27495.519
27537.177
27578.839
27620.497
27662.158
27703.816
27745.478
27787.137
27828.798
27870.457
27912.119
27953.779
27995.439
28037.098
28078.758
28120.423
28162.078
28203.738
28245.397
28287.056
28328.717
28370.377
28412.036
28453.697
28495.356
28537.016
28578.676
28620.335
28661.997
28703.659
28745.315
28786.976
28828.636
28870.297
28911.956
28953.615
28995.277
29036.936
29078.600
29120.257
29161.916
29203.576
29245.235
29286.896
29328.553
29370.215
29411.877
29453.535
29495.198
29536.856
29578.515
29620.175
29661.835
29703.494
29745.154
29786.816
29828.474
29870.137
29911.795
29953.454
29995.113
30036.773
30078.434
30120.094
30161.753
30203.413
30245.071
30286.732
30328.393
30370.053
30411.713
30453.373
30495.032
30536.693
30578.353
30620.012
30661.674
30703.333
30744.992
30786.652
30828.313
30869.972
30911.631
30953.292
30994.952
31036.610
31078.271
31119.932
31161.591
31203.252
31244.911
31286.570
31328.229
31369.890
31411.549
31453.210
31494.870
31536.530
31578.190
31619.850
31661.509
31703.172
31744.829
31786.490
31828.150
31869.809
31911.468
31953.130
31994.789
32036.449
32078.107
32119.768
32161.428
32203.089
32244.748
32286.409
32328.069
32369.729
32411.389
32453.048
32494.709
32536.366
32578.028
32619.687
32661.348
32703.006
32744.667
32786.326
32827.987
32869.646
32911.307
32952.967
32994.629
33036.290
33077.949
33119.606
33161.266
33202.927
33244.585
33286.247
33327.905
33369.565
33411.225
33452.886
33494.545
33536.206
33577.865
33619.525
33661.185
33702.845
33744.504
33786.165
33827.825
33869.485
33911.144
33952.804
33994.465
34036.124
34077.784
34119.444
34161.104
34202.764
34244.430
34286.086
34327.743
34369.404
34411.064
34452.724
34494.383
34536.042
34577.703
34619.364
34661.024
34702.685
34744.344
34786.004
34827.663
34869.323
34910.982
34952.643
34994.303
35035.965
35077.628
35119.282
35160.943
35202.602
35244.263
35285.922
35327.582
35369.243
35410.905
35452.565
35494.221
35535.881
35577.541
35619.201
35660.860
35702.521
35744.182
35785.841
35827.500
35869.161
35910.821
35952.485
35994.142
36035.802
36077.462
36119.121
36160.781
36202.442
36244.102
36285.761
36327.421
36369.080
36410.740
36452.403
36494.060
36535.728
36577.379
36619.039
36660.700
36702.360
36744.021
36785.679
36827.340
36868.999
36910.659
36952.318
36993.981
37035.639
37077.299
37118.960
37160.618
37202.278
37243.938
37285.599
37327.259
37368.917
37410.578
37452.239
37493.898
37535.559
37577.217
37618.879
37660.537
37702.198
37743.858
37785.518
37827.177
37868.839
37910.498
37952.157
37993.816
38035.478
38077.138
38118.799
38160.457
38202.117
38243.779
38285.437
38327.097
38368.755
38410.416
38452.075
38493.736
38535.397
38577.056
38618.716
38660.376
38702.036
38743.696
38785.355
38827.016
38868.676
38910.336
38951.997
38993.657
39035.317
39076.976
39118.635
39160.297
39201.956
39243.616
39285.273
39326.933
39368.595
39410.257
39451.938
39493.575
39535.235
39576.897
39618.554
39660.216
39701.875
39743.538
39785.197
39826.853
39868.515
39910.175
39951.833
39993.493
40035.154
40076.814
40118.477
40160.134
40201.794
40243.454
40285.114
40326.772
40368.436
40410.094
40451.754
40493.418
40535.072
40576.731
40618.392
40660.052
40701.711
40743.372
40785.034
40826.692
40868.353
40910.011
40951.672
40993.333
41034.993
41076.652
41118.313
41159.973
41201.638
41243.292
41284.952
41326.610
41368.272
41409.931
41451.592
41493.250
41534.911
41576.570
41618.231
41659.893
41701.553
41743.211
41784.873
41826.531
41868.190
41909.849
41951.509
41993.170
42034.830
42076.490
42118.150
42159.810
42201.470
42243.130
42284.788
42326.450
42368.108
42409.775
42451.430
42493.088
42534.748
42576.410
42618.086
42659.729
42701.387
42743.049
42784.707
42826.370
42868.030
42909.690
42951.349
42993.007
43034.668
43076.327
43117.992
43159.648
43201.308
43242.969
43284.628
43326.288
43367.948
43409.607
43451.268
43492.927
43534.588
43576.247
43617.907
43659.567
43701.227
43742.888
43784.546
43826.206
43867.866
43909.526
43951.187
43992.846
44034.505
44076.166
44117.826
44159.485
44201.147
44242.807
44284.465
44326.124
44367.786
44409.445
44451.106
44492.766
44534.427
44576.086
44617.745
44659.404
44701.066
44742.725
44784.386
44826.045
44867.707
44909.365
44951.026
44992.686
45034.346
45076.006
45117.666
45159.340
45200.983
45242.644
45284.303
45325.966
45367.623
45409.285
45450.943
45492.605
45534.262
45575.925
45617.583
45659.245
45700.903
45742.564
45784.222
45825.884
45867.543
45909.204
45950.865
45992.523
46034.184
46075.843
46117.503
46159.164
46200.823
46242.484
46284.144
46325.803
46367.464
46409.122
46450.782
46492.442
46534.102
46575.762
46617.423
46659.081
46700.743
46742.403
46784.065
46825.723
46867.382
46909.040
46950.701
46992.360
47034.022
47075.681
47117.342
47159.003
47200.661
47242.321
47283.982
47325.642
47367.302
47408.961
47450.621
47492.281
47533.940
47575.602
47617.262
47658.923
47700.581
47742.241
47783.901
47825.558
47867.220
47908.879
47950.540
47992.199
48033.860
48075.520
48117.180
48158.841
48200.499
48242.158
48283.820
48325.483
48367.141
48408.801
48450.462
48492.122
48533.780
48575.440
48617.099
48658.760
48700.423
48742.079
48783.738
48825.399
48867.059
48908.728
48950.379
48992.039
49033.699
49075.359
49117.018
49158.677
49200.337
49241.998
49283.658
49325.319
49366.979
49408.638
49450.300
49491.960
49533.618
49575.278
49616.937
49658.602
49700.259
49741.916
49783.578
49825.238
49866.899
49908.557
49950.218
49991.878
50033.538
50075.199
50116.859
50158.517
50200.178
50241.836
50283.497
50325.155
50366.817
50408.477
50450.137
50491.797
50533.455
50575.116
50616.775
50658.436
50700.095
50741.755
50783.415
50825.074
50866.734
50908.396
50950.058
50991.715
51033.376
51075.035
51116.695
51158.355
51200.015
51241.676
51283.336
51324.994
51366.654
51408.317
51449.982
51491.637
51533.294
51574.955
51616.613
51658.274
51699.935
51741.593
51783.253
51824.914
51866.573
51908.234
51949.894
51991.554
52033.214
52074.875
52116.534
52158.194
52199.855
52241.513
52283.173
52324.834
52366.494
52408.156
52449.813
52491.474
52533.133
52574.793
52616.451
52658.117
52699.796
52741.446
52783.092
52824.754
52866.414
52908.075
52949.732
52991.393
53033.053
53074.714
53116.376
53158.049
53199.693
53241.353
53283.011
53324.686
53366.332
53407.993
53449.651
53491.312
53532.970
53574.632
53616.294
53657.954
53699.613
53741.272
53782.932
53824.592
53866.252
53907.912
53949.572
53991.233
54032.890
54074.550
54116.211
54157.871
54199.533
54241.186
54282.850
54324.508
54366.171
54407.829
54449.491
54491.148
54532.809
54574.468
54616.130
54657.788
54699.451
54741.108
54782.771
54824.431
54866.090
54907.750
54949.410
54991.070
55032.729
55074.390
55116.050
55157.710
55199.372
55241.030
55282.691
55324.349
55366.009
55407.670
55449.328
55490.988
55532.647
55574.309
55615.968
55657.628
55699.290
55740.949
55782.607
55824.269
55865.929
55907.590
55949.251
55990.910
56032.569
56074.229
56115.889
56157.549
56199.209
56240.865
56282.527
56324.185
56365.847
56407.506
56449.169
56490.827
56532.486
56574.145
56615.807
56657.465
56699.127
56740.785
56782.446
56824.108
56865.767
56907.428
56949.087
56990.746
57032.406
57074.065
57115.727
57157.387
57199.046
57240.704
57282.365
57324.024
57365.684
57407.345
57449.012
57490.664
57532.324
57573.983
57615.644
57657.304
57698.964
57740.623
57782.285
57823.946
57865.605
57907.267
57948.926
57990.587
58032.246
58073.905
58115.566
58157.225
58198.884
58240.543
58282.203
58323.863
58365.524
58407.183
58448.845
58490.512
58532.165
58573.823
58615.482
58657.142
58698.804
58740.463
58782.122
58823.787
58865.445
58907.105
58948.763
58990.424
59032.082
59073.744
59115.404
59157.063
59198.724
59240.382
59282.042
59323.702
59365.361
59407.023
59448.682
59490.344
59532.002
59573.662
59615.323
59656.983
59698.643
59740.303
59781.963
59823.624
59865.284
59906.946
59948.602
59990.262
60031.924
60073.585
60115.242
60156.902
60198.563
60240.222
60281.882
60323.542
60365.213
60406.862
60448.521
60490.181
60531.840
60573.501
60615.161
60656.821
60698.494
60740.141
60781.802
60823.461
60865.121
60906.780
60948.441
60990.101
61031.760
61073.420
61115.082
61156.740
61198.401
61240.061
61281.719
61323.379
61365.041
61406.700
61448.360
61490.022
61531.680
61573.340
61615.005
61656.660
61698.319
61739.979
61781.641
61823.301
61864.958
61906.620
61948.279
61989.939
62031.600
62073.259
62114.919
62156.578
62198.239
62239.897
62281.560
62323.217
62364.878
62406.537
62448.200
62489.857
62531.519
62573.176
62614.838
62656.497
62698.158
62739.816
62781.479
62823.150
62864.800
62906.458
62948.119
62989.780
63031.436
63073.097
63114.756
63156.421
63198.080
63239.737
63281.397
63323.058
63364.717
63406.379
63448.040
63489.697
63531.356
63573.017
63614.677
63656.337
63697.998
63739.666
63781.329
63822.977
63864.637
63906.297
63947.956
63989.616
64031.275
64072.936
64114.595
64156.256
64197.915
64239.578
64281.235
64322.896
64364.556
64406.216
64447.877
64489.537
64531.197
64572.856
64614.516
64656.181
64697.838
64739.500
64781.156
64822.816
64864.476
64906.136
64947.796
64989.455
65031.116
65072.775
65114.435
65156.095
65197.762
65239.416
65281.075
65322.736
65364.395
65406.060
65447.715
65489.373
65531.033
65572.709
65614.356
65656.014
65697.673
65739.334
65780.993
65822.653
65864.314
65905.974
65947.636
65989.293
66030.953
66072.614
66114.273
66155.933
66197.593
66239.254
66280.913
66322.572
66364.232
66405.894
66447.553
66489.223
66530.875
66572.533
66614.194
66655.854
66697.514
66739.173
66780.833
66822.493
66864.153
66905.813
66947.473
66989.133
67030.794
67072.453
67114.114
67155.774
67197.433
67239.086
67280.753
67322.405
67364.097
67405.724
67447.392
67489.051
67530.712
67572.369
67614.031
67655.686
67697.351
67739.005
67780.670
67822.332
67863.992
67905.650
67947.310
67988.971
68030.630
68072.292
68113.952
68155.612
68197.270
68238.930
68280.591
68322.250
68363.910
68405.571
68447.230
68488.886
68530.551
68572.211
68613.868
68655.530
68697.191
68738.851
68780.509
68822.170
68863.830
68905.491
68947.152
68988.810
69030.471
69072.130
69113.790
69155.450
69197.111
69238.771
69280.430
69322.088
69363.751
69405.409
69447.070
69488.728
69530.388
69572.049
69613.708
69655.375
69697.028
69738.689
69780.348
69822.008
69863.666
69905.328
69946.989
69988.646
70030.307
70071.967
70113.627
70155.287
70196.948
70238.621
70280.285
70321.927
70363.587
70405.247
70446.909
70488.568
70530.227
70571.887
70613.547
70655.206
70696.869
70738.529
70780.189
70821.846
70863.506
70905.167
70946.827
70988.486
71030.147
71071.807
71113.467
71155.126
71196.788
71238.447
71280.107
71321.766
71363.427
71405.088
71446.747
71488.407
71530.066
71571.725
71613.387
71655.048
71696.705
71738.367
71780.027
71821.686
71863.347
71905.007
71946.666
71988.326
72029.987
72071.649
72113.303
72154.965
72196.625
72238.285
72279.944
72321.607
72363.266
72404.925
72446.585
72488.244
72529.906
72571.565
72613.224
72654.884
72696.544
72738.205
72779.865
72821.525
72863.184
72904.845
72946.506
72988.166
73029.823
73071.485
73113.145
73154.804
73196.464
73238.126
73279.785
73321.443
73363.103
73404.764
73446.424
73488.084
73529.743
73571.403
73613.061
73654.723
73696.383
73738.044
73779.707
73821.363
73863.023
73904.683
73946.343
73988.004
74029.664
74071.324
74112.982
74154.643
74196.302
74237.963
74279.622
74321.282
74362.943
74404.604
74446.261
74487.923
74529.581
74571.243
74612.901
74654.563
74696.224
74737.881
74779.542
74821.201
74862.862
74904.524
74946.182
74987.843
75029.502
75071.162
75112.822
75154.483
75196.152
75237.800
75279.458
75321.121
75362.782
75404.441
75446.102
75487.763
75529.420
75571.081
75612.740
75654.401
75696.060
75737.721
75779.382
75821.041
75862.700
75904.361
75946.020
75987.679
76029.340
76071.002
76112.661
76154.321
76195.982
76237.641
76279.302
76320.961
76362.621
76404.281
76445.941
76487.602
76529.259
76570.920
76612.580
76654.241
76695.900
76737.568
76779.219
76820.879
76862.539
76904.200
76945.859
76987.519
77029.179
77070.839
77112.498
77154.158
77195.820
77237.479
77279.140
77320.808
77362.457
77404.119
77445.778
77487.439
77529.098
77570.758
77612.422
77654.078
77695.738
77737.398
77779.060
77820.719
77862.379
77904.043
77945.699
77987.361
78029.021
78070.690
78112.337
78153.997
78195.661
78237.318
78278.978
78320.644
78362.296
78403.970
78445.619
78487.277
78528.938
78570.599
78612.256
78653.919
78695.577
78737.236
78778.912
78820.567
78862.219
78903.878
78945.535
78987.196
79028.858
79070.533
79112.183
79153.837
79195.497
79237.162
79278.816
79320.479
79362.138
79403.798
79445.456
79487.115
79528.775
79570.438
79612.096
79653.760
79695.414
79737.076
79778.735
79820.397
79862.056
79903.717
79945.376
79987.037
80028.697
80070.357
80112.016
80153.677
80195.336
80236.995
80278.656
80320.316
80361.975
80403.635
80445.294
80486.955
80528.613
80570.275
80611.935
80653.594
80695.257
80736.915
80778.574
80820.235
80861.894
80903.552
80945.214
80986.873
81028.533
81070.193
81111.857
81153.515
81195.175
81236.834
81278.494
81320.154
81361.813
81403.473
81445.134
81486.794
81528.453
81570.117
81611.776
81653.434
81695.093
81736.753
81778.413
81820.073
81861.734
81903.395
81945.054
81986.714
82028.374
82070.035
82111.694
82153.351
82195.013
82236.672
82278.332
82319.993
82361.651
82403.313
82444.972
82486.633
82528.291
82569.952
82611.612
82653.272
82694.933
82736.592
82778.253
82819.914
82861.573
82903.233
82944.892
82986.551
83028.213
83069.872
83111.534
83153.193
83194.853
83236.512
83278.171
83319.834
83361.491
83403.152
83444.811
83486.471
83528.131
83569.791
83611.451
83653.111
83694.771
83736.431
83778.091
83819.750
83861.410
83903.072
83944.731
83986.390
84028.049
84069.710
84111.372
84153.031
84194.691
84236.350
84278.010
84319.671
84361.329
84402.991
84444.649
84486.310
84527.971
84569.634
84611.290
84652.949
84694.609
84736.272
84777.944
84819.590
84861.249
84902.909
84944.569
84986.230
85027.891
85069.548
85111.211
85152.871
85194.531
85236.190
85277.849
85319.509
85361.168
85402.831
85444.487
85486.148
85527.809
85569.466
85611.129
85652.790
85694.449
85736.109
85777.768
85819.429
85861.088
85902.749
85944.412
85986.068
86027.730
86069.390
86111.049
86152.709
86194.368
86236.030
86277.688
86319.349
86361.006
86402.667
86444.326
86485.986
86527.647
86569.315
86610.965
86652.627
86694.286
86735.949
86777.609
86819.274
86860.926
86902.586
86944.246
86985.909
87027.566
87069.226
87110.887
87152.546
87194.209
87235.867
87277.526
87319.186
87360.846
87402.506
87444.166
87485.825
87527.485
87569.146
87610.805
87652.466
87694.127
87735.787
87777.446
87819.106
87860.766
87902.426
87944.088
87985.748
88027.408
88069.066
88110.726
88152.386
88194.044
88235.706
88277.365
88319.027
88360.683
88402.344
88444.006
88485.669
88527.325
88568.985
88610.647
88652.306
88693.967
88735.627
88777.285
88818.945
88860.606
88902.266
88943.924
88985.584
89027.245
89068.905
89110.565
89152.223
89193.883
89235.544
89277.202
89318.863
89360.534
89402.185
89443.844
89485.504
89527.164
89568.824
89610.484
89652.143
89693.802
89735.464
89777.121
89818.784
89860.442
89902.103
89943.763
89985.424
90027.084
90068.742
90110.403
90152.063
90193.721
90235.383
90277.042
90318.705
90360.363
90402.023
90443.682
90485.343
90527.002
90568.664
90610.324
90651.984
90693.640
90735.303
90776.964
90818.625
90860.284
90901.942
90943.602
90985.263
91026.924
91068.582
91110.243
91151.902
91193.563
91235.221
91276.882
91318.542
91360.202
91401.862
91443.520
91485.180
91526.840
91568.500
91610.159
91651.823
91693.481
91735.141
91776.802
91818.462
91860.122
91901.783
91943.442
91985.101
92026.763
92068.427
92110.082
92151.742
92193.401
92235.060
92276.721
92318.382
92360.040
92401.700
92443.361
92485.023
92526.680
92568.341
92610.000
92651.660
92693.319
92734.980
92776.640
92818.300
92859.962
92901.621
92943.281
92984.940
93026.599
93068.259
93109.920
93151.580
93193.240
93234.900
93276.557
93318.218
93359.878
93401.540
93443.199
93484.859
93526.518
93568.178
93609.837
93651.497
93693.158
93734.819
93776.490
93818.139
93859.799
93901.460
93943.122
93984.779
94026.439
94068.099
94109.760
94151.419
94193.079
94234.742
94276.398
94318.057
94359.718
94401.378
94443.039
94484.699
94526.359
94568.018
94609.676
94651.340
94692.998
94734.659
94776.319
94817.977
94859.635
94901.298
94942.958
94984.618
95026.277
95067.938
95109.597
95151.257
95192.916
95234.577
95276.237
95317.897
95359.557
95401.216
95442.876
95484.539
95526.205
95567.858
95609.515
95651.177
95692.837
95734.497
95776.157
95817.817
95859.476
95901.134
95942.797
95984.458
96026.117
96067.774
96109.436
96151.097
96192.757
96234.416
96276.074
96317.737
96359.395
96401.056
96442.714
96484.376
96526.036
96567.695
96609.355
96651.014
96692.673
96734.336
96775.995
96817.655
96859.315
96900.975
96942.635
96984.296
97025.955
97067.616
97109.277
97150.936
97192.595
97234.254
97275.914
97317.576
97359.236
97400.895
97442.555
97484.228
97525.881
97567.534
97609.193
97650.854
97692.514
97734.175
97775.836
97817.494
97859.153
97900.814
97942.473
97984.136
98025.794
98067.454
98109.114
98150.773
98192.435
98234.094
98275.755
98317.415
98359.072
98400.732
98442.393
98484.054
98525.714
98567.375
98609.032
98650.693
98692.352
98734.014
98775.676
98817.333
98858.993
98900.653
98942.312
98983.972
99025.633
99067.291
99108.953
99150.612
99192.272
99233.932
99275.591
99317.255
99358.913
99400.574
99442.231
99483.892
99525.550
99567.213
99608.871
99650.531
99692.193
99733.851
99775.512
99817.171
99858.833
99900.493
99942.152
99983.812
100025.472
100067.132
100108.792
100150.452
100192.113
100233.773
100275.430
100317.090
100358.752
100400.416
100442.074
100483.732
100525.391
100567.051
100608.709
100650.371
100692.030
100733.690
100775.350
100817.011
100858.673
100900.333
100941.991
100983.651
101025.311
101066.985
101108.631
101150.291
101191.951
101233.613
101275.269
101316.939
101358.590
101400.250
101441.907
101483.569
101525.228
101566.890
101608.550
101650.209
101691.869
101733.529
101775.190
101816.850
101858.511
101900.168
101941.829
101983.489
102025.149
102066.811
102108.470
102150.129
102191.790
102233.449
102275.107
102316.769
102358.428
102400.090
102441.747
102483.408
102525.067
102566.729
102608.387
102650.047
102691.707
102733.367
102775.029
102816.688
102858.349
102900.009
102941.669
102983.327
103024.986
103066.648
103108.308
103149.967
103191.629
103233.287
103274.947
103316.609
103358.269
103399.927
103441.586
103483.249
103524.906
103566.568
103608.226
103649.887
103691.546
103733.206
103774.869
103816.530
103858.205
103899.847
103941.509
103983.168
104024.827
104066.487
104108.148
104149.809
104191.468
104233.128
104274.785
104316.445
104358.106
104399.767
104441.438
104483.087
104524.745
104566.408
104608.065
104649.736
104691.385
104733.047
104774.708
104816.366
104858.026
104899.685
104941.345
104983.006
105024.666
105066.324
105107.986
105149.646
105191.306
105232.965
105274.625
105316.287
105357.944
105399.605
105441.263
105482.924
105524.584
105566.246
105607.904
105649.564
105691.223
105732.885
105774.546
105816.207
105857.866
105899.524
105941.184
105982.844
106024.504
106066.165
106107.826
106149.487
106191.144
106232.803
106274.465
106316.126
106357.786
106399.445
106441.104
106482.763
106524.430
106566.083
106607.746
106649.404
106691.065
106732.725
106774.384
106816.046
106857.703
106899.363
106941.024
106982.690
107024.354
107066.002
107107.663
107149.325
107190.984
107232.644
107274.302
107315.963
107357.622
107399.284
107440.942
107482.603
107524.261
107565.924
107607.581
107649.244
107690.902
107732.564
107774.223
107815.883
107857.544
107899.203
107940.863
107982.523
108024.184
108065.844
108107.504
108149.163
108190.823
108232.483
108274.141
108315.804
108357.461
108399.121
108440.780
108482.441
108524.100
108565.764
108607.419
108649.082
108690.740
108732.401
108774.061
108815.722
108857.382
108899.042
108940.702
108982.362
109024.021
109065.682
109107.343
109149.002
109190.671
109232.322
109273.979
109315.640
109357.300
109398.960
109440.619
109482.279
109523.939
109565.601
109607.259
109648.921
109690.579
109732.240
109773.903
109815.561
109857.221
109898.882
109940.541
109982.200
110023.861
110065.522
110107.195
110148.838
110190.501
110232.161
110273.819
110315.479
110357.138
110398.800
110440.458
110482.120
110523.780
110565.441
110607.099
110648.759
110690.418
110732.081
110773.740
110815.400
110857.060
110898.719
110940.379
110982.055
111023.700
111065.359
111107.018
111148.679
111190.339
111231.999
111273.657
111315.318
111356.977
111398.639
111440.297
111481.958
111523.619
111565.280
111606.940
111648.599
111690.257
111731.918
111773.579
111815.240
111856.899
111898.558
111940.219
111981.879
112023.539
112065.200
112106.860
112148.519
112190.178
112231.839
112273.497
112315.158
112356.816
112398.478
112440.136
112481.797
112523.456
112565.117
112606.782
112648.439
112690.096
112731.758
112773.418
112815.077
112856.737
112898.398
112940.063
112981.718
113023.378
113065.037
113106.697
113148.359
113190.017
113231.676
113273.334
113314.996
113356.655
113398.315
113439.975
113481.638
113523.296
113564.957
113606.615
113648.276
113689.934
113731.597
113773.256
113814.917
113856.576
113898.236
113939.895
113981.555
114023.217
114064.875
114106.534
114148.196
114189.855
114231.516
114273.173
114314.835
114356.495
114398.158
114439.814
114481.475
114523.134
114564.796
114606.454
114648.118
114689.774
114731.436
114773.095
114814.754
114856.419
114898.076
114939.735
114981.396
115023.056
115064.716
115106.376
115148.035
115189.696
115231.354
115273.014
115314.674
115356.333
115397.997
115439.653
115481.316
115522.973
115564.634
115606.292
115647.954
115689.613
115731.272
115772.935
115814.594
115856.255
115897.915
115939.575
115981.234
116022.895
116064.553
116106.214
116147.874
116189.533
116231.194
116272.851
116314.513
116356.172
116397.835
116439.494
116481.154
116522.811
116564.473
116606.131
116647.793
116689.452
116731.114
116772.771
116814.431
116856.094
116897.754
116939.413
116981.073
117022.733
117064.392
117106.052
117147.713
117189.372
117231.034
117272.686
117314.352
117356.010
117397.672
117439.338
117480.993
117522.649
117564.313
117605.977
117647.631
117689.295
117730.951
117772.611
117814.272
117855.932
117897.592
117939.252
117980.911
118022.572
118064.231
118105.890
118147.551
118189.212
118230.871
118272.532
118314.190
118355.852
118397.510
118439.171
118480.833
118522.493
118564.151
118605.810
118647.470
118689.130
118730.791
118772.459
118814.111
118855.772
118897.431
118939.090
118980.750
119022.412
119064.071
119105.730
119147.389
119189.051
119230.713
119272.368
119314.029
119355.688
119397.350
119439.008
119480.671
119522.333
119564.003
119605.648
119647.310
119688.969
119730.631
119772.292
119813.948
119855.609
119897.269
119938.929
119980.589
120022.249
120063.908
120105.570
120147.230
120188.889
120230.548
120272.209
120313.870
120355.531
120397.189
120438.850
120480.508
120522.168
120563.828
120605.488
120647.153
120688.809
120730.469
120772.128
120813.791
120855.451
120897.109
120938.769
120980.428
121022.090
121063.748
121105.409
121147.068
121188.727
121230.388
121272.048
121313.708
121355.369
121397.028
121438.688
121480.346
121522.013
121563.670
121605.328
121646.988
121688.648
121730.308
121771.970
121813.628
121855.288
121896.948
121938.622
121980.268
122021.928
122063.587
122105.247
122146.907
122188.571
122230.228
122271.887
122313.547
122355.208
122396.866
122438.527
122480.189
122521.849
122563.506
122605.165
122646.827
122688.488
122730.148
122771.806
122813.467
122855.143
122896.786
122938.450
122980.106
123021.767
123063.429
123105.087
123146.747
123188.406
123230.069
123271.727
123313.385
123355.046
123396.705
123438.365
123480.024
123521.686
123563.345
123605.017
123646.666
123688.327
123729.986
123771.654
123813.306
123854.965
123896.626
123938.287
123979.951
124021.605
124063.264
124104.925
124146.585
124188.246
124229.906
124271.565
124313.225
124354.887
124396.547
124438.218
124479.865
124521.525
124563.185
124604.846
124646.504
124688.177
124729.826
124771.485
124813.145
124854.805
124896.464
124938.126
124979.784
125021.443
125063.103
125104.766
125146.423
125188.083
125229.746
125271.406
125313.065
125354.725
125396.382
125438.046
125479.704
125521.364
125563.023
125604.682
125646.343
125688.007
125729.664
125771.324
125812.984
125854.644
125896.306
125937.977
125979.624
126021.284
126062.942
126104.607
126146.264
126187.924
126229.581
126271.243
126312.902
126354.563
126396.235
126437.884
126479.544
126521.204
126562.863
126604.524
126646.184
126687.845
126729.504
126771.164
126812.823
126854.484
126896.145
126937.803
126979.463
127021.122
127062.783
127104.443
127146.113
127187.762
127229.421
127271.081
127312.740
127354.403
127396.064
127437.723
127479.381
127521.042
127562.700
127604.362
127646.022
127687.682
127729.342
127771.001
127812.661
127854.323
127895.982
127937.641
127979.302
128020.960
128062.621
128104.283
128145.942
128187.600
128229.261
128270.921
128312.590
128354.252
128395.901
128437.560
128479.223
128520.882
128562.539
128604.201
128645.860
128687.536
128729.183
128770.841
128812.500
128854.160
128895.821
128937.481
128979.140
129020.800
129062.461
129104.121
129145.780
129187.440
129229.100
129270.761
129312.421
129354.080
129395.739
129437.400
129479.059
129520.718
129562.379
129604.039
129645.699
129687.360
129729.020
129770.678
129812.339
129853.999
129895.659
129937.320
129978.979
130020.639
130062.300
130103.960
130145.619
130187.279
130228.938
130270.599
130312.260
130353.921
130395.579
130437.239
130478.899
130520.559
130562.217
130603.880
130645.539
130687.200
130728.857
130770.519
130812.179
130853.838
130895.499
130937.167
130978.817
131020.478
131062.139
131103.803
131145.460
131187.119
131228.778
131270.439
131312.099
131353.758
131395.417
131437.078
131478.739
131520.397
131562.057
131603.719
131645.379
131687.039
131728.697
131770.356
131812.017
131853.678
131895.337
131936.996
131978.657
132020.317
132061.979
132103.639
132145.297
132186.958
132228.617
132270.278
132311.939
132353.595
132395.256
132436.919
132478.575
132520.238
132561.897
132603.559
132645.215
132686.878
132728.536
132770.199
132811.857
132853.518
132895.177
132936.836
132978.497
133020.157
133061.817
133103.477
133145.137
133186.797
133228.456
133270.116
133311.775
133353.451
133395.093
133436.755
133478.414
133520.077
133561.735
133603.396
133645.054
133686.716
133728.377
133770.038
133811.694
133853.354
133895.015
133936.674
133978.334
134019.996
134061.655
134103.316
134144.975
134186.634
134228.299
134269.955
134311.615
134353.275
134394.934
134436.594
134478.255
134519.914
134561.573
134603.234
134644.894
134686.557
134728.216
134769.875
134811.535
134853.195
134894.855
134936.515
134978.174
135019.834
135061.494
135103.155
135144.815
135186.477
135228.136
135269.794
135311.455
135353.114
135394.773
135436.433
135478.093
135519.753
135561.413
135603.075
135644.735
135686.397
135728.053
135769.715
135811.374
135853.037
135894.694
135936.355
135978.014
136019.674
136061.340
136102.993
136144.655
136186.315
136227.975
136269.634
136311.293
136352.953
136394.612
136436.273
136477.931
136519.593
136561.252
136602.912
136644.572
136686.233
136727.892
136769.553
136811.214
136852.873
136894.533
136936.195
136977.857
137019.514
137061.172
137102.833
137144.492
137186.153
137227.814
137269.473
137311.132
137352.793
137394.452
137436.114
137477.772
137519.433
137561.092
137602.753
137644.411
137686.071
137727.732
137769.392
137811.053
137852.719
137894.372
137936.031
137977.691
138019.370
138061.024
138102.671
138144.332
138185.991
138227.651
138269.313
138310.986
138352.647
138394.289
138435.949
138477.609
138519.271
138560.942
138602.593
138644.249
138685.911
138727.570
138769.232
138810.891
138852.566
138894.209
138935.871
138977.532
139019.191
139060.850
139102.509
139144.171
139185.846
139227.506
139269.150
139310.809
139352.468
139394.129
139435.792
139477.450
139519.110
139560.768
139602.429
139644.092
139685.752
139727.411
139769.070
139810.730
139852.390
139894.051
139935.714
139977.368
140019.029
140060.688
140102.349
140144.011
140185.671
140227.330
140268.990
140310.648
140352.309
140393.969
140435.629
140477.289
140518.949
140560.609
140602.268
140643.927
140685.589
140727.249
140768.911
140810.569
140852.229
140893.893
140935.551
140977.209
141018.869
141060.527
141102.188
141143.848
141185.508
141227.167
141268.838
141310.486
141352.150
141393.809
141435.469
141477.128
141518.788
141560.447
141602.108
141643.766
141685.428
141727.097
141768.747
141810.407
141852.068
141893.728
141935.388
141977.046
142018.708
142060.369
142102.027
142143.688
142185.347
142227.006
142268.667
142310.327
142351.988
142393.645
142435.308
142476.965
142518.627
142560.287
142601.946
142643.606
142685.267
142726.926
142768.596
142810.249
142851.907
142893.565
142935.226
142976.886
143018.547
143060.207
143101.868
143143.529
143185.186
143226.846
143268.507
143310.166
143351.826
143393.486
143435.147
143476.805
143518.465
143560.125
143601.786
143643.449
143685.107
143726.763
143768.432
143810.085
143851.746
143893.405
143935.066
143976.724
144018.385
144060.045
144101.704
144143.366
144185.024
144226.684
144268.344
144310.005
144351.666
144393.322
144434.985
144476.643
144518.305
144559.964
144601.624
144643.283
144684.945
144726.606
144768.267
144809.923
144851.584
144893.245
144934.905
144976.562
145018.235
145059.885
145101.545
145143.205
145184.864
145226.525
145268.187
145309.842
145351.504
145393.163
145434.823
145476.483
145518.144
145559.802
145601.464
145643.122
145684.783
145726.444
145768.104
145809.763
145851.425
145893.083
145934.743
145976.405
146018.064
146059.725
146101.383
146143.044
146184.703
146226.364
146268.022
146309.683
146351.343
146393.002
146434.662
146476.320
146517.982
146559.642
146601.302
146642.960
146684.623
146726.282
146767.943
146809.603
146851.263
146892.923
146934.584
146976.242
147017.902
147059.562
147101.222
147142.883
147184.541
147226.201
147267.863
147309.521
147351.182
147392.841
147434.502
147476.161
147517.821
147559.482
147601.142
147642.801
147684.461
147726.120
147767.781
147809.442
147851.102
147892.762
147934.423
147976.082
148017.741
148059.402
148101.062
148142.724
148184.381
148226.042
148267.703
148309.362
148351.023
148392.678
148434.340
148476.000
148517.661
148559.323
148600.981
148642.640
148684.300
148725.960
148767.622
148809.282
148850.953
148892.600
148934.261
148975.921
149017.581
149059.242
149100.912
149142.561
149184.220
149225.880
149267.540
149309.199
149350.861
149392.518
149434.179
149475.838
149517.501
149559.163
149600.822
149642.478
149684.138
149725.801
149767.461
149809.128
149850.780
149892.439
149934.100
149975.760
150017.419
150059.078
150100.737
150142.401
150184.072
150225.719
150267.379
150309.038
150350.700
150392.358
150434.018
150475.677
150517.339
150558.999
150600.672
150642.317
150683.979
150725.636
150767.298
150808.958
150850.619
150892.281
150933.949
150975.600
151017.259
151058.918
151100.578
151142.240
151183.899
151225.559
151267.217
151308.877
151350.538
151392.197
151433.859
151475.516
151517.179
151558.838
151600.497
151642.157
151683.818
151725.479
151767.139
151808.797
151850.457
151892.116
151933.777
151975.437
152017.098
152058.758
152100.419
152142.077
152183.738
152225.398
152267.057
152308.716
152350.376
152392.036
152433.704
152475.355
152517.017
152558.676
152600.338
152641.998
152683.657
152725.314
152766.977
152808.638
152850.298
152891.957
152933.616
152975.277
153016.937
153058.597
153100.257
153141.917
153183.579
153225.238
153266.896
153308.555
153350.216
153391.875
153433.538
153475.194
153516.855
153558.515
153600.175
153641.834
153683.497
153725.155
153766.830
153808.476
153850.137
153891.798
153933.457
153975.117
154016.776
154058.436
154100.097
154141.755
154183.415
154225.074
154266.736
154308.394
154350.055
154391.713
154433.375
154475.035
154516.694
154558.355
154600.014
154641.673
154683.335
154724.993
154766.656
154808.314
154849.975
154891.633
154933.294
154974.954
155016.614
155058.275
155099.935
155141.593
155183.254
155224.914
155266.575
155308.233
155349.894
155391.553
155433.214
155474.873
155516.535
155558.196
155599.854
155641.512
155683.174
155724.834
155766.494
155808.154
155849.814
155891.476
155933.134
155974.794
156016.453
156058.114
156099.776
156141.436
156183.094
156224.753
156266.414
156308.074
156349.734
156391.391
156433.053
156474.712
156516.374
156558.032
156599.691
156641.351
156683.012
156724.671
156766.333
156807.993
156849.653
156891.313
156932.973
156974.633
157016.294
157057.954
157099.614
157141.273
157182.932
157224.593
157266.252
157307.911
157349.574
157391.230
157432.893
157474.551
157516.212
157557.870
157599.532
157641.191
157682.854
157724.510
157766.172
157807.832
157849.490
157891.151
157932.811
157974.471
158016.132
158057.793
158099.451
158141.115
158182.770
158224.430
158266.092
158307.751
158349.411
158391.069
158432.731
158474.390
158516.052
158557.709
158599.372
158641.031
158682.691
158724.349
158766.012
158807.672
158849.332
158890.990
158932.652
158974.312
159015.971
159057.632
159099.290
159140.951
159182.611
159224.269
159265.931
159307.589
159349.251
159390.908
159432.568
159474.228
159515.890
159557.549
159599.211
159640.869
159682.541
159724.187
159765.850
159807.512
159849.171
159890.831
159932.490
159974.150
160015.810
160057.471
160099.130
160140.790
160182.449
160224.109
160265.769
160307.427
160349.089
160390.747
160432.412
160474.068
160515.729
160557.387
160599.049
160640.707
160682.370
160724.028
160765.688
160807.348
160849.008
160890.669
160932.328
160973.987
161015.649
161057.310
161098.967
161140.627
161182.289
161223.948
161265.608
161307.267
161348.928
161390.587
161432.248
161473.906
161515.568
161557.226
161598.888
161640.547
161682.209
161723.866
161765.528
161807.191
161848.847
161890.507
161932.167
161973.827
162015.487
162057.147
162098.809
162140.471
162182.127
162223.786
162265.446
162307.105
162348.767
162390.425
162432.087
162473.745
162515.406
162557.066
162598.730
162640.386
162682.047
162723.705
162765.367
162807.026
162848.688
162890.348
162932.008
162973.667
163015.325
163056.986
163098.647
163140.305
163181.965
163223.626
163265.286
163306.945
163348.605
163390.264
163431.927
163473.585
163515.246
163556.904
163598.567
163640.224
163681.886
163723.544
163765.206
163806.866
163848.526
163890.185
163931.845
163973.504
164015.166
164056.827
164098.487
164140.146
164181.805
164223.465
164265.127
164306.784
164348.445
164390.103
164431.763
164473.423
164515.085
164556.742
164598.403
164640.068
164681.725
164723.383
164765.045
164806.709
164848.363
164890.025
164931.685
164973.344
165015.005
165056.666
165098.329
165139.984
165181.645
165223.302
165264.964
165306.623
165348.284
165389.943
165431.604
165473.262
165514.923
165556.583
165598.248
165639.901
165681.562
165723.221
165764.884
165806.544
165848.204
165889.864
165931.526
165973.184
166014.843
166056.504
166098.165
166139.826
166181.482
166223.143
166264.803
166306.462
166348.123
166389.781
166431.442
166473.102
166514.776
166556.431
166598.081
166639.741
166681.402
166723.062
166764.723
166806.383
166848.043
166889.703
166931.363
166973.023
167014.682
167056.343
167098.003
167139.680
167181.341
167222.984
167264.645
167306.300
167347.963
167389.620
167431.300
167472.944
167514.602
167556.261
167597.923
167639.581
167681.242
167722.899
167764.562
167806.222
167847.883
167889.542
167931.201
167972.863
168014.524
168056.184
168097.841
168139.502
168181.162
168222.822
168264.481
168306.143
168347.801
168389.459
168431.119
168472.780
168514.442
168556.101
168597.763
168639.419
168681.082
168722.739
168764.409
168806.062
168847.721
168889.382
168931.040
168972.701
169014.360
169056.021
169097.681
169139.341
169181.001
169222.663
169264.321
169305.981
169347.640
169389.305
169430.961
169472.621
169514.280
169555.944
169597.599
169639.261
169680.918
169722.581
169764.239
169805.898
169847.561
169889.219
169930.879
169972.540
170014.212
170055.861
170097.520
170139.179
170180.841
170222.501
170264.161
170305.835
170347.481
170389.139
170430.798
170472.457
170514.119
170555.779
170597.439
170639.099
170680.759
170722.422
170764.082
170805.738
170847.399
170889.060
170930.722
170972.381
171014.037
171055.699
171097.361
171139.021
171180.679
171222.339
171263.999
171305.657
171347.317
171388.979
171430.638
171472.301
171513.958
171555.617
171597.279
171638.939
171680.596
171722.257
171763.921
171805.577
171847.236
171888.898
171930.559
171972.220
172013.880
172055.541
172097.198
172138.858
172180.518
172222.180
172263.839
172305.498
172347.156
172388.817
172430.478
172472.150
172513.796
172555.457
172597.116
172638.778
172680.437
172722.099
172763.758
172805.417
172847.078
172888.736
172930.396
172972.055
173013.716
173055.376
173097.037
173138.696
173180.357
173222.016
173263.676
173305.337
173346.996
173388.657
173430.315
173471.975
173513.636
173555.297
173596.958
173638.616
173680.276
173721.938
173763.607
173805.256
173846.917
173888.575
173930.236
173971.895
174013.557
174055.215
174096.877
174138.536
174180.195
174221.855
174263.529
174305.177
174346.836
174388.495
174430.155
174471.816
174513.477
174555.134
174596.794
174638.455
174680.116
174721.775
174763.437
174805.095
174846.756
174888.438
174930.076
174971.735
175013.392
175055.057
175096.716
175138.376
175180.035
175221.694
175263.353
175305.013
175346.676
175388.335
175430.008
175471.654
175513.315
175554.990
175596.650
175638.292
175679.953
175721.615
175763.274
175804.935
175846.595
175888.255
175929.915
175971.574
176013.234
176054.894
176096.554
176138.214
176179.874
176221.534
176263.195
176304.854
176346.514
176388.174
176429.833
176471.498
176513.152
176554.814
176596.472
176638.134
176679.794
176721.454
176763.112
176804.772
176846.434
176888.094
176929.754
176971.411
177013.072
177054.732
177096.393
177138.052
177179.713
177221.373
177263.033
177304.692
177346.353
177388.013
177429.673
177471.333
177512.992
177554.654
177596.314
177637.973
177679.631
177721.292
177762.953
177804.612
177846.272
177887.940
177929.593
177971.258
178012.912
178054.571
178096.231
178137.890
178179.551
178221.213
178262.873
178304.532
178346.192
178387.853
178429.513
178471.173
178512.831
178554.492
178596.153
178637.828
178679.471
178721.131
178762.793
178804.452
178846.112
178887.772
178929.431
178971.093
179012.751
179054.411
179096.069
179137.730
179179.390
179221.048
179262.711
179304.372
179346.041
179387.691
179429.352
179471.012
179512.672
179554.331
179595.991
179637.650
179679.311
179720.970
179762.630
179804.290
179845.951
179887.612
179929.276
179970.930
180012.590
180054.250
180095.911
180137.570
180179.229
180220.889
180262.549
180304.210
180345.869
180387.530
180429.189
180470.849
180512.510
180554.171
180595.828
180637.488
180679.150
180720.824
180762.472
180804.129
180845.789
180887.449
180929.109
180970.769
181012.429
181054.089
181095.749
181137.408
181179.068
181220.731
181262.387
181304.050
181345.706
181387.370
181429.028
181470.701
181512.348
181554.007
181595.670
181637.347
181678.987
181720.648
181762.308
181803.968
181845.628
181887.288
181928.948
181970.608
182012.267
182053.928
182095.588
182137.247
182178.907
182220.572
182262.226
182303.888
182345.548
182387.209
182428.866
182470.539
182512.186
182553.848
182595.510
182637.168
182678.826
182720.487
182762.148
182803.808
182845.481
182887.127
182928.789
182970.448
183012.108
183053.767
183095.428
183137.087
183178.749
183220.406
183262.066
183303.726
183345.387
183387.049
183428.713
183470.367
183512.026
183553.686
183595.345
183637.008
183678.667
183720.326
183761.986
183803.647
183845.312
183886.967
183928.625
183970.286
184011.946
184053.606
184095.265
184136.925
184178.586
184220.247
184261.906
184303.564
184345.226
184386.885
184428.547
184470.206
184511.867
184553.526
184595.185
184636.847
184678.506
184720.165
184761.824
184803.484
184845.146
184886.806
184928.464
184970.124
185011.785
185053.446
185095.106
185136.765
185178.426
185220.087
185261.748
185303.405
185345.063
185386.725
185428.386
185470.046
185511.705
185553.365
185595.025
185636.684
185678.344
185720.003
185761.665
185803.325
185844.986
185886.646
185928.304
185969.963
186011.624
186053.285
186094.944
186136.606
186178.266
186219.923
186261.582
186303.243
186344.903
186386.563
186428.224
186469.887
186511.543
186553.204
186594.862
186636.525
186678.183
186719.844
186761.503
186803.164
186844.824
186886.486
186928.144
186969.803
187011.463
187053.124
187094.786
187136.444
187178.102
187219.761
187261.423
187303.082
187344.742
187386.403
187428.063
187469.723
187511.381
187553.040
187594.702
187636.363
187678.023
187719.683
187761.344
187803.004
187844.663
187886.323
187927.983
187969.643
188011.304
188052.962
188094.623
188136.282
188177.941
188219.603
188261.261
188302.923
188344.582
188386.241
188427.900
188469.563
188511.224
188552.883
188594.539
188636.199
188677.863
188719.521
188761.181
188802.843
188844.506
188886.161
188927.822
188969.482
189011.145
189052.802
189094.461
189136.122
189177.783
189219.444
189261.101
189302.761
189344.420
189386.082
189427.742
189469.402
189511.062
189552.720
189594.379
189636.042
189677.701
189719.359
189761.020
189802.695
189844.341
189886.001
189927.661
189969.321
190010.982
190052.640
190094.300
190135.960
190177.621
190219.281
190260.941
190302.600
190344.258
190385.921
190427.581
190469.241
190510.900
190552.560
190594.218
190635.880
190677.541
190719.201
190760.860
190802.520
190844.181
190885.840
190927.501
190969.160
191010.821
191052.480
191094.140
191135.802
191177.459
191219.120
191260.781
191302.440
191344.098
191385.758
191427.420
191469.080
191510.739
191552.399
191594.058
191635.720
191677.379
191719.040
191760.698
191802.359
191844.018
191885.678
191927.338
191969.000
192010.660
192052.318
192093.979
192135.639
192177.301
192218.960
192260.617
192302.279
192343.935
192385.597
192427.257
192468.918
192510.575
192552.238
192593.896
192635.557
192677.216
192718.879
192760.539
192802.196
192843.857
192885.518
192927.180
192968.839
193010.499
193052.159
193093.818
193135.478
193177.137
193218.797
193260.455
193302.117
193343.777
193385.437
193427.096
193468.757
193510.418
193552.080
193593.736
193635.397
193677.057
193718.716
193760.377
193802.038
193843.697
193885.356
193927.017
193968.678
194010.339
194051.999
194093.657
194135.316
194176.977
194218.642
194260.297
194301.955
194343.613
194385.275
194426.937
194468.594
194510.254
194551.917
194593.576
194635.236
194676.896
194718.555
194760.215
194801.875
194843.535
194885.214
194926.857
194968.514
195010.176
195051.836
195093.494
195135.155
195176.815
195218.476
195260.135
195301.796
195343.457
195385.116
195426.777
195468.437
195510.093
195551.755
195593.416
195635.081
195676.736
195718.395
195760.055
195801.717
195843.377
195885.035
195926.696
195968.356
196010.015
196051.674
196093.335
196134.994
196176.653
196218.315
196259.973
196301.634
196343.294
196384.954
196426.614
196468.274
196509.933
196551.594
196593.254
196634.914
196676.572
196718.235
196759.894
196801.554
196843.213
196884.874
196926.535
196968.197
197009.853
197051.515
197093.174
197134.834
197176.494
197218.155
197259.815
197301.474
197343.132
197384.793
197426.453
197468.113
197509.771
197551.433
197593.094
197634.754
197676.421
197718.073
197759.732
197801.394
197843.055
197884.715
197926.373
197968.036
198009.694
198051.354
198093.012
198134.671
198176.332
198217.992
198259.652
198301.312
198342.972
198384.631
198426.294
198467.953
198509.613
198551.274
198592.930
198634.594
198676.253
198717.913
198759.573
198801.233
198842.892
198884.553
198926.213
198967.872
199009.532
199051.191
199092.851
199134.511
199176.171
199217.832
199259.492
199301.152
199342.811
199384.472
199426.132
199467.793
199509.452
199551.111
199592.769
199634.432
199676.089
199717.752
199759.413
199801.072
199842.730
199884.389
199926.053
199967.713
200009.372
200051.031
200092.691
200134.351
200176.010
200217.671
200259.330
200300.989
200342.651
200384.311
200425.971
200467.631
200509.288
200550.952
200592.612
200634.271
200675.931
200717.590
200759.250
200800.910
200842.570
200884.229
200925.891
200967.549
201009.211
201050.869
201092.530
201134.189
201175.850
201217.511
201259.169
201300.829
201342.487
201384.150
201425.809
201467.470
201509.128
201550.790
201592.447
201634.108
201675.768
201717.431
201759.090
201800.749
201842.410
201884.070
201925.730
201967.389
202009.049
202050.710
202092.369
202134.032
202175.689
202217.349
202259.008
202300.670
202342.327
202383.988
202425.648
202467.309
202508.968
202550.630
202592.286
202633.949
202675.606
202717.269
202758.929
202800.589
202842.249
202883.908
202925.568
202967.229
203008.887
203050.547
203092.208
203133.868
203175.530
203217.189
203258.858
203300.509
203342.167
203383.826
203425.485
203467.148
203508.807
203550.469
203592.128
203633.787
203675.446
203717.108
203758.767
203800.429
203842.088
203883.748
203925.407
203967.067
204008.727
204050.388
204092.048
204133.708
204175.367
204217.026
204258.686
204300.346
204342.007
204383.666
204425.326
204466.992
204508.644
204550.306
204591.966
204633.628
204675.285
204716.947
204758.607
204800.268
204841.927
204883.587
204925.246
204966.906
205008.566
205050.226
205091.886
205133.545
205175.206
205216.866
205258.525
205300.186
205341.845
205383.505
205425.165
205466.826
205508.485
205550.147
205591.804
205633.465
205675.124
205716.787
205758.463
205800.105
205841.766
205883.424
205925.085
205966.747
206008.407
206050.066
206091.726
206133.385
206175.046
206216.706
206258.365
206300.024
206341.684
206383.346
206425.005
206466.665
206508.323
206549.983
206591.645
206633.304
206674.965
206716.624
206758.285
206799.944
206841.603
206883.264
206924.924
206966.584
207008.243
207049.904
207091.565
207133.226
207174.885
207216.543
207258.202
207299.864
207341.522
207383.182
207424.842
207466.504
207508.161
207549.822
207591.481
207633.143
207674.802
207716.464
207758.124
207799.785
207841.444
207883.104
207924.763
207966.423
208008.084
208049.744
208091.405
208133.064
208174.726
208216.384
208258.041
208299.703
208341.360
208383.024
208424.681
208466.341
208508.002
208549.662
208591.321
208632.983
208674.641
208716.304
208757.963
208799.623
208841.283
208882.943
208924.601
208966.262
209007.923
209049.582
209091.242
209132.903
209174.562
209216.223
209257.880
209299.541
209341.200
209382.863
209424.521
209466.181
209507.840
209549.511
209591.160
209632.821
209674.479
209716.143
209757.802
209799.461
209841.121
209882.781
209924.442
209966.101
210007.760
210049.421
210091.080
210132.740
210174.401
210216.062
210257.720
210299.380
210341.040
210382.702
210424.360
210466.021
210507.680
210549.340
210590.998
210632.662
210674.320
210715.982
210757.654
210799.302
210840.960
210882.621
210924.281
210965.941
211007.612
211049.262
211090.920
211132.581
211174.240
211215.902
211257.559
211299.222
211340.879
211382.540
211424.198
211465.860
211507.518
211549.180
211590.838
211632.500
211674.158
211715.820
211757.480
211799.140
211840.802
211882.461
211924.119
211965.779
212007.442
212049.101
212090.765
212132.424
212174.079
212215.739
212257.398
212299.061
212340.717
212382.378
212424.038
212465.698
212507.357
212549.025
212590.678
212632.338
212673.996
212715.659
212757.332
212798.979
212840.639
212882.299
212923.963
212965.620
213007.280
213048.939
213090.600
213132.259
213173.919
213215.578
213257.236
213298.898
213340.557
213382.218
213423.878
213465.537
213507.196
213548.857
213590.516
213632.176
213673.837
213715.497
213757.156
213798.817
213840.476
213882.137
213923.797
213965.457
214007.117
214048.777
214090.437
214132.097
214173.758
214215.422
214257.076
214298.737
214340.394
214382.058
214423.716
214465.376
214507.035
214548.696
214590.355
214632.015
214673.676
214715.337
214756.996
214798.658
214840.318
214881.976
214923.637
214965.297
215006.958
215048.618
215090.276
215131.935
215173.595
215215.257
215256.915
215298.576
215340.234
215381.897
215423.556
215465.218
215506.878
215548.540
215590.195
215631.858
215673.515
215715.177
215756.836
215798.496
215840.158
215881.820
215923.477
215965.136
216006.796
216048.458
216090.116
216131.777
216173.436
216215.096
216256.754
216298.416
216340.074
216381.735
216423.393
216465.056
216506.713
216548.373
216590.033
216631.693
216673.354
216715.017
216756.675
216798.335
216839.995
216881.655
216923.322
216964.974
217006.635
217048.294
217089.955
217131.614
217173.273
217214.932
217256.592
217298.254
217339.924
217381.575
217423.232
217464.894
217506.554
217548.222
217589.872
217631.534
217673.193
217714.861
217756.515
217798.174
217839.834
217881.493
217923.155
217964.814
218006.473
218048.133
218089.792
218131.453
218173.113
218214.774
218256.438
218298.092
218339.752
218381.413
218423.072
218464.733
218506.392
218548.052
218589.712
218631.374
218673.034
218714.685
218756.353
218798.015
218839.674
218881.333
218922.992
218964.652
219006.313
219047.975
219089.633
219131.292
219172.952
219214.612
219256.273
219297.932
219339.590
219381.254
219422.911
219464.576
219506.230
219547.891
219589.551
219631.214
219672.870
219714.532
219756.190
219797.852
219839.513
219881.174
219922.835
219964.501
220006.151
220047.812
220089.473
220131.134
220172.791
220214.452
220256.112
220297.774
220339.434
220381.092
220422.752
220464.419
220506.073
220547.734
220589.391
220631.051
220672.711
220714.372
220756.034
220797.691
220839.351
220881.011
220922.672
220964.344
221006.002
221047.651
221089.312
221130.972
221172.630
221214.290
221255.950
221297.610
221339.271
221380.931
221422.591
221464.251
221505.911
221547.570
221589.229
221630.891
221672.552
221714.212
221755.872
221797.530
221839.190
221880.850
221922.512
221964.173
222005.830
222047.491
222089.150
222130.811
222172.471
222214.130
222255.790
222297.451
222339.111
222380.770
222422.430
222464.090
222505.751
222547.410
222589.070
222630.730
222672.390
222714.051
222755.709
222797.371
222839.030
222880.689
222922.358
222964.015
223005.679
223047.330
223088.988
223130.650
223172.320
223213.970
223255.629
223297.289
223338.952
223380.609
223422.270
223463.928
223505.588
223547.248
223588.910
223630.567
223672.227
223713.888
223755.550
223797.210
223838.868
223880.528
223922.191
223963.848
224005.509
224047.171
224088.830
224130.489
224172.149
224213.809
224255.468
224297.127
224338.789
224380.449
224422.107
224463.767
224505.427
224547.088
224588.754
224630.407
224672.069
224713.729
224755.387
224797.049
224838.708
224880.369
224922.028
224963.689
225005.362
225047.008
225088.668
225130.330
225171.989
225213.668
225255.306
225296.967
225338.627
225380.285
225421.946
225463.615
225505.267
225546.927
225588.587
225630.247
225671.923
225713.567
225755.227
225796.892
225838.546
225880.207
225921.867
225963.527
226005.186
226046.847
226088.506
226130.167
226171.840
226213.499
226255.146
226296.806
226338.467
226380.129
226421.787
226463.447
226505.106
226546.765
226588.431
226630.085
226671.745
226713.406
226755.066
226796.738
226838.384
226880.046
226921.706
226963.367
227005.028
227046.687
227088.354
227130.006
227171.668
227213.339
227254.987
227296.647
227338.308
227379.966
227421.625
227463.287
227504.946
227546.604
227588.265
227629.926
227671.589
227713.248
227754.904
227796.565
227838.224
227879.885
227921.544
227963.204
228004.864
228046.526
228088.187
228129.846
228171.505
228213.164
228254.823
228296.483
228338.142
228379.802
228421.470
228463.126
228504.786
228546.446
228588.104
228629.763
228671.425
228713.097
228754.744
228796.404
228838.065
228879.724
228921.384
228963.045
229004.705
229046.367
229088.022
229129.681
229171.345
229213.005
229254.663
229296.324
229337.984
229379.644
229421.305
229462.964
229504.623
229546.283
229587.944
229629.604
229671.263
229712.923
229754.584
229796.245
229837.917
229879.563
229921.222
229962.885
230004.543
230046.203
230087.863
230129.521
230171.182
230212.844
230254.503
230296.162
230337.822
230379.482
230421.142
230462.802
230504.463
230546.120
230587.782
230629.441
230671.104
230712.778
230754.425
230796.082
230837.742
230879.403
230921.063
230962.723
231004.381
231046.042
231087.703
231129.379
231171.033
231212.681
231254.341
231296.001
231337.662
231379.320
231420.981
231462.641
231504.303
231545.962
231587.622
231629.280
231670.943
231712.601
231754.264
231795.924
231837.583
231879.243
231920.901
231962.562
232004.221
232045.881
232087.541
232129.200
232170.861
232212.522
232254.179
232295.838
232337.499
232379.159
232420.821
232462.481
232504.139
232545.799
232587.460
232629.121
232670.789
232712.440
232754.100
232795.762
232837.421
232879.082
232920.740
232962.400
233004.060
233045.722
233087.420
233129.040
233170.700
233212.361
233254.020
233295.680
233337.341
233378.999
233420.660
233462.320
233503.980
233545.638
233587.299
233628.959
233670.622
233712.279
233753.938
233795.599
233837.259
233878.918
233920.578
233962.239
234003.900
234045.560
234087.220
234128.879
234170.539
234212.199
234253.858
234295.519
234337.183
234378.838
234420.497
234462.157
234503.818
234545.478
234587.138
234628.799
234670.459
234712.116
234753.778
234795.440
234837.099
234878.758
234920.420
234962.079
235003.739
235045.400
235087.059
235128.718
235170.378
235212.039
235253.698
235295.359
235337.018
235378.682
235420.335
235461.998
235503.658
235545.319
235586.978
235628.637
235670.298
235711.961
235753.617
235795.278
235836.938
235878.598
235920.259
235961.918
236003.578
236045.237
236086.896
236128.558
236170.218
236211.880
236253.537
236295.197
236336.858
236378.518
236420.179
236461.835
236503.495
236545.157
236586.817
236628.475
236670.137
236711.797
236753.457
236795.118
236836.776
236878.436
236920.098
236961.765
237003.418
237045.076
237086.736
237128.395
237170.056
237211.717
237253.378
237295.036
237336.698
237378.355
237420.016
237461.675
237503.338
237544.996
237586.655
237628.315
237669.978
237711.637
237753.296
237794.956
237836.616
237878.276
237919.937
237961.598
238003.256
238044.915
238086.576
238128.235
238169.896
238211.557
238253.216
238294.874
238336.536
238378.199
238419.856
238461.514
238503.175
238544.837
238586.496
238628.155
238669.816
238711.477
238753.135
238794.795
238836.454
238878.115
238919.775
238961.435
239003.095
239044.755
239086.417
239128.087
239169.735
239211.394
239253.053
239294.715
239336.376
239378.033
239419.696
239461.353
239503.013
239544.686
239586.334
239627.993
239669.655
239711.315
239752.978
239794.635
239836.295
239877.954
239919.615
239961.275
240002.935
240044.594
240086.253
240127.914
240169.574
240211.235
240252.892
240294.551
240336.213
240377.873
240419.550
240461.193
240502.854
240544.514
240586.173
240627.837
240669.495
240711.154
240752.834
240794.473
240836.134
240877.794
240919.475
240961.126
241002.774
241044.433
241086.094
241127.755
241169.414
241211.078
241252.733
241294.393
241336.053
241377.712
241419.373
241461.033
241502.694
241544.366
241586.013
241627.672
241669.340
241710.994
241752.655
241794.312
241835.974
241877.633
241919.295
241960.953
242002.613
242044.274
242085.932
242127.600
242169.253
242210.911
242252.572
242294.230
242335.893
242377.560
242419.213
242460.873
242502.531
242544.191
242585.852
242627.511
242669.172
242710.832
242752.493
242794.151
242835.812
242877.472
242919.134
242960.792
243002.453
243044.132
243085.771
243127.433
243169.093
243210.752
243252.423
243294.071
243335.730
243377.389
243419.052
243460.720
243502.370
243544.030
243585.692
243627.352
243669.028
243710.669
243752.331
243793.991
243835.651
243877.309
243918.969
243960.629
244002.289
244043.949
244085.611
244127.282
244168.929
244210.590
244252.251
244293.908
244335.570
244377.230
244418.905
244460.550
244502.210
244543.869
244585.530
244627.189
244668.851
244710.510
244752.169
244793.830
244835.491
244877.150
244918.809
244960.468
245002.131
245043.789
245085.448
245127.109
245168.769
245210.431
245252.089
245293.748
245335.409
245377.070
245418.728
245460.388
245502.049
245543.710
245585.369
245627.028
245668.689
245710.350
245752.011
245793.669
245835.326
245876.990
245918.652
245960.310
246001.969
246043.629
246085.288
246126.953
246168.609
246210.269
246251.944
246293.588
246335.247
246376.906
246418.568
246460.228
246501.888
246543.549
246585.209
246626.870
246668.529
246710.186
246751.847
246793.509
246835.170
246876.827
246918.480
246960.148
247001.809
247043.469
247085.129
247126.788
247168.449
247210.108
247251.767
247293.426
247335.088
247376.749
247418.407
247460.066
247501.729
247543.389
247585.048
247626.708
247668.367
247710.026
247751.690
247793.347
247835.007
247876.668
247918.328
247959.987
248001.646
248043.305
248084.966
248126.627
248168.289
248209.947
248251.606
248293.264
248334.946
248376.594
248418.246
248459.906
248501.565
248543.226
248584.885
248626.546
248668.223
248709.866
248751.526
248793.185
248834.845
248876.505
248918.166
248959.826
249001.487
249043.147
249084.807
249126.465
249168.126
249209.786
249251.445
249293.107
249334.768
249376.424
249418.086
249459.745
249501.406
249543.064
249584.725
249626.385
249668.047
249709.706
249751.364
249793.025
249834.686
249876.345
249918.007
249959.664
250001.325
250042.986
250084.646
250126.306
250167.964
250209.624
250251.285
250292.945
250334.605
250376.264
250417.926
250459.583
250501.248
250542.904
250584.565
250626.223
250667.886
250709.558
250751.204
250792.865
250834.525
250876.185
250917.844
250959.507
251001.165
251042.824
251084.482
251126.145
251167.806
251209.466
251251.126
251292.783
251334.444
251376.103
251417.764
251459.422
251501.084
251542.744
251584.404
251626.064
251667.725
251709.383
251751.044
251792.703
251834.362
251876.023
251917.682
251959.341
252001.003
252042.664
252084.323
252125.983
252167.644
252209.305
252250.963
252292.621
252334.284
252375.943
252417.604
252459.263
252500.923
252542.581
252584.243
252625.901
252667.564
252709.224
252750.884
252792.542
252834.204
252875.864
252917.524
252959.183
253000.844
253042.505
253084.165
253125.826
253167.489
253209.142
253250.803
253292.463
253334.122
253375.781
253417.442
253459.101
253500.760
253542.420
253584.082
253625.741
253667.401
253709.061
253750.721
253792.381
253834.042
253875.705
253917.363
253959.021
254000.681
254042.344
254084.002
254125.663
254167.320
254208.979
254250.642
254292.300
254333.961
254375.620
254417.280
254458.939
254500.601
254542.259
254583.922
254625.580
254667.246
254708.899
254750.560
254792.222
254833.880
254875.542
254917.200
254958.865
255000.522
255042.182
255083.843
255125.501
255167.164
255208.824
255250.484
255292.139
255333.801
255375.462
255417.122
255458.781
255500.441
255542.101
255583.761
255625.418
255667.081
255708.745
255750.400
255792.059
255833.719
255875.381
255917.040
255958.700
256000.359
256042.020
256083.680
256125.340
256167.001
256208.661
256250.322
256291.980
256333.639
256375.298
256416.960
256458.619
256500.280
256541.939
256583.601
256625.258
256666.919
256708.585
256750.239
256791.901
256833.560
256875.219
256916.878
256958.539
257000.200
257041.859
257083.518
257125.178
257166.840
257208.500
257250.157
257291.816
257333.479
257375.137
257416.798
257458.462
257500.117
257541.776
257583.439
257625.098
257666.758
257708.423
257750.077
257791.739
257833.400
257875.059
257916.718
257958.377
258000.039
258041.700
258083.358
258125.018
258166.679
258208.339
258249.998
258291.656
258333.317
258374.976
258416.638
258458.298
258499.957
258541.616
258583.278
258624.937
258666.598
258708.258
258749.917
258791.577
258833.239
258874.897
258916.557
258958.216
258999.875
259041.548
259083.197
259124.858
259166.519
259208.178
259249.836
259291.496
259333.155
259374.815
259416.476
259458.134
259499.796
259541.458
259583.116
259624.775
259666.437
259708.097
259749.756
259791.415
259833.076
259874.737
259916.395
259958.056
259999.716
260041.377
260083.037
260124.699
260166.357
260208.017
260249.677
260291.334
260332.999
260374.656
260416.316
260457.976
260499.637
260541.295
260582.956
260624.615
260666.275
260707.935
260749.595
260791.256
260832.915
260874.575
260916.236
260957.896
260999.555
261041.215
261082.876
261124.535
261166.195
261207.857
261249.516
261291.174
261332.836
261374.494
261416.155
261457.824
261499.474
261541.134
261582.795
261624.453
261666.117
261707.776
261749.436
261791.097
261832.755
261874.414
261916.075
261957.735
261999.394
262041.054
262082.716
262124.375
262166.035
262207.694
262249.355
262291.014
262332.674
262374.332
262415.995
262457.653
262499.314
262540.972
262582.633
262624.293
262665.955
262707.614
262749.272
262790.934
262832.595
262874.253
262915.915
262957.574
262999.235
263040.892
263082.552
263124.214
263165.874
263207.533
263249.193
263290.851
263332.514
263374.172
263415.835
263457.491
263499.153
263540.811
263582.472
263624.131
263665.793
263707.452
263749.112
263790.771
263832.433
263874.093
263915.752
263957.412
263999.074
264040.733
264082.392
264124.052
264165.712
264207.372
264249.033
264290.691
264332.353
264374.011
264415.672
264457.331
264498.992
264540.651
264582.312
264623.971
264665.633
264707.291
264748.952
264790.613
264832.272
264873.931
264915.591
264957.253
264998.913
265040.573
265082.232
265123.892
265165.550
265207.212
265248.873
265290.531
265332.194
265373.851
265415.514
265457.171
265498.832
265540.491
265582.152
265623.811
265665.475
265707.132
265748.790
265790.453
265832.112
265873.772
265915.434
265957.093
265998.753
266040.420
266082.071
266123.732
266165.393
266207.071
266248.712
266290.370
266332.044
266373.693
266415.352
266457.010
266498.672
266540.328
266581.990
266623.648
266665.312
266706.969
266748.632
266790.295
266831.951
266873.612
266915.272
266956.931
266998.591
267040.251
267081.911
267123.572
267165.233
267206.891
267248.551
267290.209
267331.873
267373.528
267415.189
267456.849
267498.511
267540.169
267581.828
267623.488
267665.150
267706.811
267748.469
267790.130
267831.790
267873.450
267915.111
267956.769
267998.431
268040.091
268081.750
268123.410
268165.071
268206.734
268248.390
268290.047
268331.710
268373.367
268415.028
268456.687
268498.348
268540.015
268581.670
268623.326
268664.990
268706.647
268748.308
268789.971
268831.631
268873.289
268914.949
268956.609
268998.270
269039.930
269081.588
269123.248
269164.908
269206.568
269248.228
269289.886
269331.547
269373.207
269414.870
269456.527
269498.191
269539.846
269581.509
269623.166
269664.828
269706.486
269748.147
269789.808
269831.469
269873.129
269914.788
269956.447
269998.109
270039.769
270081.427
270123.086
270164.748
270206.409
270248.071
270289.725
270331.389
270373.047
270414.708
270456.366
270498.028
270539.685
270581.347
270623.006
270664.668
270706.325
270747.985
270789.650
270831.308
270872.967
270914.628
270956.287
270997.947
271039.608
271081.267
271122.927
271164.587
271206.246
271247.906
271289.567
271331.230
271372.888
271414.548
271456.209
271497.867
271539.526
271581.187
271622.847
271664.507
271706.167
271747.825
271789.484
271831.146
271872.807
271914.467
271956.127
271997.787
272039.445
272081.104
272122.766
272164.429
272206.087
272247.747
272289.405
272331.066
272372.726
272414.388
272456.047
272497.706
272539.366
272581.024
272622.687
272664.347
272706.004
272747.664
272789.325
272830.987
272872.646
272914.304
272955.965
272997.625
273039.286
273080.945
273122.605
273164.264
273205.925
273247.585
273289.246
273330.904
273372.565
273414.224
273455.886
273497.546
273539.206
273580.863
273622.526
273664.186
273705.845
273747.503
273789.165
273830.825
273872.485
273914.146
273955.805
273997.465
274039.125
274080.786
274122.445
274164.105
274205.764
274247.427
274289.086
274330.742
274372.406
274414.062
274455.723
274497.384
274539.045
274580.704
274622.365
274664.023
274705.685
274747.342
274789.003
274830.664
274872.324
274913.986
274955.644
274997.302
275038.963
275080.624
275122.284
275163.944
275205.618
275247.264
275288.922
275330.583
275372.241
275413.904
275455.564
275497.224
275538.884
275580.542
275622.203
275663.861
275705.522
275747.181
275788.843
275830.504
275872.164
275913.823
275955.483
275997.144
276038.804
276080.463
276122.123
276163.781
276205.443
276247.103
276288.764
276330.423
276372.083
276413.740
276455.403
276497.063
276538.722
276580.382
276622.042
276663.700
276705.364
276747.021
276788.683
276830.342
276872.003
276913.662
276955.325
276996.983
277038.642
277080.303
277121.962
277163.621
277205.281
277246.941
277288.601
277330.260
277371.921
277413.581
277455.241
277496.900
277538.563
277580.237
277621.882
277663.541
277705.201
277746.860
277788.521
277830.182
277871.840
277913.500
277955.162
277996.822
278038.480
278080.140
278121.801
278163.461
278205.121
278246.780
278288.442
278330.100
278371.760
278413.423
278455.079
278496.740
278538.402
278580.060
278621.720
278663.380
278705.039
278746.699
278788.363
278830.021
278871.682
278913.340
278955.002
278996.660
279038.322
279079.982
279121.640
279163.300
279204.957
279246.618
279288.280
279329.939
279371.598
279413.260
279454.919
279496.579
279538.240
279579.899
279621.558
279663.218
279704.879
279746.538
279788.199
279829.859
279871.520
279913.179
279954.839
279996.500
280038.159
280079.820
280121.479
280163.139
280204.800
280246.456
280288.118
280329.778
280371.439
280413.098
280454.757
280496.419
280538.078
280579.739
280621.400
280663.059
280704.719
280746.377
280788.039
280829.698
280871.359
280913.018
280954.679
280996.340
281037.999
281079.657
281121.319
281162.979
281204.640
281246.300
281287.960
281329.617
281371.279
281412.949
281454.599
281496.260
281537.920
281579.580
281621.240
281662.898
281704.558
281746.216
281787.878
281829.537
281871.202
281912.858
281954.518
281996.177
282037.837
282079.498
282121.158
282162.819
282204.477
282246.138
282287.798
282329.457
282371.118
282412.777
282454.437
282496.095
282537.757
282579.415
282621.077
282662.737
282704.400
282746.056
282787.718
282829.376
282871.036
282912.696
282954.355
282996.017
283037.677
283079.337
283120.996
283162.656
283204.319
283245.977
283287.639
283329.295
283370.958
283412.614
283454.276
283495.936
283537.596
283579.258
283620.916
283662.585
283704.237
283745.896
283787.556
283829.214
283870.875
283912.535
283954.195
283995.855
284037.515
284079.175
284120.836
284162.496
284204.156
284245.815
284287.476
284329.133
284370.796
284412.457
284454.132
284495.775
284537.436
284579.096
284620.755
284662.416
284704.075
284745.734
284787.396
284829.056
284870.714
284912.376
284954.035
284995.709
285037.354
285079.014
285120.676
285162.336
285203.995
285245.653
285287.315
285328.975
285370.636
285412.295
285453.957
285495.615
285537.274
285578.934
285620.595
285662.256
285703.914
285745.574
285787.234
285828.893
285870.554
285912.214
285953.874
285995.535
286037.195
286078.855
286120.514
286162.175
286203.835
286245.494
286287.154
286328.813
286370.473
286412.132
286453.792
286495.451
286537.114
286578.773
286620.434
286662.093
286703.755
286745.414
286787.074
286828.733
286870.393
286912.054
286953.714
286995.376
287037.033
287078.693
287120.354
287162.015
287203.674
287245.330
287286.995
287328.653
287370.313
287411.971
287453.632
287495.292
287536.952
287578.612
287620.273
287661.932
287703.592
287745.250
287786.912
287828.572
287870.233
287911.893
287953.553
287995.212
288036.872
288078.533
288120.191
288161.850
288203.512
288245.171
288286.833
288328.491
288370.152
288411.813
288453.474
288495.134
288536.790
288578.452
288620.114
288661.771
288703.432
288745.090
288786.751
288828.418
288870.071
288911.730
288953.391
288995.051
289036.713
289078.371
289120.031
289161.692
289203.356
289245.011
289286.674
289328.334
289369.991
289411.651
289453.311
289494.972
289536.632
289578.292
289619.951
289661.610
289703.271
289744.931
289786.591
289828.251
289869.911
289911.570
289953.238
289994.890
290036.549
290078.212
290119.871
290161.532
290203.191
290244.850
290286.511
290328.173
290369.832
290411.490
290453.150
290494.809
290536.470
290578.129
290619.791
290661.451
290703.111
290744.771
290786.431
290828.090
290869.750
290911.410
290953.069
290994.730
291036.389
291078.049
291119.708
291161.370
291203.031
291244.689
291286.349
291328.008
291369.671
291411.329
291452.992
291494.650
291536.313
291577.970
291619.629
291661.287
291702.953
291744.609
291786.269
291827.928
291869.589
291911.250
291952.908
291994.570
292036.228
292077.889
292119.549
292161.208
292202.868
292244.528
292286.194
292327.854
292369.516
292411.169
292452.830
292494.490
292536.149
292577.808
292619.468
292661.128
292702.789
292744.448
292786.113
292827.770
292869.434
292911.105
292952.748
292994.409
293036.069
293077.743
293119.392
293161.049
293202.710
293244.369
293286.029
293327.689
293369.347
293411.008
293452.667
293494.327
293535.988
293577.646
293619.307
293660.966
293702.627
293744.288
293785.946
293827.607
293869.267
293910.927
293952.587
293994.247
294035.906
294077.569
294119.229
294160.886
294202.545
294244.207
294285.867
294327.537
294369.198
294410.850
294452.517
294494.171
294535.826
294577.485
294619.148
294660.810
294702.466
294744.126
294785.788
294827.448
294869.108
294910.767
294952.427
294994.086
295035.745
295077.417
295119.066
295160.726
295202.389
295244.048
295285.706
295327.372
295369.039
295410.702
295452.368
295494.005
295535.665
295577.326
295618.986
295660.646
295702.318
295743.981
295785.645
295827.288
295868.958
295910.614
295952.266
295993.934
296035.608
296077.246
296118.920
296160.565
296202.227
296243.885
296285.546
296327.205
296368.865
296410.526
296452.186
296493.845
296535.505
296577.163
296618.824
296660.485
296702.148
296743.806
296785.464
296827.124
296868.785
296910.447
296952.106
296993.770
297035.428
297077.086
297118.745
297160.406
297202.069
297243.727
297285.384
297327.045
297368.706
297410.365
297452.026
297493.685
297535.344
297577.003
297618.663
297660.324
297701.984
297743.644
297785.304
297826.965
297868.626
297910.285
297951.947
297993.607
298035.280
298076.924
298118.584
298160.243
298201.908
298243.563
298285.223
298326.885
298368.542
298410.203
298451.864
298493.522
298535.184
298576.845
298618.503
298660.160
298701.824
298743.483
298785.145
298826.801
298868.465
298910.123
298951.783
298993.451
299035.122
299076.762
299118.423
299160.083
299201.743
299243.425
299285.062
299326.719
299368.380
299410.042
299451.707
299493.361
299535.022
299576.680
299618.342
299660.002
299701.663
299743.321
299784.982
299826.643
299868.304
299909.964
299951.622
299993.281
300034.942
300076.603
300118.262
300159.923
300201.582
300243.240
300284.901
300326.560
300368.222
300409.879
300451.542
300493.200
300534.862
300576.520
300618.182
300659.841
300701.503
300743.159
300784.821
300826.481
300868.142
300909.803
300951.462
300993.122
301034.782
301076.443
301118.101
301159.761
301201.420
301243.079
301284.740
301326.401
301368.059
301409.718
301451.380
301493.040
301534.701
301576.359
301618.022
301659.678
301701.340
301742.999
301784.661
301826.321
301867.982
301909.642
301951.301
301992.958
302034.622
302076.281
302117.938
302159.600
302201.260
302242.918
302284.581
302326.238
302367.901
302409.558
302451.220
302492.878
302534.540
302576.198
302617.859
302659.517
302701.181
302742.837
302784.499
302826.160
302867.819
302909.479
302951.139
302992.798
303034.459
303076.121
303117.779
303159.440
303201.098
303242.758
303284.420
303326.078
303367.739
303409.397
303451.058
303492.717
303534.379
303576.038
303617.699
303659.357
303701.020
303742.678
303784.341
303826.001
303867.660
303909.319
303950.979
303992.638
304034.299
304075.959
304117.621
304159.280
304200.937
304242.597
304284.257
304325.917
304367.579
304409.236
304450.901
304492.557
304534.218
304575.876
304617.538
304659.197
304700.860
304742.517
304784.179
304825.838
304867.498
304909.158
304950.818
304992.477
305034.136
305075.799
305117.458
305159.118
305200.777
305242.435
305284.097
305325.756
305367.419
305409.075
305450.738
305492.395
305534.056
305575.715
305617.377
305659.046
305700.696
305742.355
305784.018
305825.676
305867.338
305908.997
305950.658
305992.316
306033.976
306075.636
306117.296
306158.956
306200.617
306242.275
306283.935
306325.594
306367.257
306408.915
306450.577
306492.235
306533.896
306575.554
306617.216
306658.874
306700.537
306742.194
306783.858
306825.518
306867.177
306908.836
306950.496
306992.157
307033.818
307075.476
307117.136
307158.796
307200.455
307242.114
307283.777
307325.446
307367.095
307408.753
307450.417
307492.075
307533.736
307575.394
307617.055
307658.713
307700.378
307742.034
307783.695
307825.368
307867.017
307908.679
307950.333
307991.995
308033.657
308075.318
308116.975
308158.635
308200.297
308241.953
308283.616
308325.273
308366.936
308408.595
308450.254
308491.913
308533.574
308575.233
308616.894
308658.553
308700.216
308741.873
308783.537
308825.196
308866.856
308908.516
308950.177
308991.836
309033.495
309075.154
309116.814
309158.475
309200.135
309241.793
309283.453
309325.112
309366.774
309408.433
309450.094
309491.752
309533.414
309575.071
309616.734
309658.392
309700.054
309741.712
309783.374
309825.035
309866.695
309908.355
309950.015
309991.673
310033.334
310074.994
310116.655
310158.315
310199.974
310241.631
310283.293
310324.950
310366.614
310408.271
310449.932
310491.591
310533.254
310574.911
310616.572
310658.231
310699.893
310741.550
310783.212
310824.873
310866.534
310908.193
310949.852
310991.515
311033.173
311074.832
311116.493
311158.153
311199.812
311241.470
311283.131
311324.790
311366.452
311408.110
311449.771
311491.430
311533.092
311574.750
311616.425
311658.069
311699.733
311741.390
311783.063
311824.711
311866.374
311908.032
311949.692
311991.352
312033.012
312074.672
312116.330
312158.000
312199.652
312241.310
312282.970
312324.631
312366.291
312407.949
312449.613
312491.275
312532.930
312574.589
312616.250
312657.911
312699.582
312741.229
312782.890
312824.552
312866.211
312907.870
312949.531
312991.191
313032.852
313074.512
313116.171
313157.831
313199.490
313241.149
313282.810
313324.469
313366.130
313407.788
313449.451
313491.111
313532.771
313574.428
313616.091
313657.748
313699.407
313741.068
313782.744
313824.390
313866.050
313907.710
313949.371
313991.031
314032.690
314074.350
314116.010
314157.670
314199.332
314240.988
314282.650
314324.307
314365.970
314407.628
314449.290
314490.947
314532.609
314574.268
314615.932
314657.588
314699.249
314740.908
314782.571
314824.229
314865.889
314907.550
314949.210
314990.869
315032.529
315074.187
315115.850
315157.510
315199.168
