0.000
41.663
83.322
124.981
166.639
208.300
249.958
291.617
333.277
374.937
416.597
458.256
499.915
541.576
583.235
624.895
666.553
708.215
749.872
791.532
833.195
874.853
916.514
958.172
999.832
1041.492
1083.150
1124.812
1166.470
1208.130
1249.791
1291.448
1333.107
1374.768
1416.428
1458.086
1499.747
1541.405
1583.065
1624.727
1666.384
1708.045
1749.705
1791.364
1833.025
1874.683
1916.343
1958.003
1999.663
2041.322
2082.982
2124.641
2166.301
2207.961
2249.618
2291.280
2332.941
2374.598
2416.259
2457.916
2499.578
2541.236
2582.896
2624.556
2666.214
2707.875
2749.536
2791.194
2832.854
2874.513
2916.172
2957.834
2999.491
3041.151
3082.812
3124.472
3166.130
3207.789
3249.451
3291.108
3332.769
3374.430
3416.087
3457.748
3499.408
3541.066
3582.727
3624.388
3666.047
3707.706
3749.366
3791.025
3832.685
3874.345
3916.004
3957.662
3999.324
4040.983
4082.641
4124.302
4165.961
4207.620
4249.281
4290.941
4332.598
4374.260
4415.919
4457.577
4499.238
4540.897
4582.556
4624.215
4665.876
4707.535
4749.194
4790.853
4832.513
4874.175
4915.832
4957.495
4999.154
5040.813
5082.474
5124.131
5165.790
5207.449
5249.109
5290.771
5332.429
5374.093
5415.750
5457.408
5499.067
5540.727
5582.388
5624.046
5665.707
5707.367
5749.026
5790.686
5832.344
5874.006
5915.664
5957.322
5998.982
6040.643
6082.301
6123.962
6165.623
6207.283
6248.942
6290.600
6332.260
6373.920
6415.580
6457.240
6498.900
6540.559
6582.218
6623.877
6665.537
6707.198
6748.855
6790.515
6832.176
6873.836
6915.495
6957.155
6998.814
7040.474
7082.135
7123.793
7165.454
7207.113
7248.772
7290.432
7332.090
7373.749
7415.410
7457.071
7498.729
7540.389
7582.048
7623.708
7665.367
7707.028
7748.686
7790.347
7832.006
7873.665
7915.325
7956.987
7998.643
8040.303
8081.964
8123.624
8165.282
8206.944
8248.602
8290.262
8331.920
8373.581
8415.239
8456.901
8498.559
8540.219
8581.878
8623.537
8665.197
8706.859
8748.516
8790.176
8831.837
8873.497
8915.157
8956.816
8998.476
9040.135
9081.794
9123.455
9165.114
9206.772
9248.433
9290.091
9331.751
9373.411
9415.070
9456.730
9498.389
9540.051
9581.709
9623.368
9665.029
9706.687
9748.350
9790.007
9831.666
9873.327
9914.985
9956.644
9998.305
10039.965
10081.626
10123.285
10164.945
10206.602
10248.262
10289.922
10331.584
10373.241
10414.902
10456.562
10498.220
10539.879
10581.539
10623.200
10664.858
10706.517
10748.178
10789.837
10831.497
10873.156
10914.816
10956.477
10998.135
11039.797
11081.454
11123.116
11164.776
11206.436
11248.092
11289.754
11331.414
11373.073
11414.732
11456.394
11498.052
11539.710
11581.371
11623.029
11664.689
11706.351
11748.009
11789.669
11831.328
11872.989
11914.648
11956.308
11997.966
12039.625
12081.286
12122.945
12164.604
12206.266
12247.923
12289.583
12331.242
12372.903
12414.562
12456.222
12497.881
12539.541
12581.200
12622.860
12664.521
12706.179
12747.840
12789.498
12831.157
12872.818
12914.479
12956.138
12997.798
13039.459
13081.115
13122.776
13164.435
13206.094
13247.757
13289.413
13331.074
13372.733
13414.394
13456.053
13497.713
13539.373
13581.031
13622.691
13664.350
13706.011
13747.670
13789.331
13830.991
13872.649
13914.308
13955.967
13997.628
14039.287
14080.948
14122.608
14164.266
14205.927
14247.585
14289.246
14330.906
14372.563
14414.225
14455.883
14497.542
14539.204
14580.864
14622.524
14664.181
14705.843
14747.500
14789.160
14830.819
14872.479
14914.139
14955.799
14997.460
15039.118
15080.777
15122.437
15164.096
15205.757
15247.416
15289.075
15330.736
15372.395
15414.054
15455.713
15497.375
15539.033
15580.695
15622.352
15664.013
15705.671
15747.334
15788.991
15830.653
15872.311
15913.970
15955.631
15997.290
16038.949
16080.610
16122.267
16163.929
16205.587
16247.248
16288.907
16330.566
16372.227
16413.886
16455.545
16497.204
16538.865
16580.524
16622.185
16663.843
16705.505
16747.162
16788.824
16830.483
16872.143
16913.801
16955.460
16997.120
17038.781
17080.439
17122.098
17163.758
17205.417
17247.077
17288.737
17330.408
17372.055
17413.730
17455.377
17497.053
17538.694
17580.374
17622.016
17663.689
17705.336
17747.014
17788.652
17830.339
17871.973
17913.664
17955.291
17996.951
18038.612
18080.269
18121.932
18163.595
18205.248
18246.910
18288.569
18330.230
18371.887
18413.546
18455.206
18496.869
18538.527
18580.186
18621.847
18663.505
18705.167
18746.826
18788.483
18830.143
18871.804
18913.462
18955.125
18996.782
19038.442
19080.102
19121.763
19163.422
19205.081
19246.742
19288.399
19330.059
19371.719
19413.378
19455.037
19496.697
19538.357
19580.016
19621.675
19663.335
19704.996
19746.656
19788.314
19829.976
19871.635
19913.294
19954.954
19996.612
20038.272
20079.934
20121.591
20163.251
20204.910
20246.572
20288.231
20329.889
20371.549
20413.209
20454.869
20496.530
20538.187
20579.847
20621.507
20663.166
20704.826
20746.488
20788.146
20829.805
20871.465
20913.124
20954.783
20996.446
21038.103
21079.762
21121.423
21163.082
21204.743
21246.401
21288.061
21329.723
21371.380
21413.039
21454.699
21496.361
21538.019
21579.679
21621.338
21662.997
21704.659
21746.317
21787.977
21829.638
21871.295
21912.958
21954.614
21996.274
22037.937
22079.595
22121.253
22162.914
22204.572
22246.234
22287.891
22329.594
22371.213
22412.913
22454.532
22496.230
22537.850
22579.511
22621.170
22662.875
22704.488
22746.148
22787.807
22829.467
22871.128
22912.787
22954.448
22996.105
23037.765
23079.427
23121.085
23162.744
23204.407
23246.063
23287.723
23329.384
23371.042
23412.703
23454.362
23496.021
23537.683
23579.343
23621.003
23662.661
23704.322
23745.980
23787.639
23829.298
23870.958
23912.619
23954.278
23995.936
24037.596
24079.258
24120.917
24162.578
24204.235
24245.898
24287.554
24329.215
24370.875
24412.533
24454.193
24495.852
24537.513
24579.172
24620.833
24662.490
24704.151
24745.810
24787.471
24829.130
24870.789
24912.449
24954.107
24995.768
25037.429
25079.089
25120.749
25162.408
25204.066
25245.727
25287.386
25329.047
25370.705
25412.365
25454.025
25495.684
25537.345
25579.004
25620.663
25662.323
25703.983
25745.643
25787.301
25828.961
25870.620
25912.282
25953.941
25995.600
26037.258
26078.920
26120.578
26162.237
26203.898
26245.557
26287.218
26328.875
26370.538
26412.198
26453.857
26495.517
26537.175
26578.836
26620.495
26662.153
26703.812
26745.474
26787.133
26828.794
26870.453
26912.112
26953.773
26995.433
27037.092
27078.752
27120.408
27162.070
27203.730
27245.388
27287.048
27328.709
27370.369
27412.028
27453.687
27495.348
27537.005
27578.667
27620.326
27661.986
27703.646
27745.305
27786.963
27828.624
27870.283
27911.944
27953.605
27995.264
28036.922
28078.581
28120.242
28161.901
28203.562
28245.220
28286.880
28328.540
28370.200
28411.859
28453.519
28495.178
28536.839
28578.499
28620.158
28661.818
28703.478
28745.136
28786.797
28828.455
28870.116
28911.775
28953.434
28995.094
29036.753
29078.412
29120.073
29161.732
29203.393
29245.052
29286.713
29328.370
29370.031
29411.690
29453.351
29495.009
29536.670
29578.328
29619.989
29661.648
29703.308
29744.966
29786.629
29828.286
29869.947
29911.606
29953.266
29994.926
30036.585
30078.246
30119.905
30161.564
30203.225
30244.884
30286.543
30328.202
30369.863
30411.524
30453.182
30494.841
30536.501
30578.160
30619.820
30661.479
30703.139
30744.800
30786.459
30828.118
30869.778
30911.439
30953.098
30994.757
31036.416
31078.078
31119.738
31161.396
31203.056
31244.713
31286.375
31328.035
31369.694
31411.354
31453.013
31494.674
31536.331
31577.993
31619.653
31661.311
31702.971
31744.630
31786.291
31827.951
31869.609
31911.268
31952.929
31994.589
32036.250
32077.908
32119.568
32161.226
32202.887
32244.545
32286.207
32327.877
32369.526
32411.186
32452.844
32494.503
32536.163
32577.825
32619.483
32661.144
32702.802
32744.463
32786.121
32827.782
32869.440
32911.102
32952.761
32994.422
33036.080
33077.742
33119.401
33161.058
33202.720
33244.377
33286.037
33327.697
33369.358
33411.017
33452.677
33494.337
33535.996
33577.656
33619.316
33660.976
33702.634
33744.294
33785.953
33827.612
33869.273
33910.932
33952.592
33994.252
34035.911
34077.570
34119.231
34160.890
34202.551
34244.212
34285.872
34327.529
34369.188
34410.850
34452.509
34494.168
34535.826
34577.488
34619.148
34660.806
34702.467
34744.127
34785.785
34827.446
34869.105
34910.765
34952.423
34994.083
35035.744
35077.403
35119.061
35160.721
35202.381
35244.041
35285.700
35327.360
35369.021
35410.684
35452.341
35494.000
35535.659
35577.320
35618.979
35660.639
35702.298
35743.958
35785.617
35827.276
35868.935
35910.597
35952.257
35993.914
36035.577
36077.234
36118.893
36160.554
36202.213
36243.875
36285.532
36327.194
36368.853
36410.513
36452.171
36493.833
36535.490
36577.152
36618.809
36660.469
36702.129
36743.791
36785.449
36827.110
36868.767
36910.429
36952.087
36993.748
37035.405
37077.067
37118.727
37160.386
37202.046
37243.706
37285.365
37327.026
37368.684
37410.344
37452.005
37493.662
37535.323
37576.981
37618.641
37660.301
37701.961
37743.622
37785.280
37826.940
37868.602
37910.260
37951.918
37993.580
38035.238
38076.900
38118.560
38160.220
38201.877
38243.538
38285.200
38326.857
38368.515
38410.174
38451.836
38493.494
38535.156
38576.816
38618.476
38660.133
38701.794
38743.459
38785.112
38826.772
38868.432
38910.092
38951.751
38993.410
39035.070
39076.729
39118.389
39160.049
39201.708
39243.370
39285.029
39326.687
39368.349
39410.009
39451.668
39493.326
39534.988
39576.645
39618.305
39659.965
39701.625
39743.285
39784.946
39826.606
39868.264
39909.924
39951.584
39993.243
40034.902
40076.563
40118.223
40159.883
40201.542
40243.202
40284.860
40326.520
40368.180
40409.842
40451.500
40493.158
40534.819
40576.477
40618.138
40659.797
40701.457
40743.118
40784.778
40826.438
40868.096
40909.755
40951.415
40993.075
41034.735
41076.394
41118.055
41159.715
41201.373
41243.034
41284.693
41326.353
41368.013
41409.683
41451.333
41492.992
41534.650
41576.310
41617.971
41659.632
41701.291
41742.951
41784.610
41826.269
41867.927
41909.588
41951.246
41992.907
42034.567
42076.227
42117.885
42159.547
42201.206
42242.866
42284.526
42326.185
42367.845
42409.503
42451.176
42492.824
42534.481
42576.142
42617.803
42659.462
42701.121
42742.780
42784.440
42826.104
42867.761
42909.421
42951.078
42992.740
43034.400
43076.059
43117.717
43159.378
43201.039
43242.698
43284.356
43326.017
43367.675
43409.336
43450.996
43492.656
43534.315
43575.975
43617.635
43659.293
43700.954
43742.616
43784.273
43825.934
43867.593
43909.253
43950.912
43992.572
44034.232
44075.891
44117.551
44159.210
44200.871
44242.530
44284.188
44325.847
44367.509
44409.169
44450.829
44492.489
44534.147
44575.806
44617.467
44659.126
44700.786
44742.445
44784.105
44825.764
44867.423
44909.084
44950.743
44992.402
45034.064
45075.722
45117.385
45159.043
45200.701
45242.360
45284.021
45325.682
45367.339
45409.001
45450.659
45492.319
45533.978
45575.639
45617.298
45658.961
45700.619
45742.279
45783.936
45825.598
45867.258
45908.918
45950.578
45992.234
46033.896
46075.553
46117.217
46158.873
46200.535
46242.194
46283.855
46325.512
46367.174
46408.832
46450.493
46492.152
46533.810
46575.473
46617.130
46658.791
46700.451
46742.112
46783.769
46825.431
46867.089
46908.748
46950.408
46992.066
47033.729
47075.386
47117.047
47158.708
47200.366
47242.027
47283.686
47325.344
47367.005
47408.666
47450.325
47491.983
47533.644
47575.305
47616.964
47658.625
47700.283
47741.944
47783.601
47825.261
47866.922
47908.582
47950.242
47991.900
48033.562
48075.219
48116.878
48158.540
48200.197
48241.857
48283.518
48325.179
48366.839
48408.497
48450.157
48491.818
48533.477
48575.134
48616.796
48658.454
48700.114
48741.774
48783.436
48825.093
48866.753
48908.413
48950.073
48991.732
49033.391
49075.054
49116.711
49158.370
49200.029
49241.691
49283.351
49325.008
49366.669
49408.330
49449.989
49491.652
49533.309
49574.967
49616.628
49658.286
49699.947
49741.605
49783.265
49824.927
49866.584
49908.245
49949.904
49991.565
50033.226
50074.884
50116.546
50158.205
50199.864
50241.524
50283.185
50324.842
50366.501
50408.161
50449.824
50491.481
50533.141
50574.801
50616.461
50658.120
50699.778
50741.440
50783.100
50824.757
50866.418
50908.076
50949.736
50991.396
51033.056
51074.717
51116.377
51158.036
51199.696
51241.357
51283.014
51324.675
51366.333
51407.992
51449.657
51491.317
51532.973
51574.633
51616.291
51657.952
51699.612
51741.270
51782.931
51824.591
51866.251
51907.910
51949.570
51991.233
52032.891
52074.550
52116.207
52157.867
52199.529
52241.188
52282.848
52324.507
52366.169
52407.830
52449.487
52491.146
52532.806
52574.464
52616.125
52657.784
52699.445
52741.106
52782.764
52824.423
52866.083
52907.741
52949.400
52991.060
53032.720
53074.382
53116.040
53157.699
53199.359
53241.020
53282.682
53324.342
53365.999
53407.659
53449.317
53490.979
53532.638
53574.298
53615.957
53657.616
53699.277
53740.936
53782.598
53824.254
53865.914
53907.575
53949.236
53990.895
54032.554
54074.214
54115.874
54157.532
54199.195
54240.854
54282.513
54324.170
54365.832
54407.491
54449.150
54490.809
54532.470
54574.129
54615.788
54657.448
54699.110
54740.768
54782.431
54824.089
54865.746
54907.408
54949.065
54990.726
55032.384
55074.046
55115.704
55157.364
55199.024
55240.684
55282.346
55324.002
55365.665
55407.325
55448.984
55490.641
55532.303
55573.962
55615.622
55657.280
55698.941
55740.602
55782.259
55823.921
55865.578
55907.240
55948.899
55990.558
56032.217
56073.877
56115.536
56157.199
56198.858
56240.517
56282.177
56323.834
56365.497
56407.155
56448.817
56490.477
56532.136
56573.794
56615.455
56657.114
56698.775
56740.432
56782.093
56823.753
56865.411
56907.070
56948.733
56990.392
57032.051
57073.710
57115.371
57157.032
57198.690
57240.349
57282.009
57323.668
57365.327
57406.989
57448.649
57490.306
57531.965
57573.625
57615.288
57656.946
57698.605
57740.264
57781.925
57823.586
57865.243
57906.905
57948.563
57990.222
58031.884
58073.544
58115.201
58156.863
58198.520
58240.181
58281.840
58323.502
58365.159
58406.820
58448.481
58490.139
58531.798
58573.458
58615.120
58656.777
58698.438
58740.099
58781.758
58823.419
58865.078
58906.735
58948.396
58990.057
59031.714
59073.376
59115.034
59156.695
59198.355
59240.013
59281.674
59323.334
59364.991
59406.653
59448.314
59489.973
59531.630
59573.292
59614.952
59656.612
59698.270
59739.929
59781.589
59823.249
59864.912
59906.570
59948.227
59989.887
60031.547
60073.208
60114.867
60156.526
60198.185
60239.849
60281.504
60323.166
60364.825
60406.485
60448.145
60489.805
60531.464
60573.123
60614.785
60656.444
60698.104
60739.762
60781.424
60823.083
60864.742
60906.400
60948.059
60989.722
61031.381
61073.039
61114.700
61156.359
61198.019
61239.679
61281.338
61322.996
61364.658
61406.319
61447.977
61489.636
61531.299
61572.957
61614.617
61656.277
61697.934
61739.594
61781.257
61822.916
61864.575
61906.233
61947.892
61989.552
62031.213
62072.871
62114.532
62156.190
62197.852
62239.512
62281.171
62322.830
62364.490
62406.148
62447.812
62489.468
62531.128
62572.790
62614.447
62656.109
62697.769
62739.426
62781.087
62822.747
62864.409
62906.067
62947.725
62989.387
63031.046
63072.705
63114.364
63156.026
63197.684
63239.343
63281.005
63322.665
63364.324
63405.985
63447.644
63489.302
63530.960
63572.620
63614.281
63655.942
63697.601
63739.265
63780.922
63822.579
63864.239
63905.898
63947.559
63989.217
64030.876
64072.536
64114.196
64155.857
64197.517
64239.177
64280.835
64322.495
64364.155
64405.814
64447.479
64489.137
64530.797
64572.455
64614.115
64655.775
64697.435
64739.093
64780.753
64822.410
64864.072
64905.731
64947.390
64989.051
65030.711
65072.368
65114.032
65155.691
65197.352
65239.013
65280.668
65322.327
65363.988
65405.647
65447.309
65488.965
65530.625
65572.289
65613.947
65655.606
65697.265
65738.926
65780.584
65822.245
65863.904
65905.563
65947.225
65988.881
66030.543
66072.204
66113.862
66155.523
66197.181
66238.841
66280.501
66322.161
66363.821
66405.481
66447.143
66488.799
66530.462
66572.121
66613.777
66655.438
66697.098
66738.757
66780.419
66822.079
66863.736
66905.398
66947.054
66988.715
67030.375
67072.035
67113.694
67155.357
67197.015
67238.672
67280.333
67321.996
67363.655
67405.314
67446.973
67488.631
67530.292
67571.952
67613.612
67655.270
67696.930
67738.592
67780.249
67821.908
67863.570
67905.229
67946.889
67988.547
68030.206
68071.869
68113.528
68155.188
68196.847
68238.507
68280.167
68321.827
68363.485
68405.145
68446.803
68488.464
68530.124
68571.783
68613.442
68655.102
68696.763
68738.426
68780.080
68821.740
68863.400
68905.060
68946.720
68988.380
69030.039
69071.699
69113.361
69155.020
69196.681
69238.339
69279.997
69321.656
69363.316
69404.979
69446.638
69488.297
69529.958
69571.617
69613.275
69654.935
69696.596
69738.256
69779.916
69821.575
69863.232
69904.893
69946.552
69988.213
70029.873
70071.531
70113.192
70154.850
70196.513
70238.173
70279.831
70321.491
70363.148
70404.810
70446.472
70488.131
70529.789
70571.448
70613.108
70654.766
70696.430
70738.090
70779.749
70821.405
70863.067
70904.725
70946.388
70988.047
71029.704
71071.365
71113.025
71154.685
71196.342
71238.003
71279.664
71321.326
71362.982
71404.644
71446.303
71487.963
71529.620
71571.281
71612.940
71654.602
71696.276
71737.920
71779.579
71821.238
71862.897
71904.561
71946.217
71987.880
72029.537
72071.201
72112.858
72154.517
72196.174
72237.837
72279.494
72321.155
72362.816
72404.474
72446.136
72487.793
72529.455
72571.115
72612.772
72654.433
72696.094
72737.753
72779.410
72821.070
72862.730
72904.390
72946.051
72987.712
73029.368
73071.033
73112.688
73154.349
73196.008
73237.669
73279.330
73320.988
73362.647
73404.307
73445.968
73487.626
73529.286
73570.946
73612.604
73654.266
73695.925
73737.588
73779.246
73820.903
73862.563
73904.224
73945.885
73987.544
74029.204
74070.863
74112.520
74154.182
74195.841
74237.503
74279.162
74320.821
74362.482
74404.143
74445.799
74487.459
74529.120
74570.779
74612.440
74654.101
74695.760
74737.417
74779.076
74820.736
74862.397
74904.059
74945.716
74987.378
75029.035
75070.694
75112.355
75154.016
75195.674
75237.335
75278.992
75320.653
75362.312
75403.972
75445.632
75487.294
75528.953
75570.612
75612.272
75653.931
75695.595
75737.252
75778.912
75820.571
75862.229
75903.889
75945.547
75987.207
76028.868
76070.530
76112.188
76153.849
76195.506
76237.166
76278.825
76320.487
76362.144
76403.805
76445.464
76487.125
76528.786
76570.444
76612.102
76653.764
76695.425
76737.084
76778.742
76820.401
76862.063
76903.722
76945.382
76987.039
77028.701
77070.359
77112.018
77153.678
77195.340
77236.998
77278.659
77320.319
77361.979
77403.637
77445.299
77486.957
77528.617
77570.275
77611.936
77653.595
77695.256
77736.915
77778.575
77820.237
77861.896
77903.556
77945.213
77986.872
78028.534
78070.193
78111.852
78153.512
78195.176
78236.833
78278.492
78320.151
78361.810
78403.471
78445.132
78486.790
78528.449
78570.110
78611.769
78653.428
78695.089
78736.748
78778.408
78820.068
78861.726
78903.388
78945.044
78986.708
79028.366
79070.027
79111.692
79153.346
79195.006
79236.665
79278.325
79319.983
79361.644
79403.302
79444.964
79486.623
79528.283
79569.943
79611.603
79653.263
79694.923
79736.582
79778.241
79819.899
79861.558
79903.219
79944.880
79986.540
80028.200
80069.859
80111.519
80153.176
80194.838
80236.496
80278.158
80319.816
80361.478
80403.135
80444.796
80486.454
80528.114
80569.776
80611.436
80653.095
80694.756
80736.412
80778.071
80819.734
80861.393
80903.051
80944.712
80986.375
81028.029
81069.690
81111.353
81153.009
81194.670
81236.329
81277.989
81319.649
81361.310
81402.969
81444.628
81486.287
81527.949
81569.607
81611.266
81652.925
81694.586
81736.245
81777.904
81819.566
81861.225
81902.888
81944.545
81986.205
82027.866
82069.523
82111.185
82152.841
82194.503
82236.163
82277.823
82319.481
82361.140
82402.800
82444.460
82486.121
82527.778
82569.440
82611.101
82652.758
82694.420
82736.077
82777.740
82819.397
82861.059
82902.719
82944.378
82986.035
83027.695
83069.355
83111.019
83152.677
83194.336
83235.994
83277.654
83319.314
83360.973
83402.634
83444.292
83485.951
83527.611
83569.272
83610.932
83652.592
83694.252
83735.912
83777.572
83819.229
83860.889
83902.548
83944.212
83985.868
84027.528
84069.189
84110.847
84152.506
84194.169
84235.826
84277.487
84319.147
84360.805
84402.466
84444.128
84485.788
84527.447
84569.105
84610.766
84652.424
84694.086
84735.745
84777.406
84819.063
84860.724
84902.381
84944.041
84985.703
85027.362
85069.020
85110.684
85152.341
85194.001
85235.660
85277.320
85318.980
85360.639
85402.299
85443.957
85485.617
85527.279
85568.936
85610.596
85652.257
85693.918
85735.577
85777.236
85818.896
85860.556
85902.216
85943.874
85985.535
86027.199
86068.857
86110.516
86152.175
86193.834
86235.491
86277.154
86318.811
86360.472
86402.131
86443.789
86485.450
86527.111
86568.771
86610.434
86652.090
86693.750
86735.409
86777.069
86818.729
86860.386
86902.048
86943.707
86985.368
87027.025
87068.687
87110.347
87152.007
87193.666
87235.324
87276.984
87318.646
87360.306
87401.964
87443.625
87485.282
87526.944
87568.602
87610.262
87651.923
87693.585
87735.241
87776.900
87818.562
87860.222
87901.880
87943.543
87985.203
88026.863
88068.518
88110.178
88151.840
88193.497
88235.158
88276.820
88318.478
88360.137
88401.795
88443.460
88485.117
88526.775
88568.436
88610.094
88651.755
88693.417
88735.075
88776.735
88818.394
88860.053
88901.714
88943.372
88985.033
89026.691
89068.353
89110.011
89151.670
89193.331
89234.990
89276.649
89318.309
89359.970
89401.630
89443.289
89484.948
89526.609
89568.268
89609.928
89651.593
89693.245
89734.907
89776.566
89818.227
89859.885
89901.545
89943.205
89984.867
90026.524
90068.185
90109.845
90151.503
90193.162
90234.822
90276.483
90318.142
90359.804
90401.461
90443.123
90484.780
90526.443
90568.102
90609.761
90651.419
90693.079
90734.739
90776.400
90818.058
90859.720
90901.377
90943.037
90984.699
91026.357
91068.017
91109.678
91151.336
91192.997
91234.655
91276.316
91317.975
91359.635
91401.294
91442.953
91484.613
91526.274
91567.932
91609.592
91651.253
91692.913
91734.571
91776.230
91817.892
91859.551
91901.211
91942.871
91984.531
92026.191
92067.852
92109.509
92151.168
92192.828
92234.488
92276.148
92317.810
92359.469
92401.126
92442.786
92484.447
92526.105
92567.768
92609.425
92651.086
92692.743
92734.404
92776.066
92817.723
92859.395
92901.043
92942.705
92984.363
93026.021
93067.681
93109.341
93151.002
93192.661
93234.323
93275.980
93317.642
93359.301
93400.960
93442.621
93484.280
93525.939
93567.597
93609.257
93650.917
93692.579
93734.237
93775.898
93817.558
93859.216
93900.876
93942.536
93984.197
94025.856
94067.513
94109.176
94150.834
94192.496
94234.156
94275.814
94317.473
94359.134
94400.793
94442.455
94484.111
94525.770
94567.431
94609.090
94650.756
94692.410
94734.072
94775.730
94817.390
94859.047
94900.709
94942.368
94984.030
95025.687
95067.349
95109.007
95150.668
95192.326
95233.988
95275.648
95317.305
95358.967
95400.626
95442.284
95483.946
95525.608
95567.265
95608.923
95650.586
95692.245
95733.903
95775.562
95817.223
95858.881
95900.540
95942.203
95983.862
96025.521
96067.181
96108.841
96150.502
96192.160
96233.820
96275.478
96317.141
96358.802
96400.459
96442.122
96483.778
96525.437
96567.097
96608.757
96650.416
96692.075
96733.737
96775.394
96817.056
96858.715
96900.373
96942.034
96983.695
97025.353
97067.012
97108.673
97150.333
97191.992
97233.652
97275.313
97316.973
97358.631
97400.292
97441.949
97483.611
97525.270
97566.930
97608.589
97650.249
97691.910
97733.570
97775.228
97816.888
97858.546
97900.207
97941.868
97983.526
98025.186
98066.845
98108.507
98150.165
98191.826
98233.484
98275.147
98316.804
98358.463
98400.124
98441.784
98483.443
98525.102
98566.763
98608.424
98650.081
98691.740
98733.404
98775.060
98816.719
98858.379
98900.042
98941.698
98983.360
99025.020
99066.678
99108.340
99149.997
99191.657
99233.317
99274.978
99316.637
99358.298
99399.956
99441.617
99483.274
99524.934
99566.594
99608.255
99649.914
99691.575
99733.235
99774.893
99816.555
99858.213
99899.872
99941.531
99983.191
100024.850
100066.510
100108.172
100149.829
100191.492
100233.151
100274.811
100316.469
100358.128
100399.788
100441.448
100483.110
100524.770
100566.429
100608.087
100649.749
100691.406
100733.068
100774.725
100816.387
100858.045
100899.705
100941.363
100983.024
101024.684
101066.349
101108.003
101149.665
101191.323
101232.985
101274.644
101316.303
101357.962
101399.623
101441.280
101482.942
101524.600
101566.261
101607.921
101649.581
101691.241
101732.901
101774.560
101816.220
101857.880
101899.542
101941.196
101982.856
102024.516
102066.179
102107.836
102149.495
102191.154
102232.815
102274.474
102316.134
102357.794
102399.456
102441.115
102482.775
102524.433
102566.093
102607.754
102649.411
102691.073
102732.732
102774.392
102816.052
102857.713
102899.370
102941.032
102982.688
103024.348
103066.010
103107.669
103149.328
103190.991
103232.646
103274.308
103315.971
103357.629
103399.286
103440.948
103482.607
103524.266
103565.924
103607.587
103649.244
103690.905
103732.564
103774.225
103815.883
103857.543
103899.203
103940.864
103982.521
104024.184
104065.844
104107.501
104149.163
104190.820
104232.482
104274.141
104315.800
104357.461
104399.119
104440.780
104482.440
104524.100
104565.761
104607.418
104649.079
104690.738
104732.398
104774.058
104815.715
104857.377
104899.035
104940.696
104982.356
105024.016
105065.673
105107.334
105148.996
105190.656
105232.313
105273.974
105315.633
105357.293
105398.952
105440.611
105482.271
105523.932
105565.591
105607.250
105648.911
105690.571
105732.229
105773.890
105815.550
105857.210
105898.867
105940.528
105982.189
106023.846
106065.506
106107.171
106148.829
106190.488
106232.144
106273.805
106315.465
106357.127
106398.787
106440.446
106482.104
106523.765
106565.423
106607.086
106648.743
106690.403
106732.065
106773.721
106815.383
106857.041
106898.700
106940.360
106982.022
107023.681
107065.339
107106.998
107148.659
107190.320
107231.978
107273.639
107315.298
107356.958
107398.620
107440.279
107481.936
107523.596
107565.255
107606.915
107648.575
107690.236
107731.895
107773.554
107815.216
107856.877
107898.533
107940.195
107981.853
108023.512
108065.172
108106.835
108148.494
108190.151
108231.811
108273.473
108315.133
108356.791
108398.452
108440.109
108481.770
108523.431
108565.090
108606.751
108648.410
108690.067
108731.728
108773.388
108815.050
108856.708
108898.369
108940.027
108981.685
109023.345
109065.007
109106.667
109148.326
109190.003
109231.645
109273.304
109314.966
109356.625
109398.282
109439.942
109481.602
109523.263
109564.924
109606.583
109648.243
109689.901
109731.562
109773.221
109814.880
109856.539
109898.200
109939.861
109981.518
110023.178
110064.840
110106.500
110148.156
110189.817
110231.479
110273.138
110314.797
110356.456
110398.117
110439.775
110481.436
110523.105
110564.757
110606.416
110648.073
110689.732
110731.393
110773.053
110814.713
110856.373
110898.031
110939.691
110981.356
111023.012
111064.672
111106.331
111147.990
111189.651
111231.310
111272.970
111314.628
111356.288
111397.950
111439.607
111481.270
111522.931
111564.590
111606.247
111647.908
111689.565
111731.228
111772.887
111814.545
111856.207
111897.867
111939.525
111981.184
112022.847
112064.504
112106.163
112147.826
112189.482
112231.145
112272.804
112314.462
112356.122
112397.783
112439.442
112481.100
112522.761
112564.421
112606.081
112647.742
112689.399
112731.058
112772.717
112814.378
112856.037
112897.699
112939.360
112981.019
113022.676
113064.336
113105.995
113147.658
113189.317
113230.977
113272.636
113314.294
113355.955
113397.615
113439.274
113480.933
113522.592
113564.255
113605.911
113647.571
113689.231
113730.893
113772.552
113814.213
113855.869
113897.532
113939.190
113980.850
114022.512
114064.170
114105.828
114147.491
114189.148
114230.808
114272.468
114314.129
114355.787
114397.448
114439.108
114480.765
114522.425
114564.085
114605.745
114647.405
114689.065
114730.726
114772.385
114814.045
114855.704
114897.366
114939.024
114980.684
115022.343
115064.004
115105.663
115147.323
115188.981
115230.640
115272.303
115313.962
115355.619
115397.280
115438.941
115480.601
115522.260
115563.918
115605.577
115647.236
115688.896
115730.558
115772.218
115813.875
115855.537
115897.195
115938.855
115980.516
116022.177
116063.834
116105.493
116147.156
116188.816
116230.476
116272.134
116313.794
116355.453
116397.113
116438.772
116480.431
116522.092
116563.751
116605.412
116647.070
116688.731
116730.392
116772.051
116813.711
116855.370
116897.030
116938.689
116980.350
117022.010
117063.667
117105.329
117146.986
117188.648
117230.307
117271.967
117313.627
117355.286
117396.947
117438.608
117480.265
117521.924
117563.584
117605.246
117646.902
117688.564
117730.222
117771.883
117813.541
117855.202
117896.863
117938.523
117980.179
118021.842
118063.502
118105.159
118146.821
118188.481
118230.139
118271.798
118313.459
118355.118
118396.779
118438.438
118480.100
118521.761
118563.419
118605.076
118646.736
118688.396
118730.058
118771.714
118813.377
118855.037
118896.696
118938.353
118980.014
119021.675
119063.332
119104.994
119146.652
119188.312
119229.975
119271.633
119313.292
119354.953
119396.611
119438.271
119479.930
119521.591
119563.252
119604.911
119646.568
119688.229
119729.892
119771.549
119813.207
119854.869
119896.526
119938.188
119979.848
120021.507
120063.165
120104.828
120146.485
120188.146
120229.804
120271.466
120313.127
120354.784
120396.445
120438.104
120479.764
120521.423
120563.082
120604.742
120646.403
120688.065
120729.722
120771.380
120813.043
120854.719
120896.361
120938.022
120979.678
121021.340
121063.013
121104.661
121146.318
121187.980
121229.639
121271.299
121312.957
121354.618
121396.276
121437.937
121479.596
121521.257
121562.918
121604.575
121646.237
121687.894
121729.558
121771.217
121812.873
121854.533
121896.194
121937.853
121979.515
122021.183
122062.832
122104.491
122146.152
122187.810
122229.471
122271.141
122312.790
122354.451
122396.110
122437.771
122479.429
122521.101
122562.747
122604.407
122646.069
122687.730
122729.388
122771.046
122812.705
122854.371
122896.028
122937.689
122979.346
123021.004
123062.666
123104.327
123145.986
123187.643
123229.305
123270.965
123312.623
123354.284
123395.943
123437.601
123479.260
123520.922
123562.581
123604.242
123645.900
123687.561
123729.220
123770.881
123812.541
123854.198
123895.858
123937.520
123979.180
124020.838
124062.496
124104.157
124145.817
124187.477
124229.171
124270.796
124312.457
124354.115
124395.775
124437.435
124479.093
124520.755
124562.416
124604.074
124645.734
124687.393
124729.054
124770.715
124812.372
124854.033
124895.691
124937.353
124979.012
125020.670
125062.330
125103.991
125145.649
125187.312
125228.969
125270.632
125312.289
125353.949
125395.607
125437.269
125478.928
125520.588
125562.247
125603.906
125645.566
125687.238
125728.885
125770.547
125812.204
125853.867
125895.524
125937.183
125978.844
126020.502
126062.162
126103.823
126145.483
126187.143
126228.804
126270.461
126312.122
126353.781
126395.440
126437.102
126478.760
126520.422
126562.081
126603.739
126645.399
126687.061
126728.721
126770.378
126812.037
126853.699
126895.361
126937.018
126978.676
127020.336
127062.000
127103.658
127145.316
127186.976
127228.634
127270.294
127311.953
127353.614
127395.276
127436.935
127478.593
127520.262
127561.912
127603.571
127645.233
127686.892
127728.552
127770.212
127811.870
127853.532
127895.189
127936.851
127978.511
128020.168
128061.828
128103.490
128145.148
128186.807
128228.467
128270.129
128311.788
128353.447
128395.108
128436.766
128478.428
128520.086
128561.745
128603.406
128645.065
128686.726
128728.386
128770.044
128811.705
128853.364
128895.024
128936.682
128978.341
129020.001
129061.663
129103.323
129144.982
129186.640
129228.302
129269.961
129311.622
129353.281
129394.941
129436.601
129478.259
129519.918
129561.579
129603.237
129644.899
129686.557
129728.219
129769.878
129811.538
129853.197
129894.858
129936.515
129978.177
130019.835
130061.496
130103.154
130144.815
130186.475
130228.134
130269.793
130311.454
130353.114
130394.773
130436.432
130478.094
130519.752
130561.409
130603.071
130644.730
130686.391
130728.050
130769.709
130811.370
130853.029
130894.690
130936.349
130978.007
131019.669
131061.332
131102.991
131144.649
131186.308
131227.967
131269.626
131311.286
131352.946
131394.606
131436.264
131477.925
131519.583
131561.245
131602.903
131644.566
131686.223
131727.883
131769.542
131811.204
131852.862
131894.522
131936.180
131977.841
132019.503
132061.163
132102.822
132144.481
132186.140
132227.800
132269.459
132311.123
132352.778
132394.441
132436.097
132477.756
132519.418
132561.078
132602.737
132644.396
132686.055
132727.716
132769.376
132811.038
132852.694
132894.356
132936.015
132977.673
133019.334
133060.993
133102.652
133144.311
133185.975
133227.631
133269.293
133310.954
133352.613
133394.270
133435.930
133477.589
133519.252
133560.911
133602.570
133644.228
133685.891
133727.548
133769.210
133810.867
133852.529
133894.189
133935.848
133977.506
134019.168
134060.826
134102.485
134144.146
134185.805
134227.468
134269.124
134310.785
134352.445
134394.106
134435.764
134477.423
134519.083
134560.743
134602.402
134644.063
134685.721
134727.384
134769.045
134810.700
134852.360
134894.019
134935.679
134977.341
135018.998
135060.658
135102.319
135143.981
135185.641
135227.300
135268.958
135310.618
135352.277
135393.935
135435.600
135477.257
135518.916
135560.575
135602.237
135643.913
135685.555
135727.215
135768.875
135810.534
135852.194
135893.857
135935.515
135977.174
136018.831
136060.493
136102.150
136143.811
136185.471
136227.133
136268.790
136310.451
136352.110
136393.771
136435.430
136477.090
136518.750
136560.409
136602.068
136643.728
136685.388
136727.048
136768.709
136810.368
136852.027
136893.685
136935.345
136977.008
137018.664
137060.324
137101.984
137143.644
137185.305
137226.963
137268.622
137310.283
137351.944
137393.609
137435.262
137476.922
137518.581
137560.242
137601.901
137643.561
137685.221
137726.881
137768.541
137810.200
137851.862
137893.520
137935.178
137976.839
138018.499
138060.158
138101.817
138143.479
138185.136
138226.798
138268.457
138310.119
138351.776
138393.434
138435.095
138476.755
138518.415
138560.073
138601.734
138643.392
138685.053
138726.714
138768.372
138810.034
138851.692
138893.351
138935.011
138976.673
139018.332
139059.991
139101.649
139143.312
139184.979
139226.630
139268.288
139309.949
139351.608
139393.268
139434.928
139476.590
139518.248
139559.907
139601.566
139643.230
139684.889
139726.548
139768.206
139809.865
139851.526
139893.188
139934.846
139976.505
140018.164
140059.824
140101.485
140143.145
140184.805
140226.464
140268.122
140309.783
140351.441
140393.103
140434.762
140476.420
140518.079
140559.739
140601.399
140643.060
140684.720
140726.381
140768.037
140809.699
140851.358
140893.019
140934.677
140976.337
141017.998
141059.656
141101.318
141142.977
141184.634
141226.294
141267.957
141309.615
141351.276
141392.935
141434.598
141476.253
141517.915
141559.572
141601.234
141642.892
141684.553
141726.214
141767.873
141809.531
141851.192
141892.852
141934.510
141976.171
142017.828
142059.492
142101.150
142142.809
142184.469
142226.127
142267.790
142309.449
142351.110
142392.766
142434.429
142476.086
142517.745
142559.408
142601.065
142642.726
142684.387
142726.045
142767.707
142809.364
142851.024
142892.683
142934.342
142976.003
143017.664
143059.325
143100.986
143142.643
143184.303
143225.961
143267.620
143309.281
143350.939
143392.601
143434.262
143475.920
143517.580
143559.240
143600.900
143642.558
143684.219
143725.877
143767.538
143809.197
143850.859
143892.519
143934.178
143975.835
144017.497
144059.155
144100.815
144142.476
144184.134
144225.795
144267.454
144309.116
144350.774
144392.432
144434.094
144475.752
144517.414
144559.074
144600.733
144642.391
144684.051
144725.711
144767.373
144809.029
144850.689
144892.351
144934.010
144975.674
145017.330
145058.988
145100.649
145142.309
145183.969
145225.629
145267.290
145308.946
145350.608
145392.265
145433.927
145475.585
145517.246
145558.904
145600.563
145642.223
145683.884
145725.545
145767.205
145808.863
145850.523
145892.183
145933.846
145975.506
146017.161
146058.821
146100.480
146142.139
146183.799
146225.461
146267.118
146308.781
146350.441
146392.098
146433.760
146475.417
146517.080
146558.737
146600.399
146642.057
146683.718
146725.377
146767.038
146808.695
146850.355
146892.015
146933.676
146975.336
147016.996
147058.655
147100.315
147141.975
147183.633
147225.292
147266.954
147308.613
147350.271
147391.932
147433.593
147475.252
147516.910
147558.572
147600.233
147641.891
147683.551
147725.209
147766.870
147808.528
147850.188
147891.848
147933.509
147975.168
148016.826
148058.486
148100.146
148141.809
148183.466
148225.128
148266.787
148308.449
148350.107
148391.765
148433.423
148475.086
148516.746
148558.404
148600.065
148641.723
148683.383
148725.043
148766.703
148808.362
148850.022
148891.682
148933.340
148975.002
149016.660
149058.322
149099.980
149141.638
149183.298
149224.958
149266.618
149308.278
149349.940
149391.597
149433.256
149474.917
149516.579
149558.239
149599.898
149641.555
149683.216
149724.876
149766.537
149808.196
149849.856
149891.514
149933.175
149974.836
150016.493
150058.152
150099.812
150141.475
150183.139
150224.793
150266.451
150308.112
150349.771
150391.432
150433.091
150474.750
150516.409
150558.072
150599.731
150641.390
150683.050
150724.707
150766.367
150808.028
150849.687
150891.347
150933.008
150974.669
151016.328
151057.985
151099.646
151141.307
151182.967
151224.626
151266.284
151307.945
151349.603
151391.262
151432.925
151474.583
151516.247
151557.904
151599.563
151641.223
151682.883
151724.540
151766.203
151807.860
151849.522
151891.179
151932.842
151974.501
152016.164
152057.818
152099.480
152141.137
152182.800
152224.459
152266.116
152307.778
152349.436
152391.099
152432.761
152474.416
152516.076
152557.736
152599.396
152641.057
152682.715
152724.373
152766.035
152807.693
152849.354
152891.016
152932.672
152974.332
153015.994
153057.651
153099.311
153140.971
153182.631
153224.293
153265.951
153307.611
153349.270
153390.929
153432.591
153474.248
153515.909
153557.570
153599.228
153640.889
153682.550
153724.207
153765.871
153807.528
153849.188
153890.846
153932.508
153974.164
154015.824
154057.484
154099.147
154140.804
154182.464
154224.125
154265.783
154307.445
154349.105
154390.763
154432.423
154474.083
154515.742
154557.402
154599.062
154640.720
154682.379
154724.039
154765.701
154807.361
154849.022
154890.680
154932.340
154974.000
155015.658
155057.321
155098.979
155140.638
155182.297
155223.959
155265.618
155307.277
155348.935
155390.596
155432.254
155473.914
155515.580
155557.234
155598.893
155640.552
155682.213
155723.873
155765.532
155807.192
155848.851
155890.511
155932.173
155973.831
156015.490
156057.149
156098.810
156140.472
156182.129
156223.790
156265.448
156307.112
156348.770
156390.427
156432.087
156473.749
156515.409
156557.068
156598.726
156640.386
156682.047
156723.707
156765.367
156807.025
156848.686
156890.344
156932.003
156973.665
157015.323
157056.983
157098.642
157140.303
157181.962
157223.623
157265.283
157306.941
157348.603
157390.263
157431.923
157473.582
157515.241
157556.901
157598.559
157640.219
157681.879
157723.539
157765.198
157806.860
157848.517
157890.178
157931.838
157973.496
158015.158
158056.819
158098.475
158140.136
158181.795
158223.457
158265.116
158306.775
158348.436
158390.093
158431.757
158473.413
158515.076
158556.733
158598.397
158640.052
158681.711
158723.372
158765.032
158806.692
158848.353
158890.010
158931.672
158973.331
159014.992
159056.651
159098.309
159139.969
159181.628
159223.291
159264.949
159306.608
159348.267
159389.927
159431.598
159473.246
159514.908
159556.567
159598.226
159639.886
159681.547
159723.206
159764.865
159806.527
159848.185
159889.844
159931.506
159973.164
160014.823
160056.485
160098.141
160139.802
160181.461
160223.120
160264.781
160306.441
160348.102
160389.759
160431.420
160473.082
160514.741
160556.399
160598.060
160639.719
160681.380
160723.039
160764.697
160806.359
160848.016
160889.679
160931.338
160972.995
161014.655
161056.317
161097.974
161139.636
161181.295
161222.953
161264.614
161306.275
161347.934
161389.594
161431.254
161472.912
161514.571
161556.232
161597.891
161639.551
161681.214
161722.870
161764.531
161806.190
161847.851
161889.508
161931.169
161972.830
162014.490
162056.148
162097.808
162139.468
162181.128
162222.786
162264.446
162306.106
162347.768
162389.427
162431.087
162472.746
162514.405
162556.065
162597.725
162639.383
162681.046
162722.703
162764.365
162806.022
162847.684
162889.343
162931.006
162972.663
163014.320
163055.983
163097.642
163139.300
163180.961
163222.620
163264.281
163305.940
163347.600
163389.259
163430.918
163472.578
163514.238
163555.898
163597.559
163639.217
163680.876
163722.536
163764.197
163805.855
163847.515
163889.175
163930.835
163972.494
164014.154
164055.815
164097.475
164139.136
164180.793
164222.454
164264.114
164305.772
164347.431
164389.092
164430.751
164472.411
164514.071
164555.730
164597.392
164639.050
164680.712
164722.371
164764.030
164805.691
164847.351
164889.010
164930.670
164972.328
165013.987
165055.649
165097.309
165138.966
165180.627
165222.285
165263.947
165305.605
165347.266
165388.926
165430.584
165472.243
165513.903
165555.563
165597.229
165638.884
165680.544
165722.202
165763.865
165805.522
165847.184
165888.841
165930.501
165972.162
166013.819
166055.482
166097.141
166138.802
166180.460
166222.118
166263.778
166305.438
166347.100
166388.758
166430.418
166472.079
166513.756
166555.401
166597.056
166638.716
166680.378
166722.037
166763.697
166805.355
166847.014
166888.674
166930.336
166971.996
167013.655
167055.314
167096.974
167138.635
167180.293
167221.953
167263.611
167305.270
167346.933
167388.593
167430.254
167471.912
167513.569
167555.229
167596.890
167638.549
167680.208
167721.870
167763.531
167805.188
167846.849
167888.510
167930.166
167971.827
168013.487
168055.147
168096.805
168138.464
168180.127
168221.786
168263.446
168305.109
168346.767
168388.423
168430.082
168471.744
168513.406
168555.064
168596.725
168638.381
168680.042
168721.705
168763.364
168805.020
168846.682
168888.342
168930.001
168971.660
169013.319
169054.980
169096.638
169138.300
169179.959
169221.627
169263.282
169304.937
169346.597
169388.258
169429.916
169471.577
169513.238
169554.898
169596.554
169638.216
169679.874
169721.535
169763.197
169804.853
169846.513
169888.174
169929.832
169971.494
170013.153
170054.815
170096.473
170138.131
170179.793
170221.451
170263.113
170304.772
170346.432
170388.091
170429.749
170471.409
170513.069
170554.729
170596.387
170638.047
170679.712
170721.369
170763.028
170804.686
170846.347
170888.007
170929.666
170971.327
171012.986
171054.647
171096.305
171137.965
171179.623
171221.283
171262.945
171304.602
171346.265
171387.924
171429.585
171471.245
171512.904
171554.563
171596.221
171637.882
171679.541
171721.201
171762.861
171804.519
171846.180
171887.841
171929.499
171971.160
172012.818
172054.481
172096.137
172137.799
172179.459
172221.117
172262.779
172304.435
172346.095
172387.754
172429.418
172471.076
172512.734
172554.395
172596.055
172637.715
172679.374
172721.034
172762.694
172804.351
172846.013
172887.672
172929.333
172970.990
173012.652
173054.312
173095.969
173137.629
173179.292
173220.950
173262.610
173304.270
173345.929
173387.598
173429.248
173470.908
173512.569
173554.243
173595.898
173637.547
173679.207
173720.867
173762.528
173804.185
173845.846
173887.505
173929.166
173970.824
174012.485
174054.144
174095.803
174137.464
174179.123
174220.784
174262.445
174304.104
174345.762
174387.421
174429.081
174470.745
174512.402
174554.062
174595.721
174637.380
174679.043
174720.700
174762.360
174804.018
174845.680
174887.338
174928.999
174970.657
175012.317
175053.979
175095.636
175137.296
175178.955
175220.617
175262.274
175303.935
175345.596
175387.257
175428.917
175470.574
175512.235
175553.894
175595.555
175637.212
175678.873
175720.534
175762.193
175803.856
175845.511
175887.173
175928.832
175970.491
176012.151
176053.811
176095.471
176137.130
176178.788
176220.449
176262.110
176303.767
176345.427
176387.088
176428.748
176470.407
176512.067
176553.726
176595.385
176637.047
176678.707
176720.366
176762.024
176803.683
176845.346
176887.006
176928.665
176970.323
177011.983
177053.642
177095.304
177136.964
177178.624
177220.281
177261.943
177303.601
177345.262
177386.922
177428.582
177470.241
177511.899
177553.562
177595.219
177636.879
177678.540
177720.198
177761.860
177803.517
177845.179
177886.839
177928.499
177970.160
178011.818
178053.477
178095.137
178136.794
178178.455
178220.115
178261.776
178303.434
178345.096
178386.754
178428.415
178470.073
178511.732
178553.393
178595.054
178636.713
178678.373
178720.032
178761.692
178803.353
178845.012
178886.672
178928.329
178969.992
179011.651
179053.310
179094.969
179136.630
179178.287
179219.947
179261.609
179303.268
179344.928
179386.587
179428.246
179469.907
179511.566
179553.226
179594.886
179636.544
179678.207
179719.864
179761.523
179803.183
179844.843
179886.503
179928.163
179969.822
180011.483
180053.143
180094.803
180136.463
180178.120
180219.780
180261.441
180303.101
180344.760
180386.420
180428.078
180469.740
180511.401
180553.060
180594.718
180636.377
180678.040
180719.700
180761.359
180803.016
180844.677
180886.335
180927.997
180969.656
181011.317
181052.976
181094.636
181136.296
181177.955
181219.613
181261.272
181302.935
181344.592
181386.252
181427.914
181469.571
181511.233
181552.892
181594.554
181636.212
181677.870
181719.532
181761.191
181802.851
181844.511
181886.168
181927.829
181969.489
182011.149
182052.809
182094.469
182136.126
182177.788
182219.447
182261.107
182302.766
182344.429
182386.085
182427.744
182469.409
182511.064
182552.724
182594.385
182636.046
182677.705
182719.362
182761.023
182802.684
182844.342
182886.003
182927.665
182969.323
183010.981
183052.640
183094.300
183135.962
183177.621
183219.280
183260.940
183302.598
183344.260
183385.921
183427.581
183469.239
183510.897
183552.557
183594.217
183635.877
183677.539
183719.196
183760.856
183802.517
183844.177
183885.836
183927.497
183969.155
184010.816
184052.475
184094.133
184135.792
184177.452
184219.113
184260.774
184302.431
184344.093
184385.750
184427.413
184469.075
184510.733
184552.391
184594.053
184635.710
184677.371
184719.029
184760.688
184802.350
184844.010
184885.668
184927.328
184968.987
185010.649
185052.310
185093.968
185135.627
185177.285
185218.948
185260.606
185302.265
185343.924
185385.585
185427.244
185468.904
185510.565
185552.224
185593.885
185635.543
185677.204
185718.861
185760.522
185802.182
185843.843
185885.503
185927.160
185968.820
186010.482
186052.140
186093.799
186135.459
186177.120
186218.779
186260.437
186302.099
186343.760
186385.417
186427.078
186468.738
186510.398
186552.056
186593.716
186635.376
186677.035
186718.695
186760.354
186802.014
186843.674
186885.334
186926.994
186968.653
187010.315
187051.973
187093.632
187135.294
187176.953
187218.612
187260.273
187301.930
187343.598
187385.251
187426.912
187468.570
187510.230
187551.889
187593.551
187635.208
187676.870
187718.528
187760.188
187801.850
187843.508
187885.166
187926.826
187968.489
188010.146
188051.807
188093.465
188135.127
188176.784
188218.447
188260.105
188301.766
188343.424
188385.083
188426.742
188468.404
188510.064
188551.723
188593.382
188635.044
188676.703
188718.363
188760.021
188801.683
188843.341
188885.002
188926.659
188968.320
189009.979
189051.643
189093.300
189134.957
189176.620
189218.278
189259.939
189301.598
189343.258
189384.918
189426.578
189468.240
189509.898
189551.557
189593.216
189634.874
189676.535
189718.193
189759.854
189801.516
189843.175
189884.835
189926.493
189968.154
190009.814
190051.472
190093.133
190134.791
190176.452
190218.113
190259.770
190301.431
190343.090
190384.748
190426.408
190468.069
190509.731
190551.391
190593.047
190634.707
190676.368
190718.029
190759.686
190801.347
190843.006
190884.669
190926.328
190967.986
191009.647
191051.306
191092.966
191134.627
191176.283
191217.945
191259.603
191301.265
191342.923
191384.581
191426.242
191467.903
191509.565
191551.220
191592.882
191634.542
191676.200
191717.862
191759.520
191801.182
191842.840
191884.500
191926.158
191967.821
192009.479
192051.140
192092.800
192134.459
192176.117
192217.779
192259.437
192301.097
192342.755
192384.417
192426.078
192467.736
192509.394
192551.056
192592.714
192634.375
192676.033
192717.693
192759.354
192801.014
192842.672
192884.332
192925.991
192967.652
193009.314
193050.974
193092.633
193134.292
193175.950
193217.611
193259.269
193300.931
193342.589
193384.249
193425.910
193467.569
193509.228
193550.888
193592.549
193634.207
193675.868
193717.529
193759.188
193800.846
193842.505
193884.168
193925.824
193967.486
194009.146
194050.808
194092.463
194134.122
194175.785
194217.443
194259.105
194300.761
194342.421
194384.081
194425.744
194467.400
194509.061
194550.720
194592.381
194634.039
194675.701
194717.358
194759.020
194800.678
194842.340
194884.000
194925.660
194967.317
195008.978
195050.636
195092.296
195133.958
195175.616
195217.278
195258.937
195300.596
195342.255
195383.915
195425.575
195467.235
195508.893
195550.553
195592.213
195633.873
195675.532
195717.194
195758.854
195800.512
195842.171
195883.832
195925.490
195967.151
196008.812
196050.471
196092.132
196133.791
196175.449
196217.110
196258.769
196300.433
196342.090
196383.749
196425.408
196467.068
196508.728
196550.388
196592.046
196633.715
196675.365
196717.026
196758.685
196800.347
196842.004
196883.664
196925.326
196966.985
197008.645
197050.305
197091.964
197133.622
197175.284
197216.942
197258.602
197300.261
197341.920
197383.581
197425.242
197466.902
197508.559
197550.219
197591.882
197633.539
197675.200
197716.860
197758.520
197800.178
197841.839
197883.500
197925.156
197966.819
198008.479
198050.138
198091.796
198133.455
198175.117
198216.776
198258.436
198300.096
198341.756
198383.415
198425.075
198466.735
198508.393
198550.057
198591.712
198633.371
198675.034
198716.691
198758.353
198800.013
198841.672
198883.331
198924.991
198966.649
199008.310
199049.970
199091.628
199133.289
199174.948
199216.609
199258.269
199299.927
199341.587
199383.249
199424.908
199466.567
199508.226
199549.885
199591.545
199633.207
199674.864
199716.525
199758.185
199799.845
199841.502
199883.163
199924.823
199966.483
200008.143
200049.801
200091.463
200133.121
200174.781
200216.442
200258.102
200299.759
200341.422
200383.081
200424.739
200466.399
200508.058
200549.719
200591.378
200633.038
200674.698
200716.357
200758.016
200799.677
200841.337
200882.998
200924.658
200966.317
201007.976
201049.636
201091.294
201132.954
201174.617
201216.280
201257.934
201299.595
201341.253
201382.914
201424.573
201466.235
201507.894
201549.552
201591.210
201632.870
201674.531
201716.193
201757.852
201799.510
201841.170
201882.832
201924.492
201966.149
202007.810
202049.468
202091.130
202132.791
202174.446
202216.107
202257.768
202299.428
202341.086
202382.747
202424.406
202466.066
202507.726
202549.386
202591.044
202632.703
202674.363
202716.026
202757.685
202799.346
202841.004
202882.664
202924.323
202965.983
203007.641
203049.303
203090.960
203132.621
203174.280
203215.939
203257.601
203299.260
203340.920
203382.578
203424.239
203465.901
203507.560
203549.217
203590.880
203632.538
203674.196
203715.859
203757.516
203799.176
203840.835
203882.498
203924.155
203965.814
204007.476
204049.134
204090.796
204132.453
204174.114
204215.772
204257.434
204299.092
204340.754
204382.413
204424.072
204465.730
204507.390
204549.051
204590.712
204632.371
204674.029
204715.691
204757.349
204799.012
204840.671
204882.327
204923.989
204965.647
205007.308
205048.966
205090.629
205132.286
205173.948
205215.605
205257.267
205298.929
205340.586
205382.245
205423.905
205465.567
205507.224
205548.883
205590.543
205632.203
205673.862
205715.522
205757.185
205798.841
205840.503
205882.163
205923.820
205965.482
206007.141
206048.800
206090.461
206132.118
206173.782
206215.441
206257.098
206298.759
206340.418
206382.080
206423.741
206465.399
206507.056
206548.717
206590.378
206632.036
206673.698
206715.357
206757.016
206798.676
206840.334
206881.996
206923.654
206965.315
207006.973
207048.634
207090.294
207131.953
207173.615
207215.272
207256.932
207298.591
207340.252
207381.913
207423.572
207465.231
207506.890
207548.551
207590.209
207631.871
207673.529
207715.189
207756.849
207798.508
207840.168
207881.829
207923.488
207965.148
208006.806
208048.467
208090.128
208131.786
208173.450
208215.104
208256.766
208298.425
208340.083
208381.744
208423.406
208465.075
208506.723
208548.384
208590.042
208631.703
208673.362
208715.021
208756.682
208798.346
208840.000
208881.661
208923.321
208964.981
209006.641
209048.299
209089.959
209131.618
209173.278
209214.940
209256.597
209298.259
209339.918
209381.579
209423.237
209464.897
209506.557
209548.216
209589.876
209631.534
209673.194
209714.858
209756.516
209798.178
209839.834
209881.493
209923.155
209964.813
210006.471
210048.134
210089.793
210131.453
210173.111
210214.770
210256.432
210298.090
210339.751
210381.413
210423.069
210464.730
210506.390
210548.050
210589.707
210631.369
210673.028
210714.717
210756.348
210798.007
210839.666
210881.328
210922.987
210964.648
211006.307
211047.965
211089.626
211131.285
211172.944
211214.604
211256.267
211297.924
211339.584
211381.242
211422.901
211464.563
211506.221
211547.881
211589.541
211631.204
211672.862
211714.523
211756.179
211797.839
211839.500
211881.160
211922.819
211964.478
212006.138
212047.799
212089.460
212131.119
212172.776
212214.437
212256.100
212297.759
212339.415
212381.076
212422.735
212464.397
212506.054
212547.717
212589.376
212631.033
212672.693
212714.356
212756.015
212797.674
212839.331
212880.993
212922.655
212964.313
213005.972
213047.631
213089.291
213130.950
213172.610
213214.269
213255.929
213297.591
213339.251
213380.910
213422.571
213464.230
213505.890
213547.549
213589.208
213630.866
213672.529
213714.187
213755.847
213797.508
213839.164
213880.825
213922.487
213964.146
214005.806
214047.464
214089.126
214130.783
214172.444
214214.106
214255.763
214297.424
214339.082
214380.744
214422.403
214464.061
214505.721
214547.380
214589.042
214630.700
214672.360
214714.021
214755.680
214797.342
214839.001
214880.660
214922.320
214963.979
215005.637
215047.298
215088.958
215130.616
215172.275
215213.939
215255.597
215297.257
215338.915
215380.575
215422.239
215463.897
215505.555
215547.214
215588.874
215630.535
215672.195
215713.854
215755.512
215797.171
215838.832
215880.493
215922.154
215963.811
216005.472
216047.132
216088.792
216130.452
216172.109
216213.769
216255.430
216297.089
216338.750
216380.409
216422.068
216463.729
216505.389
216547.046
216588.707
216630.365
216672.027
216713.685
216755.346
216797.005
216838.666
216880.325
216921.987
216963.644
217005.305
217046.964
217088.624
217130.283
217171.943
217213.602
217255.262
217296.922
217338.583
217380.242
217421.901
217463.561
217505.221
217546.881
217588.541
217630.200
217671.861
217713.521
217755.178
217796.839
217838.499
217880.157
217921.819
217963.479
218005.137
218046.796
218088.457
218130.115
218171.777
218213.436
218255.095
218296.754
218338.415
218380.075
218421.735
218463.395
218505.052
218546.714
218588.373
218630.034
218671.693
218713.352
218755.012
218796.675
218838.331
218879.992
218921.651
218963.310
219004.972
219046.633
219088.290
219129.948
219171.609
219213.269
219254.934
219296.590
219338.249
219379.909
219421.570
219463.226
219504.887
219546.548
219588.206
219629.865
219671.527
219713.184
219754.843
219796.504
219838.163
219879.824
219921.485
219963.143
220004.802
220046.462
220088.123
220129.782
220171.441
220213.102
220254.761
220296.422
220338.081
220379.742
220421.400
220463.060
220504.721
220546.380
220588.039
220629.700
220671.358
220713.020
220754.679
220796.337
220837.999
220879.658
220921.320
220962.978
221004.637
221046.295
221087.956
221129.618
221171.283
221212.935
221254.593
221296.254
221337.915
221379.576
221421.233
221462.894
221504.553
221546.214
221587.875
221629.531
221671.195
221712.851
221754.514
221796.172
221837.829
221879.490
221921.150
221962.812
222004.469
222046.128
222087.789
222129.450
222171.110
222212.767
222254.427
222296.087
222337.747
222379.410
222421.065
222462.727
222504.385
222546.046
222587.707
222629.364
222671.026
222712.686
222754.345
222796.003
222837.663
222879.324
222920.983
222962.660
223004.311
223045.963
223087.631
223129.281
223170.944
223212.602
223254.260
223295.919
223337.580
223379.244
223420.899
223462.558
223504.218
223545.879
223587.539
223629.199
223670.857
223712.520
223754.177
223795.836
223837.498
223879.157
223920.818
223962.474
224004.137
224045.795
224087.455
224129.113
224170.773
224212.434
224254.093
224295.752
224337.413
224379.074
224420.732
224462.394
224504.053
224545.712
224587.374
224629.032
224670.691
224712.353
224754.012
224795.674
224837.329
224878.991
224920.649
224962.309
225003.969
225045.627
225087.287
225128.947
225170.607
225212.269
225253.930
225295.591
225337.247
225378.904
225420.567
225462.226
225503.886
225545.545
225587.205
225628.865
225670.526
225712.186
225753.843
225795.505
225837.161
225878.824
225920.485
225962.142
226003.803
226045.462
226087.120
226128.782
226170.441
226212.101
226253.759
226295.419
226337.080
226378.741
226420.401
226462.057
226503.718
226545.378
226587.038
226628.704
226670.357
226712.017
226753.678
226795.337
226836.996
226878.655
226920.315
226961.975
227003.635
227045.296
227086.954
227128.613
227170.274
227211.939
227253.593
227295.276
227336.913
227378.576
227420.231
227461.891
227503.552
227545.212
227586.871
227628.532
227670.191
227711.855
227753.510
227795.168
227836.828
227878.490
227920.150
227961.809
228003.467
228045.127
228086.787
228128.448
228170.107
228211.766
228253.425
228295.084
228336.745
228378.406
228420.065
228461.729
228503.385
228545.044
228586.705
228628.364
228670.024
228711.683
228753.344
228795.002
228836.663
228878.321
228919.980
228961.641
229003.302
229044.960
229086.619
229128.279
229169.939
229211.599
229253.260
229294.918
229336.578
229378.241
229419.899
229461.557
229503.217
229544.876
229586.537
229628.199
229669.856
229711.516
229753.176
229794.837
229836.496
229878.155
229919.813
229961.474
230003.134
230044.795
230086.454
230128.112
230169.774
230211.432
230253.093
230294.751
230336.411
230378.072
230419.731
230461.390
230503.051
230544.709
230586.370
230628.029
230669.690
230711.349
230753.012
230794.667
230836.329
230877.987
230919.651
230961.306
231002.966
231044.628
231086.286
231127.945
231169.604
231211.266
231252.924
231294.585
231336.246
231377.905
231419.565
231461.224
231502.885
231544.543
231586.203
231627.863
231669.523
231711.190
231752.847
231794.503
231836.161
231877.820
231919.479
231961.142
232002.801
232044.459
232086.118
232127.779
232169.439
232211.099
232252.758
232294.418
232336.077
232377.738
232419.399
232461.059
232502.716
232544.376
232586.036
232627.698
232669.356
232711.016
232752.676
232794.335
232835.994
232877.656
232919.313
232960.972
233002.634
233044.296
233085.953
233127.613
233169.271
233210.930
233252.591
233294.250
233335.913
233377.572
233419.230
233460.889
233502.549
233544.209
233585.869
233627.529
233669.191
233710.847
233752.509
233794.170
233835.829
233877.486
233919.145
233960.807
234002.469
234044.129
234085.786
234127.446
234169.106
234210.766
234252.424
234294.086
234335.745
234377.405
234419.063
234460.722
234502.383
234544.041
234585.702
234627.362
234669.022
234710.680
234752.341
234794.002
234835.660
234877.320
234918.981
234960.641
235002.301
235043.959
235085.619
235127.278
235168.937
235210.598
235252.259
235293.921
235335.576
235377.239
235418.895
235460.555
235502.217
235543.876
235585.536
235627.195
235668.854
235710.516
235752.176
235793.834
235835.496
235877.154
235918.815
235960.473
236002.133
236043.792
236085.451
236127.113
236168.772
236210.434
236252.090
236293.750
236335.411
236377.072
236418.729
236460.390
236502.050
236543.711
236585.369
236627.027
236668.687
236710.348
236752.010
236793.668
236835.326
236876.985
236918.648
236960.308
237001.968
237043.624
237085.286
237126.943
237168.604
237210.266
237251.923
237293.585
237335.244
237376.902
237418.562
237460.222
237501.883
237543.542
237585.201
237626.861
237668.521
237710.184
237751.841
237793.501
237835.159
237876.819
237918.480
237960.139
238001.800
238043.458
238085.119
238126.779
238168.438
238210.099
238251.757
238293.415
238335.076
238376.740
238418.395
238460.054
238501.714
238543.377
238585.035
238626.693
238668.355
238710.013
238751.672
238793.332
238834.993
238876.653
238918.312
238959.971
239001.630
239043.292
239084.954
239126.612
239168.269
239209.931
239251.596
239293.251
239334.912
239376.569
239418.230
239459.889
239501.552
239543.209
239584.869
239626.526
239668.187
239709.851
239751.511
239793.167
239834.826
239876.488
239918.144
239959.808
240001.469
240043.123
240084.784
240126.445
240168.105
240209.764
240251.424
240293.081
240334.743
240376.402
240418.064
240459.726
240501.383
240543.041
240584.703
240626.365
240668.023
240709.682
240751.340
240793.000
240834.658
240876.318
240917.981
240959.645
241001.298
241042.956
241084.617
241126.276
241167.936
241209.598
241251.256
241292.917
241334.576
241376.236
241417.895
241459.554
241501.215
241542.878
241584.534
241626.193
241667.857
241709.516
241751.173
241792.831
241834.492
241876.155
241917.815
241959.470
242001.130
242042.790
242084.453
242126.119
242167.776
242209.429
242251.089
242292.750
242334.409
242376.068
242417.728
242459.390
242501.047
242542.707
242584.366
242626.028
242667.686
242709.349
242751.006
242792.665
242834.327
242875.986
242917.644
242959.306
243000.964
243042.626
243084.282
243125.943
243167.603
243209.264
243250.923
243292.581
243334.242
243375.902
243417.563
243459.224
243500.879
243542.540
243584.202
243625.863
243667.519
243709.178
243750.840
243792.498
243834.159
243875.819
243917.477
243959.138
244000.796
244042.456
244084.118
244125.779
244167.435
244209.098
244250.754
244292.415
244334.074
244375.735
244417.395
244459.054
244500.714
244542.374
244584.034
244625.696
244667.352
244709.011
244750.674
244792.333
244833.993
244875.650
244917.311
244958.974
245000.631
245042.291
245083.949
245125.608
245167.269
245208.930
245250.590
245292.249
245333.908
245375.568
245417.226
245458.889
245500.548
245542.207
245583.865
245625.525
245667.187
245708.848
245750.508
245792.166
245833.825
245875.486
245917.144
245958.805
246000.463
246042.124
246083.782
246125.445
246167.103
246208.762
246250.423
246292.082
246333.740
246375.401
246417.061
246458.723
246500.381
246542.039
246583.699
246625.359
246667.021
246708.677
246750.337
246791.997
246833.658
246875.318
246916.979
246958.636
247000.300
247041.956
247083.619
247125.276
247166.937
247208.597
247250.254
247291.916
247333.576
247375.234
247416.894
247458.553
247500.213
247541.873
247583.533
247625.193
247666.852
247708.512
247750.172
247791.833
247833.491
247875.150
247916.811
247958.472
248000.131
248041.788
248083.450
248125.110
248166.769
248208.429
248250.089
248291.748
248333.409
248375.068
248416.727
248458.387
248500.047
248541.707
248583.365
248625.026
248666.685
248708.347
248750.006
248791.665
248833.323
248874.985
248916.644
248958.305
248999.979
249041.625
249083.284
249124.946
249166.604
249208.261
249249.923
249291.585
249333.242
249374.900
249416.562
249458.222
249499.881
249541.539
249583.198
249624.858
249666.523
249708.178
249749.836
249791.499
249833.159
249874.817
249916.478
249958.135
249999.796
250041.455
250083.118
250124.774
250166.436
250208.094
250249.755
250291.417
250333.076
250374.735
250416.395
250458.053
250499.713
250541.371
250583.033
250624.691
250666.351
250708.013
250749.672
250791.335
250832.991
250874.654
250916.310
250957.969
250999.629
251041.289
251082.948
251124.608
251166.268
251207.927
251249.587
251291.247
251332.906
251374.566
251416.228
251457.887
251499.547
251541.207
251582.867
251624.525
251666.184
251707.844
251749.505
251791.165
251832.822
251874.482
251916.142
251957.801
251999.461
252041.123
252082.783
252124.442
252166.104
252207.762
252249.422
252291.079
252332.740
252374.400
252416.059
252457.721
252499.378
252541.038
252582.699
252624.357
252666.020
252707.681
252749.338
252790.996
252832.656
252874.320
252915.976
252957.637
252999.295
253040.955
253082.618
253124.279
253165.937
253207.595
253249.253
253290.915
253332.574
253374.234
253415.892
253457.553
253499.212
253540.871
253582.534
253624.193
253665.852
253707.511
253749.169
253790.829
253832.490
253874.149
253915.810
253957.470
253999.128
254040.791
254082.450
254124.109
254165.766
254207.426
254249.088
254290.745
254332.407
254374.065
254415.724
254457.385
254499.047
254540.703
254582.366
254624.026
254665.685
254707.344
254749.003
254790.665
254832.323
254873.983
254915.641
254957.304
254998.964
255040.621
255082.280
255123.942
255165.600
255207.263
255248.923
255290.579
255332.238
255373.905
255415.558
255457.223
255498.883
255540.539
255582.197
255623.859
255665.520
255707.180
255748.839
255790.497
255832.156
255873.816
255915.475
255957.138
255998.795
256040.453
256082.115
256123.773
256165.433
256207.093
256248.753
256290.415
256332.073
256373.733
256415.393
256457.051
256498.712
256540.372
256582.030
256623.690
256665.350
256707.012
256748.671
256790.329
256831.991
256873.650
256915.308
256956.968
256998.627
257040.287
257081.948
257123.611
257165.268
257206.928
257248.587
257290.245
257331.905
257373.567
257415.226
257456.886
257498.545
257540.203
257581.865
257623.525
257665.184
257706.843
257748.503
257790.164
257831.822
257873.483
257915.142
257956.800
257998.460
258040.123
258081.781
258123.441
258165.101
258206.762
258248.418
258290.078
258331.740
258373.399
258415.060
258456.719
258498.377
258540.037
258581.697
258623.359
258665.017
258706.675
258748.336
258789.996
258831.654
258873.314
258914.975
258956.635
258998.293
259039.954
259081.616
259123.273
259164.932
259206.592
259248.253
259289.911
259331.571
259373.233
259414.892
259456.550
259498.210
259539.872
259581.530
259623.189
259664.851
259706.511
259748.169
259789.829
259831.489
259873.150
259914.807
259956.468
259998.128
260039.788
260081.449
260123.106
260164.766
260206.425
260248.084
260289.745
260331.406
260373.065
260414.726
260456.383
260498.045
260539.705
260581.365
260623.024
260664.684
260706.344
260748.003
260789.664
260831.322
260872.982
260914.640
260956.301
260997.960
261039.620
261081.282
261122.939
261164.599
261206.258
261247.918
261289.578
261331.240
261372.898
261414.557
261456.219
261497.876
261539.538
261581.196
261622.855
261664.516
261706.176
261747.837
261789.497
261831.155
261872.815
261914.476
261956.135
261997.794
262039.452
262081.112
262122.771
262164.433
262206.091
262247.752
262289.412
262331.072
262372.730
262414.390
262456.050
262497.711
262539.369
262581.029
262622.689
262664.349
262706.010
262747.669
262789.327
262830.989
262872.646
262914.309
262955.968
262997.628
263039.285
263080.945
263122.607
263164.266
263205.925
263247.586
263289.244
263330.906
263372.563
263414.225
263455.883
263497.544
263539.201
263580.863
263622.522
263664.183
263705.843
263747.500
263789.160
263830.823
263872.481
263914.140
263955.801
263997.459
264039.120
264080.780
264122.437
264164.100
264205.757
264247.418
264289.078
264330.737
264372.398
264414.058
264455.716
264497.376
264539.036
264580.696
264622.355
264664.016
264705.675
264747.335
264788.996
264830.653
264872.313
264913.972
264955.634
264997.293
265038.953
265080.611
265122.274
265163.932
265205.593
265247.254
265288.912
265330.573
265372.235
265413.901
265455.552
265497.211
265538.871
265580.534
265622.195
265663.850
265705.510
265747.170
265788.830
265830.489
265872.149
265913.810
265955.475
265997.129
266038.785
266080.445
266122.106
266163.767
266205.440
266247.089
266288.746
266330.404
266372.067
266413.726
266455.384
266497.046
266538.702
266580.363
266622.021
266663.683
266705.344
266747.002
266788.664
266830.321
266871.982
266913.639
266955.299
266996.960
267038.617
267080.278
267121.938
267163.597
267205.257
267246.920
267288.579
267330.236
267371.895
267413.555
267455.217
267496.875
267538.534
267580.194
267621.854
267663.516
267705.177
267746.836
267788.492
267830.155
267871.815
267913.475
267955.132
267996.792
268038.454
268080.112
268121.772
268163.434
268205.093
268246.749
268288.409
268330.071
268371.728
268413.390
268455.048
268496.708
268538.369
268580.028
268621.689
268663.347
268705.008
268746.667
268788.328
268829.986
268871.647
268913.307
268954.964
268996.626
269038.286
269079.943
269121.603
269163.266
269204.924
269246.584
269288.243
269329.902
269371.563
269413.224
269454.882
269496.556
269538.202
269579.862
269621.521
269663.182
269704.839
269746.502
269788.162
269829.821
269871.483
269913.138
269954.801
269996.458
270038.117
270079.777
270121.436
270163.099
270204.759
270246.416
270288.075
270329.738
270371.396
270413.059
270454.718
270496.375
270538.038
270579.695
270621.357
270663.017
270704.675
270746.333
270787.992
270829.651
270871.314
270912.971
270954.633
270996.291
271037.953
271079.611
271121.270
271162.932
271204.589
271246.250
271287.910
271329.573
271371.232
271412.891
271454.549
271496.209
271537.870
271579.526
271621.188
271662.848
271704.507
271746.167
271787.825
271829.486
271871.147
271912.806
271954.467
271996.126
272037.784
272079.443
272121.105
272162.765
272204.425
272246.083
272287.744
272329.403
272371.062
272412.722
272454.381
272496.042
272537.700
272579.360
272621.021
272662.683
272704.340
272746.001
272787.659
272829.320
272870.980
272912.637
272954.297
272995.957
273037.619
273079.276
273120.939
273162.595
273204.258
273245.916
273287.576
273329.234
273370.896
273412.556
273454.215
273495.874
273537.535
273579.193
273620.856
273662.514
273704.173
273745.833
273787.493
273829.152
273870.814
273912.473
273954.130
273995.792
274037.451
274079.109
274120.772
274162.432
274204.089
274245.751
274287.408
274329.069
274370.730
274412.387
274454.047
274495.707
274537.368
274579.029
274620.688
274662.345
274704.007
274745.667
274787.327
274828.987
274870.645
274912.304
274953.966
274995.624
275037.282
275078.945
275120.605
275162.264
275203.922
275245.584
275287.242
275328.903
275370.560
275412.220
275453.881
275495.541
275537.200
275578.862
275620.521
275662.180
275703.838
275745.500
275787.160
275828.818
275870.478
275912.137
275953.798
275995.456
276037.117
276078.778
276120.437
276162.095
276203.755
276245.415
276287.076
276328.736
276370.395
276412.053
276453.716
276495.374
276537.034
276578.694
276620.352
276662.017
276703.672
276745.332
276786.992
276828.651
276870.310
276911.970
276953.630
276995.290
277036.949
277078.610
277120.270
277161.930
277203.598
277245.249
277286.907
277328.569
277370.227
277411.888
277453.547
277495.206
277536.867
277578.528
277620.187
277661.845
277703.505
277745.166
277786.824
277828.484
277870.146
277911.803
277953.466
277995.123
278036.784
278078.444
278120.103
278161.764
278203.423
278245.080
278286.741
278328.402
278370.062
278411.722
278453.380
278495.039
278536.701
278578.360
278620.019
278661.680
278703.338
278744.999
278786.663
278828.319
278869.977
278911.635
278953.300
278994.957
279036.617
279078.278
279119.937
279161.596
279203.256
279244.915
279286.574
279328.234
279369.893
279411.554
279453.214
279494.873
279536.533
279578.193
279619.852
279661.511
279703.174
279744.831
279786.492
279828.151
279869.812
279911.472
279953.132
279994.789
280036.451
280078.108
280119.769
280161.428
280203.090
280244.747
280286.408
280328.068
280369.728
280411.388
280453.046
280494.706
280536.366
280578.027
280619.685
280661.344
280703.004
280744.663
280786.324
280827.983
280869.643
280911.304
280952.963
280994.625
281036.284
281077.941
281119.604
281161.261
281202.923
281244.581
281286.241
281327.899
281369.561
281411.221
281452.880
281494.538
281536.198
281577.859
281619.519
281661.180
281702.837
281744.499
281786.160
281827.819
281869.478
281911.136
281952.797
281994.455
282036.115
282077.777
282119.435
282161.095
282202.754
282244.415
282286.074
282327.734
282369.394
282411.054
282452.713
282494.373
282536.033
282577.692
282619.352
282661.010
282702.672
282744.333
282785.992
282827.651
282869.310
282910.971
282952.628
282994.290
283035.948
283077.608
283119.269
283160.929
283202.590
283244.248
283285.907
283327.566
283369.227
283410.885
283452.546
283494.205
283535.865
283577.524
283619.184
283660.847
283702.504
283744.164
283785.823
283827.482
283869.143
283910.802
283952.463
283994.123
284035.782
284077.443
284119.102
284160.763
284202.420
284244.082
284285.739
284327.399
284369.061
284410.719
284452.380
284494.040
284535.700
284577.360
284619.018
284660.681
284702.338
284743.997
284785.655
284827.317
284868.975
284910.637
284952.296
284993.955
285035.614
285077.277
285118.936
285160.593
285202.255
285243.914
285285.574
285327.233
285368.894
285410.551
285452.213
285493.873
285535.531
285577.193
285618.851
285660.510
285702.171
285743.831
285785.490
285827.149
285868.812
285910.468
285952.130
285993.790
286035.449
286077.108
286118.766
286160.428
286202.089
286243.747
286285.406
286327.065
286368.725
286410.387
286452.044
286493.705
286535.365
286577.026
286618.684
286660.343
286702.004
286743.663
286785.323
286826.981
286868.643
286910.301
286951.962
286993.621
287035.280
287076.940
287118.603
287160.262
287201.922
287243.578
287285.239
287326.898
287368.558
287410.219
287451.878
287493.537
287535.197
287576.857
287618.517
287660.178
287701.837
287743.496
287785.157
287826.815
287868.478
287910.137
287951.796
287993.456
288035.114
288076.776
288118.435
288160.092
288201.753
288243.412
288285.074
288326.731
288368.391
288410.053
288451.711
288493.375
288535.031
288576.690
288618.352
288660.011
288701.671
288743.329
288784.988
288826.648
288868.309
288909.967
288951.628
288993.289
289034.946
289076.607
289118.266
289159.926
289201.592
289243.245
289284.906
289326.566
289368.224
289409.884
289451.546
289493.203
289534.864
289576.524
289618.182
289659.842
289701.502
289743.164
289784.821
289826.482
289868.142
289909.803
289951.462
289993.119
290034.779
290076.441
290118.101
290159.759
290201.421
290243.079
290284.738
290326.399
290368.058
290409.720
290451.378
290493.036
290534.696
290576.356
290618.016
290659.677
290701.338
290742.996
290784.656
290826.316
290867.977
290909.636
290951.293
290992.954
291034.615
291076.273
291117.934
291159.593
291201.253
291242.912
291284.572
291326.231
291367.894
291409.550
291451.216
291492.871
291534.532
291576.191
291617.849
291659.510
291701.171
291742.844
291784.490
291826.158
291867.816
291909.468
291951.126
291992.786
292034.446
292076.107
292117.769
292159.429
292201.086
292242.745
292284.406
292326.066
292367.732
292409.384
292451.044
292492.706
292534.367
292576.025
292617.685
292659.344
292701.004
292742.674
292784.330
292825.982
292867.645
292909.301
292950.962
292992.621
293034.281
293075.940
293117.599
293159.261
293200.920
293242.579
293284.239
293325.902
293367.561
293409.220
293450.877
293492.537
293534.196
293575.855
293617.516
293659.175
293700.836
293742.495
293784.156
293825.815
293867.477
293909.135
293950.803
293992.456
294034.115
294075.772
294117.435
294159.091
294200.754
294242.412
294284.073
294325.732
294367.394
294409.055
294450.717
294492.381
294534.030
294575.690
294617.351
294659.012
294700.669
294742.328
294783.988
294825.652
294867.308
294908.968
294950.627
294992.286
295033.945
295075.608
295117.267
295158.926
295200.585
295242.247
295283.905
295325.566
295367.236
295408.905
295450.545
295492.205
295533.862
295575.523
295617.182
295658.843
295700.501
295742.161
295783.823
295825.483
295867.143
295908.799
295950.461
295992.127
296033.781
296075.439
296117.098
296158.758
296200.419
296242.078
296283.741
296325.397
296367.057
296408.717
296450.376
296492.048
296533.697
296575.355
296617.014
296658.675
296700.336
296741.996
296783.654
296825.314
296866.974
296908.633
296950.293
296991.953
297033.614
297075.302
297116.933
297158.590
297200.251
297241.910
297283.571
297325.233
297366.893
297408.560
297450.223
297491.869
297533.529
297575.189
297616.851
297658.510
297700.169
297741.829
297783.486
297825.151
297866.810
297908.466
297950.126
297991.795
298033.445
298075.106
298116.767
298158.424
298200.085
298241.752
298283.403
298325.064
298366.724
298408.385
298450.044
298491.702
298533.364
298575.025
298616.681
298658.340
298700.001
298741.661
298783.320
298824.980
298866.640
298908.300
298949.962
298991.630
299033.279
299074.938
299116.600
299158.258
299199.921
299241.578
299283.236
299324.896
299366.556
299408.217
299449.877
299491.536
299533.197
299574.855
299616.515
299658.175
299699.834
299741.495
299783.155
299824.812
299866.473
299908.134
299949.791
299991.452
300033.112
300074.774
300116.431
300158.093
300199.750
300241.412
300283.071
300324.729
300366.389
300408.048
300449.708
300491.368
300533.031
300574.689
300616.349
300658.008
300699.668
300741.326
300782.985
300824.645
300866.306
300907.967
300949.627
300991.288
301032.944
301074.604
301116.265
301157.924
301199.584
301241.244
301282.903
301324.564
301366.221
301407.881
301449.543
301491.202
301532.863
301574.526
301616.185
301657.840
301699.499
301741.162
301782.821
301824.479
301866.140
301907.801
301949.460
301991.117
302032.780
302074.439
302116.107
302157.758
302199.416
302241.076
302282.735
302324.397
302366.060
302407.718
302449.378
302491.036
302532.695
302574.356
302616.014
302657.674
302699.335
302740.995
302782.655
302824.314
302865.973
302907.633
302949.292
302990.953
303032.611
303074.273
303115.931
303157.589
303199.250
303240.911
303282.569
303324.230
303365.889
303407.549
303449.207
303490.868
303532.529
303574.189
303615.849
303657.510
303699.169
303740.826
303782.486
303824.146
303865.805
303907.467
303949.126
303990.785
304032.446
304074.104
304115.766
304157.424
304199.085
304240.744
304282.405
304324.064
304365.723
304407.383
304449.042
304490.703
304532.363
304574.020
304615.681
304657.342
304699.002
304740.661
304782.318
304823.980
304865.639
304907.301
304948.959
304990.618
305032.277
305073.938
305115.600
305157.258
305198.919
305240.576
305282.237
305323.897
305365.557
305407.218
305448.876
305490.534
305532.193
305573.856
305615.513
305657.174
305698.834
305740.494
305782.154
305823.813
305865.474
305907.131
305948.795
305990.450
306032.112
306073.771
306115.430
306157.091
306198.753
306240.410
306282.069
306323.728
306365.390
306407.048
306448.711
306490.370
306532.029
306573.688
306615.347
306657.008
306698.665
306740.325
306781.988
306823.646
306865.304
306906.964
306948.623
306990.285
307031.944
307073.602
307115.264
307156.922
307198.584
307240.244
307281.904
307323.565
307365.222
307406.880
307448.542
307490.202
307531.862
307573.522
307615.181
307656.840
307698.500
307740.160
307781.818
307823.478
307865.140
307906.798
307948.457
307990.122
308031.779
308073.441
308115.096
308156.759
308198.417
308240.076
308281.734
308323.394
308365.055
308406.716
308448.375
308490.036
308531.693
308573.356
308615.015
308656.677
308698.332
308739.992
308781.651
308823.314
308864.974
308906.632
308948.291
308989.950
309031.611
309073.269
309114.929
309156.589
309198.251
309239.908
309281.568
309323.230
309364.888
309406.550
309448.209
309489.868
309531.526
309573.187
309614.848
309656.507
309698.167
309739.826
309781.484
309823.145
309864.805
309906.465
309948.125
309989.783
310031.445
310073.102
310114.764
310156.424
310198.083
310239.742
310281.403
310323.062
310364.721
310406.382
310448.039
310489.702
310531.363
310573.021
310614.680
310656.340
310697.998
310739.659
310781.317
310822.978
310864.639
310906.297
310947.959
310989.620
311031.278
311072.935
311114.596
311156.258
311197.915
311239.575
311281.234
311322.895
311364.557
311406.214
311447.874
311489.532
311531.194
311572.854
311614.513
311656.173
311697.833
311739.493
311781.154
311822.813
311864.471
311906.131
311947.790
311989.454
312031.109
312072.771
312114.430
312156.090
312197.751
312239.409
312281.067
312322.730
312364.388
312406.046
312447.709
312489.366
312531.027
312572.685
312614.346
312656.008
312697.667
312739.326
312780.986
312822.644
312864.305
312905.964
312947.624
312989.284
313030.943
313072.603
313114.264
313155.921
313197.583
313239.243
313280.903
313322.562
313364.221
313405.882
313447.542
313489.201
313530.860
313572.520
313614.179
313655.838
313697.498
313739.160
313780.819
313822.479
313864.136
313905.796
313947.458
313989.121
314030.775
314072.435
314114.094
314155.755
314197.415
314239.075
314280.733
314322.393
314364.056
314405.716
314447.375
314489.032
314530.693
314572.352
314614.013
314655.673
314697.332
314738.992
314780.652
314822.311
314863.971
314905.633
314947.290
314988.948
315030.611
315072.269
315113.929
315155.599
315197.247
