0.000
41.667
83.331
124.998
166.663
208.329
249.993
291.660
333.323
374.990
416.656
458.321
499.987
541.651
583.317
624.982
666.650
708.315
749.980
791.644
833.311
874.976
916.642
958.307
999.973
1041.637
1083.302
1124.967
1166.634
1208.299
1249.966
1291.629
1333.296
1374.961
1416.627
1458.291
1499.959
1541.622
1583.290
1624.953
1666.624
1708.289
1749.951
1791.617
1833.282
1874.947
1916.613
1958.279
1999.944
2041.609
2083.273
2124.939
2166.606
2208.273
2249.936
2291.603
2333.266
2374.934
2416.597
2458.264
2499.928
2541.595
2583.258
2624.926
2666.593
2708.261
2749.923
2791.586
2833.252
2874.917
2916.584
2958.248
2999.913
3041.579
3083.244
3124.910
3166.575
3208.241
3249.906
3291.572
3333.238
3374.902
3416.568
3458.233
3499.900
3541.565
3583.230
3624.895
3666.566
3708.228
3749.893
3791.559
3833.223
3874.890
3916.555
3958.221
3999.885
4041.551
4083.215
4124.882
4166.547
4208.212
4249.878
4291.543
4333.208
4374.874
4416.539
4458.206
4499.869
4541.536
4583.200
4624.867
4666.537
4708.204
4749.864
4791.530
4833.195
4874.861
4916.525
4958.191
4999.856
5041.522
5083.186
5124.855
5166.518
5208.184
5249.848
5291.514
5333.180
5374.845
5416.509
5458.178
5499.841
5541.508
5583.173
5624.840
5666.506
5708.168
5749.834
5791.500
5833.165
5874.831
5916.495
5958.161
5999.827
6041.491
6083.158
6124.824
6166.488
6208.154
6249.820
6291.484
6333.150
6374.815
6416.481
6458.146
6499.812
6541.478
6583.143
6624.808
6666.479
6708.147
6749.805
6791.471
6833.138
6874.802
6916.468
6958.133
6999.799
7041.463
7083.129
7124.795
7166.460
7208.124
7249.790
7291.455
7333.120
7374.786
7416.452
7458.118
7499.783
7541.450
7583.113
7624.780
7666.446
7708.117
7749.777
7791.442
7833.108
7874.773
7916.440
7958.105
7999.769
8041.433
8083.104
8124.764
8166.431
8208.095
8249.762
8291.427
8333.092
8374.756
8416.423
8458.089
8499.753
8541.419
8583.084
8624.749
8666.418
8708.087
8749.749
8791.414
8833.079
8874.745
8916.410
8958.076
8999.742
9041.405
9083.072
9124.737
9166.403
9208.066
9249.734
9291.398
9333.065
9374.729
9416.395
9458.059
9499.726
9541.394
9583.058
9624.721
9666.389
9708.059
9749.720
9791.384
9833.050
9874.715
9916.381
9958.047
9999.714
10041.377
10083.042
10124.709
10166.368
10208.038
10249.702
10291.363
10333.028
10374.700
10416.366
10458.031
10499.696
10541.361
10583.026
10624.692
10666.361
10708.031
10749.690
10791.356
10833.021
10874.687
10916.351
10958.017
10999.683
11041.346
11083.012
11124.679
11166.344
11208.008
11249.674
11291.339
11333.007
11374.671
11416.336
11458.001
11499.668
11541.333
11582.999
11624.663
11666.333
11707.999
11749.662
11791.327
11832.993
11874.657
11916.323
11957.989
11999.654
12041.319
12082.985
12124.651
12166.314
12207.981
12249.646
12291.313
12332.975
12374.641
12416.307
12457.973
12499.638
12541.304
12582.970
12624.636
12666.305
12707.971
12749.632
12791.297
12832.964
12874.629
12916.294
12957.960
12999.625
13041.289
13082.955
13124.619
13166.285
13207.952
13249.616
13291.281
13332.949
13374.614
13416.279
13457.944
13499.610
13541.275
13582.940
13624.605
13666.274
13707.942
13749.603
13791.269
13832.935
13874.601
13916.265
13957.931
13999.597
14041.260
14082.927
14124.591
14166.256
14207.922
14249.589
14291.253
14332.920
14374.585
14416.251
14457.915
14499.582
14541.245
14582.912
14624.576
14666.245
14707.914
14749.574
14791.240
14832.906
14874.572
14916.236
14957.903
14999.567
15041.231
15082.897
15124.564
15166.229
15207.895
15249.558
15291.224
15332.890
15374.556
15416.221
15457.888
15499.551
15541.218
15582.883
15624.548
15666.217
15707.885
15749.545
15791.210
15832.875
15874.541
15916.206
15957.871
15999.538
16041.202
16082.869
16124.534
16166.199
16207.864
16249.529
16291.196
16332.861
16374.528
16416.191
16457.859
16499.524
16541.189
16582.854
16624.520
16666.185
16707.852
16749.515
16791.182
16832.848
16874.514
16916.178
16957.844
16999.508
17041.173
17082.840
17124.505
17166.170
17207.835
17249.502
17291.167
17332.833
17374.498
17416.164
17457.828
17499.495
17541.159
17582.826
17624.490
17666.159
17707.850
17749.489
17791.153
17832.819
17874.485
17916.150
17957.815
17999.480
18041.144
18082.811
18124.476
18166.143
18207.807
18249.475
18291.138
18332.805
18374.469
18416.135
18457.799
18499.467
18541.130
18582.798
18624.461
18666.129
18707.794
18749.460
18791.125
18832.791
18874.456
18916.121
18957.787
18999.452
19041.116
19082.783
19124.447
19166.114
19207.778
19249.444
19291.109
19332.776
19374.440
19416.107
19457.771
19499.438
19541.102
19582.769
19624.432
19666.102
19707.769
19749.431
19791.097
19832.761
19874.427
19916.093
19957.758
19999.424
20041.087
20082.752
20124.420
20166.083
20207.750
20249.414
20291.081
20332.745
20374.413
20416.076
20457.743
20499.407
20541.073
20582.740
20624.405
20666.071
20707.737
20749.402
20791.067
20832.733
20874.413
20916.064
20957.729
20999.393
21041.058
21082.723
21124.391
21166.055
21207.722
21249.385
21291.051
21332.717
21374.383
21416.047
21457.714
21499.378
21541.046
21582.711
21624.376
21666.043
21707.711
21749.373
21791.039
21832.704
21874.369
21916.034
21957.700
21999.365
22041.032
22082.696
22124.362
22166.026
22207.691
22249.356
22291.022
22332.687
22374.353
22416.019
22457.684
22499.351
22541.017
22582.681
22624.346
22666.015
22707.684
22749.343
22791.010
22832.676
22874.341
22916.005
22957.671
22999.335
23041.002
23082.666
23124.332
23165.998
23207.663
23249.328
23290.994
23332.659
23374.326
23415.990
23457.655
23499.321
23540.987
23582.652
23624.318
23665.986
23707.654
23749.315
23790.979
23832.646
23874.311
23915.976
23957.642
23999.308
24040.972
24082.637
24124.303
24165.967
24207.635
24249.299
24290.965
24332.631
24374.296
24415.962
24457.626
24499.291
24540.958
24582.624
24624.289
24665.958
24707.625
24749.286
24790.951
24832.617
24874.281
24915.946
24957.612
24999.277
25040.943
25082.609
25124.274
25165.940
25207.605
25249.269
25290.937
25332.600
25374.268
25415.931
25457.598
25499.264
25540.929
25582.594
25624.259
25665.928
25707.594
25749.256
25790.922
25832.589
25874.254
25915.919
25957.585
25999.250
26040.914
26082.580
26124.245
26165.911
26207.577
26249.242
26290.907
26332.574
26374.237
26415.904
26457.569
26499.233
26540.899
26582.566
26624.230
26665.900
26707.569
26749.228
26790.894
26832.560
26874.225
26915.891
26957.555
26999.219
27040.885
27082.550
27124.217
27165.881
27207.547
27249.214
27290.878
27332.545
27374.210
27415.875
27457.540
27499.205
27540.872
27582.537
27624.203
27665.869
27707.538
27749.201
27790.865
27832.530
27874.195
27915.861
27957.527
27999.191
28040.857
28082.522
28124.188
28165.854
28207.518
28249.184
28290.850
28332.516
28374.180
28415.847
28457.511
28499.175
28540.842
28582.507
28624.173
28665.842
28707.512
28749.172
28790.837
28832.502
28874.168
28915.832
28957.498
28999.162
29040.829
29082.493
29124.162
29165.825
29207.491
29249.156
29290.821
29332.487
29374.153
29415.816
29457.483
29499.148
29540.813
29582.479
29624.144
29665.814
29707.481
29749.142
29790.806
29832.472
29874.137
29915.803
29957.469
29999.133
30040.799
30082.465
30124.131
30165.796
30207.461
30249.125
30290.786
30332.456
30374.122
30415.787
30457.454
30499.118
30540.784
30582.449
30624.116
30665.783
30707.455
30749.114
30790.776
30832.445
30874.103
30915.768
30957.439
30999.099
31040.765
31082.430
31124.101
31165.768
31207.432
31249.097
31290.763
31332.431
31374.093
31415.760
31457.425
31499.091
31540.756
31582.422
31624.087
31665.757
31707.424
31749.083
31790.749
31832.416
31874.080
31915.747
31957.412
31999.076
32040.741
32082.408
32124.073
32165.739
32207.403
32249.068
32290.734
32332.398
32374.065
32415.730
32457.397
32499.062
32540.728
32582.394
32624.058
32665.726
32707.394
32749.056
32790.720
32832.387
32874.051
32915.716
32957.382
32999.046
33040.712
33082.380
33124.045
33165.711
33207.375
33249.041
33290.705
33332.371
33374.037
33415.702
33457.368
33499.032
33540.699
33582.365
33624.030
33665.698
33707.362
33749.028
33790.693
33832.359
33874.024
33915.689
33957.355
33999.018
34040.685
34082.349
34124.017
34165.680
34207.347
34249.011
34290.678
34332.342
34374.008
34415.673
34457.339
34499.004
34540.672
34582.336
34624.002
34665.668
34707.335
34748.997
34790.662
34832.329
34873.994
34915.660
34957.324
34998.989
35040.656
35082.320
35123.986
35165.652
35207.318
35248.982
35290.649
35332.315
35373.980
35415.644
35457.311
35498.975
35540.640
35582.308
35623.972
35665.640
35707.312
35748.970
35790.634
35832.301
35873.965
35915.631
35957.296
35998.961
36040.627
36082.292
36123.960
36165.622
36207.289
36248.954
36290.620
36332.285
36373.949
36415.616
36457.280
36498.946
36540.613
36582.277
36623.944
36665.618
36707.280
36748.941
36790.606
36832.272
36873.938
36915.602
36957.268
36998.932
37040.598
37082.263
37123.930
37165.594
37207.260
37248.925
37290.585
37332.250
37373.917
37415.586
37457.254
37498.917
37540.583
37582.250
37623.914
37665.582
37707.254
37748.912
37790.577
37832.242
37873.908
37915.573
37957.239
37998.903
38040.569
38082.235
38123.902
38165.565
38207.231
38248.896
38290.564
38332.227
38373.894
38415.557
38457.223
38498.888
38540.554
38582.220
38623.885
38665.552
38707.214
38748.884
38790.548
38832.214
38873.879
38915.544
38957.210
38998.873
39040.540
39082.207
39123.873
39165.537
39207.204
39248.866
39290.532
39332.197
39373.864
39415.528
39457.195
39498.860
39540.528
39582.192
39623.858
39665.525
39707.193
39748.854
39790.521
39832.186
39873.851
39915.516
39957.180
39998.846
40040.511
40082.178
40123.843
40165.508
40207.175
40248.839
40290.503
40332.169
40373.835
40415.499
40457.165
40498.831
40540.497
40582.163
40623.829
40665.495
40707.167
40748.827
40790.490
40832.158
40873.825
40915.486
40957.153
40998.817
41040.483
41082.148
41123.815
41165.479
41207.146
41248.809
41290.476
41332.140
41373.805
41415.471
41457.136
41498.802
41540.468
41582.133
41623.800
41665.468
41707.138
41748.797
41790.462
41832.129
41873.793
41915.458
41957.123
41998.789
42040.455
42082.120
42123.786
42165.450
42207.116
42248.780
42290.448
42332.111
42373.778
42415.442
42457.109
42498.775
42540.440
42582.105
42623.770
42665.439
42707.111
42748.769
42790.436
42832.100
42873.764
42915.430
42957.095
42998.759
43040.425
43082.091
43123.758
43165.422
43207.089
43248.752
43290.419
43332.083
43373.749
43415.414
43457.080
43498.745
43540.413
43582.077
43623.743
43665.411
43707.077
43748.739
43790.405
43832.072
43873.736
43915.402
43957.067
43998.732
44040.397
44082.062
44123.729
44165.394
44207.058
44248.725
44290.389
44332.055
44373.720
44415.385
44457.051
44498.716
44540.382
44582.048
44623.714
44665.380
44707.045
44748.711
44790.377
44832.042
44873.707
44915.372
44957.038
44998.701
45040.367
45082.033
45123.700
45165.364
45207.031
45248.694
45290.360
45332.025
45373.691
45415.358
45457.022
45498.688
45540.354
45582.021
45623.685
45665.359
45707.020
45748.683
45790.347
45832.013
45873.678
45915.343
45957.008
45998.674
46040.339
46082.004
46123.671
46165.335
46207.002
46248.668
46290.333
46331.997
46373.663
46415.329
46456.994
46498.660
46540.326
46581.991
46623.656
46665.327
46706.995
46748.654
46790.320
46831.984
46873.650
46915.314
46956.981
46998.645
47040.311
47081.976
47123.641
47165.306
47206.972
47248.637
47290.303
47331.967
47373.634
47415.301
47456.966
47498.631
47540.296
47581.961
47623.628
47665.294
47706.966
47748.625
47790.291
47831.956
47873.621
47915.287
47956.951
47998.616
48040.281
48081.948
48123.614
48165.277
48206.943
48248.610
48290.275
48331.940
48373.606
48415.271
48456.937
48498.607
48540.267
48581.933
48623.598
48665.265
48706.931
48748.596
48790.261
48831.927
48873.593
48915.256
48956.923
48998.587
49040.253
49081.919
49123.585
49165.250
49206.916
49248.580
49290.248
49331.911
49373.578
49415.242
49456.907
49498.573
49540.239
49581.903
49623.570
49665.238
49706.917
49748.568
49790.233
49831.898
49873.564
49915.229
49956.895
49998.558
50040.226
50081.889
50123.559
50165.220
50206.888
50248.551
50290.219
50331.882
50373.550
50415.215
50456.879
50498.546
50540.211
50581.875
50623.543
50665.209
50706.877
50748.539
50790.204
50831.870
50873.535
50915.201
50956.866
50998.530
51040.197
51081.860
51123.528
51165.192
51206.859
51248.523
51290.190
51331.853
51373.521
51415.185
51456.852
51498.518
51540.183
51581.849
51623.513
51665.180
51706.847
51748.510
51790.175
51831.840
51873.507
51915.172
51956.837
51998.501
52040.168
52081.832
52123.499
52165.162
52206.830
52248.493
52290.161
52331.825
52373.492
52415.155
52456.823
52498.489
52540.152
52581.819
52623.485
52665.151
52706.819
52748.482
52790.146
52831.812
52873.478
52915.144
52956.808
52998.472
53040.139
53081.803
53123.471
53165.135
53206.802
53248.465
53290.132
53331.796
53373.463
53415.127
53456.794
53498.460
53540.126
53581.789
53623.456
53665.124
53706.791
53748.452
53790.118
53831.784
53873.449
53915.114
53956.780
53998.444
54040.111
54081.775
54123.442
54165.106
54206.773
54248.436
54290.104
54331.768
54373.435
54415.098
54456.766
54498.431
54540.096
54581.762
54623.425
54665.094
54706.765
54748.424
54790.090
54831.755
54873.420
54915.086
54956.751
54998.415
55040.082
55081.746
55123.413
55165.078
55206.745
55248.407
55290.075
55331.739
55373.406
55415.070
55456.737
55498.402
55540.068
55581.733
55623.399
55665.065
55706.730
55748.395
55790.062
55831.726
55873.392
55915.058
55956.722
55998.386
56040.053
56081.717
56123.385
56165.048
56206.715
56248.379
56290.045
56331.710
56373.378
56415.041
56456.707
56498.371
56540.037
56581.703
56623.369
56665.037
56706.705
56748.366
56790.032
56831.698
56873.363
56915.028
56956.694
56998.358
57040.024
57081.690
57123.355
57165.021
57206.685
57248.350
57290.019
57331.680
57373.348
57415.012
57456.678
57498.344
57540.011
57581.676
57623.340
57665.009
57706.678
57748.337
57790.004
57831.668
57873.334
57914.998
57956.663
57998.330
58039.995
58081.661
58123.325
58164.991
58206.657
58248.322
58289.987
58331.654
58373.320
58414.984
58456.651
58498.314
58539.980
58581.645
58623.311
58664.981
58706.644
58748.308
58789.975
58831.640
58873.307
58914.969
58956.634
58998.301
59039.966
59081.630
59123.296
59164.963
59206.629
59248.294
59289.960
59331.623
59373.291
59414.956
59456.621
59498.287
59539.951
59581.618
59623.283
59664.951
59706.622
59748.281
59789.946
59831.612
59873.275
59914.942
59956.607
59998.272
60039.937
60081.602
60123.269
60164.933
60206.600
60248.264
60289.931
60331.595
60373.261
60414.926
60456.594
60498.258
60539.924
60581.589
60623.254
60664.923
60706.594
60748.251
60789.917
60831.582
60873.247
60914.912
60956.577
60998.243
61039.909
61081.575
61123.239
61164.906
61206.570
61248.235
61289.901
61331.566
61373.233
61414.899
61456.563
61498.229
61539.896
61581.561
61623.226
61664.893
61706.563
61748.222
61789.887
61831.553
61873.220
61914.885
61956.549
61998.216
62039.880
62081.545
62123.211
62164.876
62206.543
62248.208
62289.874
62331.539
62373.203
62414.868
62456.534
62498.199
62539.865
62581.531
62623.197
62664.864
62706.534
62748.194
62789.859
62831.526
62873.190
62914.855
62956.520
62998.185
63039.851
63081.516
63123.182
63164.849
63206.513
63248.178
63289.845
63331.508
63373.175
63414.841
63456.505
63498.170
63539.837
63581.502
63623.168
63664.836
63706.508
63748.166
63789.830
63831.497
63873.162
63914.826
63956.493
63998.157
64039.821
64081.488
64123.153
64164.818
64206.484
64248.149
64289.817
64331.480
64373.146
64414.811
64456.477
64498.142
64539.808
64581.474
64623.139
64664.807
64706.479
64748.136
64789.802
64831.468
64873.132
64914.799
64956.464
64998.128
65039.794
65081.461
65123.125
65164.790
65206.456
65248.121
65289.786
65331.453
65373.119
65414.784
65456.448
65498.115
65539.780
65581.445
65623.110
65664.779
65706.448
65748.108
65789.773
65831.439
65873.103
65914.768
65956.434
65998.100
66039.764
66081.431
66123.096
66164.762
66206.426
66248.091
66289.757
66331.423
66373.089
66414.753
66456.419
66498.084
66539.751
66581.417
66623.081
66664.750
66706.420
66748.079
66789.745
66831.413
66873.076
66914.741
66956.406
66998.072
67039.736
67081.402
67123.067
67164.734
67206.400
67248.064
67289.730
67331.395
67373.060
67414.726
67456.391
67498.058
67539.722
67581.387
67623.053
67664.721
67706.393
67748.051
67789.717
67831.383
67873.048
67914.713
67956.378
67998.042
68039.708
68081.373
68123.040
68164.704
68206.369
68248.034
68289.701
68331.360
68373.030
68414.691
68456.357
68498.022
68539.694
68581.353
68623.025
68664.686
68706.359
68748.022
68789.687
68831.353
68873.018
68914.683
68956.350
68998.013
69039.680
69081.343
69123.011
69164.676
69206.340
69248.006
69289.673
69331.336
69373.004
69414.667
69456.335
69498.000
69539.664
69581.331
69622.997
69664.664
69706.335
69747.993
69789.658
69831.324
69872.989
69914.653
69956.320
69997.984
70039.650
70081.315
70122.981
70164.646
70206.313
70247.976
70289.643
70331.309
70372.973
70414.639
70456.304
70497.970
70539.636
70581.300
70622.968
70664.634
70706.308
70747.968
70789.630
70831.296
70872.961
70914.627
70956.293
70997.956
71039.622
71081.286
71122.953
71164.617
71206.284
71247.949
71289.614
71331.279
71372.946
71414.610
71456.277
71497.941
71539.607
71581.274
71622.939
71664.606
71706.277
71747.936
71789.601
71831.267
71872.933
71914.598
71956.264
71997.927
72039.595
72081.258
72122.925
72164.589
72206.256
72247.919
72289.587
72331.250
72372.918
72414.582
72456.249
72497.913
72539.580
72581.246
72622.911
72664.576
72706.238
72747.907
72789.573
72831.238
72872.905
72914.570
72956.234
72997.898
73039.566
73081.229
73122.896
73164.560
73206.227
73247.892
73289.559
73331.222
73372.889
73414.553
73456.220
73497.884
73539.551
73581.217
73622.882
73664.549
73706.218
73747.879
73789.544
73831.210
73872.875
73914.540
73956.206
73997.870
74039.537
74081.201
74122.869
74164.532
74206.199
74247.862
74289.530
74331.193
74372.861
74414.525
74456.192
74497.855
74539.523
74581.188
74622.853
74664.522
74706.191
74747.850
74789.516
74831.181
74872.847
74914.510
74956.176
74997.842
75039.506
75081.172
75122.833
75164.504
75206.169
75247.835
75289.499
75331.166
75372.830
75414.497
75456.161
75497.829
75539.492
75581.158
75622.824
75664.490
75706.161
75747.821
75789.486
75831.153
75872.818
75914.482
75956.149
75997.814
76039.479
76081.144
76122.810
76164.475
76206.141
76247.806
76289.472
76331.136
76372.803
76414.468
76456.134
76497.797
76539.463
76581.129
76622.795
76664.463
76706.130
76747.791
76789.457
76831.123
76872.788
76914.454
76956.119
76997.785
77039.450
77081.115
77122.781
77164.445
77206.111
77247.777
77289.443
77331.108
77372.774
77414.439
77456.105
77497.771
77539.435
77581.101
77622.766
77664.434
77706.099
77747.765
77789.428
77831.094
77872.760
77914.424
77956.091
77997.755
78039.420
78081.085
78122.752
78164.418
78206.084
78247.748
78289.415
78331.079
78372.745
78414.411
78456.076
78497.742
78539.408
78581.071
78622.738
78664.405
78706.070
78747.734
78789.401
78831.066
78872.732
78914.397
78956.061
78997.727
79039.393
79081.057
79122.724
79164.388
79206.054
79247.720
79289.385
79331.050
79372.717
79414.380
79456.048
79497.713
79539.377
79581.044
79622.707
79664.377
79706.050
79747.706
79789.372
79831.037
79872.703
79914.367
79956.032
79997.698
80039.363
80081.030
80122.693
80164.361
80206.025
80247.690
80289.356
80331.022
80372.688
80414.353
80456.019
80497.684
80539.349
80581.014
80622.680
80664.350
80706.018
80747.678
80789.344
80831.009
80872.674
80914.338
80956.004
80997.670
81039.335
81081.001
81122.666
81164.330
81205.998
81247.663
81289.329
81330.994
81372.659
81414.323
81455.990
81497.656
81539.320
81580.987
81622.650
81664.319
81705.988
81747.650
81789.313
81830.980
81872.647
81914.310
81955.976
81997.641
82039.306
82080.972
82122.636
82164.303
82205.969
82247.633
82289.300
82330.965
82372.629
82414.296
82455.962
82497.627
82539.293
82580.958
82622.623
82664.291
82705.963
82747.621
82789.286
82830.952
82872.617
82914.282
82955.947
82997.612
83039.278
83080.942
83122.609
83164.275
83205.940
83247.605
83289.270
83330.936
83372.602
83414.267
83455.932
83497.599
83539.263
83580.929
83622.594
83664.262
83705.932
83747.591
83789.257
83830.924
83872.589
83914.254
83955.918
83997.583
84039.249
84080.914
84122.579
84164.246
84205.910
84247.575
84289.241
84330.906
84372.572
84414.239
84455.903
84497.570
84539.234
84580.900
84622.566
84664.233
84705.903
84747.563
84789.228
84830.896
84872.560
84914.224
84955.890
84997.555
85039.221
85080.885
85122.552
85164.217
85205.882
85247.548
85289.213
85330.878
85372.545
85414.210
85455.875
85497.541
85539.205
85580.872
85622.536
85664.204
85705.869
85747.534
85789.199
85830.866
85872.529
85914.194
85955.861
85997.527
86039.192
86080.856
86122.522
86164.188
86205.854
86247.518
86289.184
86330.851
86372.517
86414.182
86455.846
86497.512
86539.178
86580.844
86622.507
86664.176
86705.847
86747.506
86789.172
86830.837
86872.503
86914.168
86955.833
86997.497
87039.163
87080.828
87122.494
87164.159
87205.826
87247.491
87289.155
87330.821
87372.486
87414.151
87455.817
87497.484
87539.150
87580.816
87622.479
87664.148
87705.819
87747.477
87789.141
87830.809
87872.473
87914.137
87955.804
87997.468
88039.134
88080.799
88122.465
88164.130
88205.796
88247.461
88289.128
88330.792
88372.458
88414.123
88455.788
88497.453
88539.120
88580.785
88622.450
88664.119
88705.787
88747.448
88789.112
88830.778
88872.444
88914.109
88955.774
88997.439
89039.104
89080.770
89122.436
89164.101
89205.767
89247.432
89289.092
89330.764
89372.423
89414.093
89455.759
89497.424
89539.090
89580.758
89622.423
89664.088
89705.755
89747.418
89789.083
89830.750
89872.414
89914.081
89955.747
89997.412
90039.077
90080.743
90122.409
90164.073
90205.738
90247.404
90289.071
90330.735
90372.401
90414.065
90455.731
90497.398
90539.063
90580.727
90622.393
90664.063
90705.729
90747.391
90789.057
90830.723
90872.387
90914.052
90955.717
90997.382
91039.049
91080.713
91122.380
91164.045
91205.711
91247.376
91289.041
91330.707
91372.371
91414.037
91455.703
91497.369
91539.034
91580.699
91622.366
91664.033
91705.706
91747.361
91789.027
91830.694
91872.358
91914.024
91955.688
91997.354
92039.020
92080.685
92122.352
92164.017
92205.681
92247.347
92289.014
92330.678
92372.344
92414.009
92455.675
92497.339
92539.005
92580.671
92622.337
92664.005
92705.672
92747.332
92788.997
92830.664
92872.330
92913.996
92955.659
92997.324
93038.990
93080.655
93122.323
93163.987
93205.653
93247.317
93288.983
93330.650
93372.315
93413.980
93455.646
93497.311
93538.976
93580.642
93622.307
93663.975
93705.644
93747.305
93788.970
93830.634
93872.300
93913.965
93955.632
93997.296
94038.962
94080.626
94122.293
94163.959
94205.625
94247.290
94288.956
94330.619
94372.285
94413.952
94455.618
94497.283
94538.948
94580.613
94622.272
94663.941
94705.610
94747.275
94788.942
94830.607
94872.272
94913.936
94955.603
94997.268
95038.934
95080.598
95122.265
95163.929
95205.596
95247.262
95288.925
95330.593
95372.257
95413.923
95455.589
95497.254
95538.918
95580.585
95622.251
95663.919
95705.589
95747.247
95788.913
95830.579
95872.244
95913.910
95955.573
95997.239
96038.905
96080.570
96122.235
96163.902
96205.566
96247.233
96288.897
96330.564
96372.229
96413.893
96455.558
96497.225
96538.890
96580.557
96622.221
96663.889
96705.561
96747.219
96788.884
96830.550
96872.215
96913.880
96955.546
96997.212
97038.876
97080.541
97122.208
97163.873
97205.539
97247.203
97288.868
97330.535
97372.200
97413.866
97455.532
97497.197
97538.862
97580.528
97622.192
97663.863
97705.527
97747.190
97788.856
97830.522
97872.188
97913.852
97955.518
97997.181
98038.848
98080.514
98122.179
98163.844
98205.511
98247.175
98288.840
98330.506
98372.172
98413.838
98455.502
98497.169
98538.834
98580.499
98622.165
98663.834
98705.497
98747.162
98788.828
98830.494
98872.159
98913.823
98955.490
98997.154
99038.820
99080.484
99122.151
99163.816
99205.480
99247.146
99288.813
99330.478
99372.143
99413.808
99455.474
99497.139
99538.805
99580.470
99622.136
99663.804
99705.468
99747.134
99788.798
99830.464
99872.129
99913.795
99955.460
99997.125
100038.790
100080.454
100122.122
100163.787
100205.453
100247.117
100288.784
100330.449
100372.114
100413.780
100455.444
100497.110
100538.775
100580.441
100622.107
100663.775
100705.449
100747.105
100788.769
100830.436
100872.101
100913.765
100955.431
100997.097
101038.761
101080.427
101122.092
101163.758
101205.424
101247.090
101288.754
101330.421
101372.086
101413.751
101455.417
101497.082
101538.748
101580.414
101622.078
101663.747
101705.415
101747.076
101788.740
101830.407
101872.072
101913.737
101955.403
101997.066
102038.733
102080.398
102122.064
102163.729
102205.395
102247.059
102288.726
102330.391
102372.057
102413.723
102455.386
102497.052
102538.718
102580.384
102622.049
102663.718
102705.387
102747.047
102788.713
102830.379
102872.044
102913.708
102955.373
102997.039
103038.705
103080.369
103122.035
103163.701
103205.366
103247.032
103288.696
103330.363
103372.027
103413.693
103455.359
103497.024
103538.689
103580.356
103622.021
103663.689
103705.360
103747.018
103788.683
103830.350
103872.015
103913.680
103955.345
103997.009
104038.676
104080.340
104122.007
104163.672
104205.338
104247.005
104288.668
104330.333
104371.999
104413.664
104455.330
104496.995
104538.662
104580.326
104621.993
104663.660
104705.325
104746.991
104788.655
104830.321
104871.986
104913.650
104955.317
104996.982
105038.646
105080.311
105121.977
105163.644
105205.309
105246.976
105288.639
105330.304
105371.969
105413.635
105455.302
105496.969
105538.632
105580.298
105621.965
105663.631
105705.303
105746.962
105788.625
105830.292
105871.958
105913.622
105955.289
105996.954
106038.618
106080.284
106121.950
106163.615
106205.282
106246.947
106288.612
106330.275
106371.943
106413.608
106455.272
106496.938
106538.606
106580.269
106621.935
106663.604
106705.271
106746.933
106788.598
106830.264
106871.929
106913.593
106955.258
106996.923
107038.591
107080.255
107121.920
107163.586
107205.251
107246.917
107288.581
107330.248
107371.913
107413.578
107455.245
107496.911
107538.577
107580.241
107621.908
107663.576
107705.241
107746.904
107788.569
107830.236
107871.900
107913.565
107955.232
107996.895
108038.561
108080.226
108121.893
108163.557
108205.223
108246.888
108288.555
108330.219
108371.885
108413.550
108455.215
108496.881
108538.548
108580.213
108621.878
108663.546
108705.215
108746.875
108788.541
108830.207
108871.871
108913.535
108955.203
108996.867
109038.532
109080.198
109121.863
109163.528
109205.194
109246.859
109288.525
109330.190
109371.857
109413.521
109455.187
109496.852
109538.519
109580.184
109621.851
109663.518
109705.181
109746.847
109788.511
109830.178
109871.842
109913.508
109955.174
109996.838
110038.504
110080.169
110121.836
110163.500
110205.166
110246.831
110288.497
110330.161
110371.827
110413.493
110455.158
110496.824
110538.490
110580.155
110621.821
110663.489
110705.159
110746.818
110788.483
110830.148
110871.814
110913.480
110955.145
110996.810
111038.475
111080.140
111121.807
111163.471
111205.137
111246.802
111288.467
111330.133
111371.799
111413.464
111455.131
111496.795
111538.462
111580.128
111621.792
111663.460
111705.129
111746.790
111788.455
111830.120
111871.784
111913.451
111955.117
111996.780
112038.448
112080.111
112121.778
112163.443
112205.110
112246.773
112288.441
112330.104
112371.772
112413.435
112455.103
112496.768
112538.434
112580.099
112621.765
112663.433
112705.098
112746.763
112788.427
112830.092
112871.758
112913.421
112955.088
112996.752
113038.419
113080.083
113121.750
113163.414
113205.081
113246.744
113288.411
113330.076
113371.743
113413.407
113455.074
113496.739
113538.405
113580.070
113621.736
113663.403
113705.075
113746.731
113788.397
113830.063
113871.729
113913.394
113955.058
113996.724
114038.389
114080.054
114121.721
114163.385
114205.051
114246.716
114288.381
114330.046
114371.712
114413.377
114455.044
114496.709
114538.374
114580.040
114621.706
114663.375
114705.044
114746.703
114788.370
114830.035
114871.700
114913.365
114955.030
114996.695
115038.362
115080.025
115121.693
115163.356
115205.023
115246.687
115288.353
115330.019
115371.686
115413.350
115455.016
115496.682
115538.347
115580.012
115621.678
115663.345
115705.016
115746.674
115788.339
115830.006
115871.671
115913.335
115955.001
115996.666
116038.332
116079.996
116121.665
116163.328
116204.993
116246.658
116288.325
116329.990
116371.655
116413.320
116454.986
116496.653
116538.317
116579.984
116621.649
116663.317
116704.988
116746.646
116788.312
116829.978
116871.643
116913.307
116954.974
116996.638
117038.304
117079.969
117121.634
117163.299
117204.967
117246.629
117288.295
117329.961
117371.627
117413.291
117454.957
117496.625
117538.289
117579.954
117621.619
117663.291
117704.960
117746.616
117788.281
117829.949
117871.613
117913.278
117954.945
117996.609
118038.276
118079.941
118121.606
118163.271
118204.936
118246.602
118288.267
118329.932
118371.599
118413.263
118454.929
118496.595
118538.261
118579.926
118621.592
118663.259
118704.928
118746.588
118788.254
118829.921
118871.585
118913.251
118954.915
118996.580
119038.246
119079.911
119121.577
119163.242
119204.907
119246.572
119288.238
119329.903
119371.571
119413.234
119454.901
119496.566
119538.232
119579.899
119621.564
119663.229
119704.895
119746.561
119788.226
119829.891
119871.556
119913.221
119954.886
119996.551
120038.217
120079.883
120121.547
120163.214
120204.878
120246.544
120288.210
120329.875
120371.541
120413.206
120454.871
120496.536
120538.202
120579.868
120621.533
120663.203
120704.871
120746.532
120788.196
120829.863
120871.528
120913.193
120954.857
120996.523
121038.188
121079.854
121121.519
121163.185
121204.849
121246.516
121288.180
121329.846
121371.513
121413.177
121454.843
121496.509
121538.175
121579.842
121621.506
121663.174
121704.844
121746.503
121788.169
121829.834
121871.500
121913.165
121954.830
121996.494
122038.160
122079.825
122121.491
122163.156
122204.822
122246.487
122288.153
122329.818
122371.483
122413.149
122454.814
122496.479
122538.147
122579.811
122621.477
122663.146
122704.816
122746.473
122788.140
122829.806
122871.470
122913.134
122954.800
122996.465
123038.130
123079.796
123121.462
123163.128
123204.794
123246.459
123288.126
123329.790
123371.456
123413.120
123454.786
123496.450
123538.116
123579.783
123621.447
123663.115
123704.781
123746.446
123788.110
123829.777
123871.442
123913.107
123954.773
123996.437
124038.104
124079.768
124121.434
124163.099
124204.765
124246.430
124288.096
124329.761
124371.427
124413.091
124454.758
124496.424
124538.087
124579.753
124621.419
124663.089
124704.757
124746.417
124788.083
124829.748
124871.414
124913.077
124954.743
124996.409
125038.074
125079.739
125121.406
125163.070
125204.736
125246.401
125288.067
125329.731
125371.396
125413.057
125454.729
125496.389
125538.054
125579.724
125621.390
125663.059
125704.718
125746.381
125788.049
125829.712
125871.384
125913.050
125954.714
125996.380
126038.045
126079.710
126121.377
126163.041
126204.706
126246.373
126288.037
126329.704
126371.369
126413.033
126454.699
126496.365
126538.031
126579.696
126621.362
126663.033
126704.699
126746.361
126788.023
126829.692
126871.356
126913.021
126954.686
126996.351
127038.018
127079.682
127121.348
127163.013
127204.679
127246.344
127288.009
127329.675
127371.340
127413.005
127454.671
127496.337
127538.004
127579.667
127621.335
127663.005
127704.669
127746.331
127787.996
127829.662
127871.326
127912.992
127954.657
127996.323
128037.989
128079.652
128121.320
128162.984
128204.649
128246.315
128287.982
128329.646
128371.312
128412.977
128454.643
128496.308
128537.975
128579.640
128621.306
128662.973
128704.649
128746.302
128787.969
128829.634
128871.298
128912.963
128954.630
128996.294
129037.960
129079.625
129121.291
129162.956
129204.622
129246.288
129287.953
129329.617
129371.284
129412.948
129454.614
129496.280
129537.946
129579.611
129621.277
129662.948
129704.616
129746.273
129787.939
129829.605
129871.269
129912.933
129954.606
129996.265
130037.931
130079.596
130121.262
130162.928
130204.594
130246.259
130287.925
130329.590
130371.254
130412.919
130454.585
130496.250
130537.916
130579.581
130621.247
130662.916
130704.590
130746.246
130787.911
130829.576
130871.242
130912.907
130954.571
130996.236
131037.902
131079.568
131121.234
131162.899
131204.565
131246.231
131287.895
131329.561
131371.227
131412.890
131454.558
131496.224
131537.889
131579.555
131621.219
131662.887
131704.554
131746.216
131787.882
131829.548
131871.212
131912.878
131954.544
131996.207
132037.874
132079.540
132121.204
132162.870
132204.534
132246.201
132287.866
132329.531
132371.196
132412.862
132454.527
132496.192
132537.860
132579.524
132621.191
132662.861
132704.528
132746.188
132787.853
132829.520
132871.184
132912.848
132954.514
132996.181
133037.844
133079.510
133121.177
133162.841
133204.507
133246.172
133287.837
133329.503
133371.170
133412.834
133454.501
133496.166
133537.830
133579.495
133621.160
133662.830
133704.497
133746.161
133787.825
133829.492
133871.155
133912.819
133954.484
133996.152
134037.818
134079.482
134121.147
134162.813
134204.479
134246.144
134287.809
134329.474
134371.139
134412.805
134454.470
134496.136
134537.802
134579.468
134621.134
134662.800
134704.465
134746.131
134787.796
134829.461
134871.127
134912.792
134954.457
134996.121
135037.789
135079.453
135121.119
135162.784
135204.451
135246.116
135287.781
135329.446
135371.111
135412.776
135454.443
135496.109
135537.774
135579.439
135621.106
135662.772
135704.444
135746.103
135787.768
135829.433
135871.098
135912.763
135954.429
135996.093
136037.760
136079.424
136121.089
136162.755
136204.421
136246.086
136287.753
136329.417
136371.084
136412.748
136454.416
136496.079
136537.746
136579.411
136621.076
136662.742
136704.412
136746.073
136787.738
136829.404
136871.069
136912.733
136954.399
136996.064
137037.731
137079.396
137121.061
137162.726
137204.394
137246.057
137287.726
137329.387
137371.054
137412.718
137454.386
137496.051
137537.715
137579.381
137621.047
137662.716
137704.387
137746.044
137787.709
137829.375
137871.041
137912.705
137954.372
137996.035
138037.703
138079.366
138121.033
138162.698
138204.365
138246.029
138287.695
138329.359
138371.025
138412.690
138454.357
138496.022
138537.687
138579.353
138621.019
138662.689
138704.355
138746.016
138787.680
138829.348
138871.013
138912.678
138954.343
138996.008
139037.674
139079.339
139121.005
139162.669
139204.335
139246.000
139287.667
139329.331
139370.998
139412.662
139454.328
139495.993
139537.658
139579.324
139620.989
139662.658
139704.323
139745.987
139787.652
139829.319
139870.984
139912.649
139954.313
139995.979
140037.644
140079.311
140120.975
140162.641
140204.306
140245.971
140287.639
140329.302
140370.963
140412.634
140454.298
140495.964
140537.629
140579.296
140620.961
140662.629
140704.294
140745.959
140787.624
140829.290
140870.956
140912.622
140954.286
140995.951
141037.617
141079.281
141120.946
141162.613
141204.278
141245.943
141287.608
141329.274
141370.939
141412.604
141454.272
141495.936
141537.602
141579.269
141620.932
141662.617
141704.271
141745.931
141787.595
141829.262
141870.926
141912.593
141954.257
141995.921
142037.588
142079.253
142120.918
142162.585
142204.250
142245.914
142287.580
142329.245
142370.911
142412.576
142454.244
142495.909
142537.574
142579.239
142620.904
142662.573
142704.240
142745.902
142787.567
142829.233
142870.898
142912.564
142954.228
142995.893
143037.558
143079.224
143120.889
143162.555
143204.222
143245.886
143287.553
143329.216
143370.884
143412.547
143454.214
143495.880
143537.545
143579.211
143620.876
143662.543
143704.214
143745.873
143787.539
143829.205
143870.870
143912.534
143954.200
143995.863
144037.530
144079.195
144120.863
144162.527
144204.193
144245.857
144287.523
144329.188
144370.854
144412.520
144454.185
144495.851
144537.517
144579.183
144620.848
144662.516
144704.193
144745.845
144787.510
144829.176
144870.841
144912.506
144954.171
144995.835
145037.501
145079.167
145120.833
145162.498
145204.165
145245.829
145287.494
145329.159
145370.824
145412.490
145454.156
145495.821
145537.487
145579.153
145620.818
145662.487
145704.159
145745.815
145787.481
145829.148
145870.810
145912.476
145954.143
145995.807
146037.473
146079.138
146120.803
146162.469
146204.136
146245.800
146287.466
146329.130
146370.796
146412.461
146454.127
146495.793
146537.460
146579.125
146620.790
146662.460
146704.123
146745.787
146787.453
146829.118
146870.783
146912.448
146954.114
146995.779
147037.444
147079.110
147120.776
147162.440
147204.107
147245.771
147287.437
147329.103
147370.769
147412.433
147454.098
147495.763
147537.430
147579.096
147620.760
147662.430
147704.094
147745.758
147787.422
147829.089
147870.753
147912.419
147954.083
147995.749
148037.416
148079.082
148120.746
148162.413
148204.079
148245.742
148287.409
148329.075
148370.740
148412.404
148454.072
148495.736
148537.402
148579.067
148620.732
148662.400
148704.073
148745.730
148787.394
148829.060
148870.725
148912.390
148954.055
148995.721
149037.386
149079.052
149120.717
149162.384
149204.049
149245.714
149287.381
149329.046
149370.710
149412.375
149454.043
149495.708
149537.372
149579.038
149620.703
149662.371
149704.040
149745.702
149787.366
149829.033
149870.697
149912.362
149954.029
149995.693
150037.358
150079.025
150120.689
150162.356
150204.020
150245.685
150287.352
150329.016
150370.682
150412.347
150454.014
150495.678
150537.343
150579.009
150620.674
150662.344
150704.020
150745.673
150787.337
150829.004
150870.669
150912.333
150953.999
150995.664
151037.332
151078.994
151120.662
151162.326
151203.992
151245.657
151287.323
151328.987
151370.655
151412.319
151453.986
151495.649
151537.316
151578.982
151620.646
151662.314
151703.978
151745.644
151787.308
151828.975
151870.640
151912.304
151953.972
151995.634
152037.301
152078.967
152120.631
152162.298
152203.965
152245.628
152287.295
152328.958
152370.625
152412.289
152453.955
152495.622
152537.287
152578.954
152620.618
152662.287
152703.951
152745.614
152787.281
152828.946
152870.611
152912.277
152953.942
152995.606
153037.272
153078.938
153120.604
153162.268
153203.935
153245.600
153287.266
153328.930
153370.595
153412.261
153453.928
153495.593
153537.258
153578.923
153620.588
153662.259
153703.931
153745.586
153787.251
153828.919
153870.583
153912.247
153953.913
153995.578
154037.244
154078.909
154120.576
154162.240
154203.907
154245.570
154287.237
154328.901
154370.568
154412.233
154453.900
154495.563
154537.229
154578.895
154620.560
154662.229
154703.899
154745.558
154787.224
154828.888
154870.553
154912.219
154953.884
154995.549
155037.214
155078.880
155120.547
155162.211
155203.878
155245.543
155287.208
155328.873
155370.541
155412.204
155453.871
155495.536
155537.202
155578.868
155620.533
155662.201
155703.865
155745.530
155787.194
155828.861
155870.526
155912.190
155953.856
155995.521
156037.188
156078.852
156120.518
156162.182
156203.848
156245.513
156287.180
156328.844
156370.512
156412.175
156453.842
156495.506
156537.173
156578.831
156620.502
156662.167
156703.830
156745.495
156787.165
156828.826
156870.491
156912.156
156953.822
156995.487
157037.154
157078.818
157120.490
157162.154
157203.820
157245.485
157287.152
157328.816
157370.483
157412.146
157453.813
157495.477
157537.143
157578.810
157620.476
157662.144
157703.811
157745.472
157787.137
157828.803
157870.468
157912.134
157953.799
157995.464
158037.130
158078.794
158120.461
158162.126
158203.792
158245.456
158287.123
158328.788
158370.453
158412.117
158453.785
158495.450
158537.115
158578.780
158620.447
158662.114
158703.779
158745.444
158787.109
158828.776
158870.441
158912.106
158953.772
158995.435
159037.103
159078.766
159120.434
159162.096
159203.765
159245.428
159287.095
159328.759
159370.426
159412.089
159453.757
159495.423
159537.088
159578.752
159620.417
159662.085
159703.755
159745.416
159787.081
159828.744
159870.412
159912.078
159953.743
159995.406
160037.074
160078.737
160120.404
160162.068
160203.736
160245.399
160287.066
160328.730
160370.397
160412.061
160453.729
160495.394
160537.060
160578.725
160620.388
160662.056
160703.730
160745.387
160787.052
160828.718
160870.383
160912.049
160953.714
160995.378
161037.045
161078.708
161120.376
161162.039
161203.707
161245.370
161287.038
161328.701
161370.369
161412.032
161453.699
161495.365
161537.031
161578.696
161620.361
161662.030
161703.701
161745.359
161787.024
161828.689
161870.355
161912.020
161953.686
161995.349
162037.016
162078.680
162120.348
162162.011
162203.678
162245.342
162287.009
162328.673
162370.340
162412.004
162453.673
162495.337
162537.002
162578.668
162620.333
162662.000
162703.665
162745.329
162786.995
162828.661
162870.326
162911.991
162953.657
162995.321
163036.986
163078.651
163120.316
163161.981
163203.648
163245.314
163286.980
163328.645
163370.309
163411.975
163453.642
163495.308
163536.972
163578.637
163620.305
163661.971
163703.642
163745.300
163786.964
163828.632
163870.296
163911.963
163953.628
163995.293
164036.957
164078.623
164120.287
164161.954
164203.620
164245.284
164286.952
164328.616
164370.280
164411.946
164453.612
164495.277
164536.945
164578.609
164620.274
164661.943
164703.614
164745.272
164786.936
164828.601
164870.267
164911.933
164953.597
164995.264
165036.928
165078.594
165120.261
165161.925
165203.591
165245.257
165286.922
165328.587
165370.252
165411.918
165453.583
165495.249
165536.916
165578.582
165620.247
165661.914
165703.578
165745.244
165786.910
165828.575
165870.241
165911.905
165953.571
165995.234
166036.900
166078.566
166120.231
166161.897
166203.562
166245.227
166286.893
166328.558
166370.223
166411.890
166453.555
166495.220
166536.888
166578.552
166620.218
166661.886
166703.555
166745.215
166786.881
166828.547
166870.212
166911.877
166953.542
166995.207
167036.871
167078.537
167120.203
167161.869
167203.533
167245.199
167286.864
167328.530
167370.195
167411.861
167453.527
167495.191
167536.857
167578.523
167620.189
167661.856
167703.521
167745.186
167786.852
167828.517
167870.182
167911.848
167953.513
167995.177
168036.843
168078.509
168120.175
168161.840
168203.505
168245.170
168286.837
168328.501
168370.166
168411.832
168453.499
168495.164
168536.831
168578.496
168620.161
168661.831
168703.501
168745.158
168786.824
168828.490
168870.154
168911.819
168953.484
168995.148
169036.813
169078.479
169120.145
169161.810
169203.476
169245.142
169286.806
169328.472
169370.138
169411.803
169453.469
169495.134
169536.800
169578.466
169620.132
169661.802
169703.469
169745.129
169786.793
169828.460
169870.125
169911.788
169953.455
169995.120
170036.785
170078.450
170120.116
170161.782
170203.449
170245.112
170286.780
170328.444
170370.111
170411.775
170453.441
170495.105
170536.772
170578.437
170620.102
170661.771
170703.452
170745.102
170786.766
170828.433
170870.097
170911.761
170953.426
170995.092
171036.756
171078.422
171120.089
171161.753
171203.419
171245.085
171286.749
171328.415
171370.082
171411.746
171453.411
171495.076
171536.742
171578.409
171620.074
171661.744
171703.412
171745.071
171786.736
171828.403
171870.069
171911.732
171953.398
171995.062
172036.728
172078.394
172120.058
172161.724
172203.390
172245.055
172286.722
172328.386
172370.053
172411.718
172453.384
172495.049
172536.715
172578.380
172620.045
172661.716
172703.384
172745.042
172786.707
172828.374
172870.039
172911.705
172953.371
172995.035
173036.700
173078.365
173120.031
173161.697
173203.363
173245.027
173286.692
173328.357
173370.023
173411.688
173453.354
173495.020
173536.686
173578.351
173620.016
173661.685
173703.349
173745.015
173786.679
173828.345
173870.011
173911.675
173953.341
173995.007
174036.672
174078.338
174120.003
174161.669
174203.334
174244.999
174286.665
174328.330
174369.995
174411.661
174453.327
174494.991
174536.659
174578.324
174619.989
174661.659
174703.327
174744.985
174786.650
174828.317
174869.981
174911.647
174953.312
174994.977
175036.644
175078.308
175119.975
175161.638
175203.305
175244.970
175286.637
175328.300
175369.966
175411.631
175453.298
175494.964
175536.627
175578.293
175619.961
175661.628
175703.298
175744.957
175786.622
175828.289
175869.954
175911.619
175953.284
175994.948
176036.614
176078.279
176119.945
176161.610
176203.277
176244.941
176286.606
176328.272
176369.939
176411.603
176453.271
176494.935
176536.600
176578.264
176619.931
176661.600
176703.270
176744.927
176786.593
176828.260
176869.925
176911.589
176953.254
176994.921
177036.585
177078.250
177119.916
177161.582
177203.247
177244.913
177286.577
177328.243
177369.911
177411.574
177453.241
177494.905
177536.571
177578.231
177619.901
177661.567
177703.241
177744.893
177786.565
177828.231
177869.896
177911.560
177953.226
177994.890
178036.556
178078.221
178119.887
178161.553
178203.220
178244.883
178286.549
178328.215
178369.882
178411.545
178453.211
178494.877
178536.543
178578.207
178619.873
178661.541
178703.211
178744.871
178786.536
178828.201
178869.866
178911.532
178953.197
178994.863
179036.528
179078.194
179119.858
179161.525
179203.191
179244.855
179286.521
179328.187
179369.851
179411.512
179453.183
179494.850
179536.514
179578.179
179619.845
179661.517
179703.186
179744.843
179786.508
179828.174
179869.838
179911.503
179953.170
179994.834
180036.499
180078.165
180119.831
180161.496
180203.163
180244.827
180286.493
180328.158
180369.823
180411.489
180453.155
180494.820
180536.487
180578.152
180619.817
180661.484
180703.150
180744.815
180786.479
180828.146
180869.810
180911.476
180953.141
180994.806
181036.471
181078.137
181119.803
181161.468
181203.133
181244.799
181286.465
181328.129
181369.796
181411.460
181453.127
181494.792
181536.458
181578.125
181619.789
181661.456
181703.122
181744.785
181786.451
181828.117
181869.782
181911.446
181953.112
181994.777
182036.442
182078.107
182119.773
182161.439
182203.104
182244.770
182286.435
182328.100
182369.766
182411.432
182453.097
182494.764
182536.428
182578.093
182619.759
182661.430
182703.092
182744.756
182786.422
182828.089
182869.753
182911.417
182953.083
182994.748
183036.415
183078.079
183119.746
183161.409
183203.076
183244.741
183286.406
183328.071
183369.737
183411.402
183453.068
183494.735
183536.399
183578.066
183619.731
183661.399
183703.063
183744.728
183786.395
183828.060
183869.726
183911.389
183953.056
183994.722
184036.385
184078.050
184119.716
184161.381
184203.048
184244.715
184286.378
184328.043
184369.709
184411.375
184453.041
184494.705
184536.367
184578.032
184619.697
184661.370
184703.035
184744.700
184786.365
184828.031
184869.695
184911.361
184953.026
184994.691
185036.356
185078.023
185119.687
185161.353
185203.019
185244.684
185286.351
185328.015
185369.681
185411.345
185453.013
185494.678
185536.343
185578.008
185619.674
185661.343
185703.007
185744.670
185786.338
185828.002
185869.667
185911.332
185952.998
185994.663
186036.330
186077.994
186119.660
186161.325
186202.991
186244.656
186286.320
186327.987
186369.654
186411.316
186452.984
186494.648
186536.314
186577.980
186619.645
186661.314
186702.981
186744.643
186786.309
186827.973
186869.638
186911.302
186952.968
186994.633
187036.299
187077.964
187119.630
187161.295
187202.961
187244.627
187286.291
187327.956
187369.624
187411.289
187452.953
187494.620
187536.285
187577.950
187619.616
187661.285
187702.948
187744.615
187786.278
187827.946
187869.611
187911.275
187952.941
187994.606
188036.270
188077.936
188119.601
188161.268
188202.933
188244.597
188286.265
188327.928
188369.596
188411.259
188452.927
188494.593
188536.257
188577.923
188619.588
188661.260
188702.925
188744.585
188786.250
188827.916
188869.580
188911.247
188952.911
188994.577
189036.242
189077.907
189119.572
189161.238
189202.906
189244.570
189286.237
189327.900
189369.568
189411.230
189452.898
189494.563
189536.229
189577.893
189619.559
189661.227
189702.891
189744.556
189786.222
189827.888
189869.554
189911.219
189952.884
189994.548
190036.215
190077.880
190119.544
190161.209
190202.877
190244.540
190286.208
190327.872
190369.538
190411.202
190452.870
190494.534
190536.199
190577.865
190619.530
190661.199
190702.863
190744.528
190786.193
190827.860
190869.523
190911.189
190952.854
190994.519
191036.186
191077.850
191119.516
191161.182
191202.848
191244.511
191286.178
191327.843
191369.509
191411.174
191452.841
191494.507
191536.170
191577.837
191619.502
191661.170
191702.834
191744.500
191786.165
191827.831
191869.497
191911.161
191952.826
191994.490
192036.156
192077.822
192119.488
192161.153
192202.818
192244.484
192286.149
192327.814
192369.482
192411.145
192452.813
192494.477
192536.142
192577.809
192619.473
192661.141
192702.813
192744.470
192786.135
192827.802
192869.467
192911.131
192952.797
192994.462
193036.128
193077.793
193119.458
193161.125
193202.791
193244.455
193286.120
193327.785
193369.453
193411.116
193452.783
193494.447
193536.115
193577.778
193619.446
193661.113
193702.777
193744.443
193786.108
193827.773
193869.439
193911.104
193952.770
193994.434
194036.101
194077.765
194119.432
194161.095
194202.763
194244.426
194286.093
194327.757
194369.425
194411.088
194452.756
194494.421
194536.088
194577.752
194619.415
194661.085
194702.748
194744.414
194786.080
194827.745
194869.410
194911.076
194952.741
194994.405
195036.072
195077.736
195119.403
195161.067
195202.734
195244.398
195286.066
195327.728
195369.396
195411.059
195452.727
195494.392
195536.058
195577.723
195619.389
195661.057
195702.722
195744.385
195786.051
195827.716
195869.381
195911.047
195952.714
195994.376
196036.044
196077.708
196119.375
196161.038
196202.706
196244.368
196286.036
196327.700
196369.367
196411.031
196452.698
196494.364
196536.029
196577.695
196619.361
196661.028
196702.691
196744.357
196786.023
196827.688
196869.353
196911.019
196952.685
196994.348
197036.016
197077.679
197119.346
197161.010
197202.677
197244.340
197286.009
197327.671
197369.339
197411.002
197452.670
197494.333
197535.999
197577.665
197619.331
197660.997
197702.663
197744.327
197785.993
197827.659
197869.325
197910.989
197952.655
197994.319
198035.986
198077.650
198119.317
198160.981
198202.648
198244.311
198285.979
198327.643
198369.310
198410.974
198452.641
198494.307
198535.972
198577.638
198619.303
198660.969
198702.634
198744.299
198785.965
198827.631
198869.297
198910.961
198952.627
198994.290
199035.957
199077.621
199119.288
199160.952
199202.620
199244.283
199285.951
199327.614
199369.282
199410.944
199452.612
199494.278
199535.944
199577.609
199619.275
199660.940
199702.612
199744.271
199785.936
199827.601
199869.266
199910.933
199952.598
199994.262
200035.929
200077.593
200119.260
200160.924
200202.591
200244.254
200285.922
200327.586
200369.253
200410.917
200452.584
200494.250
200535.915
200577.581
200619.246
200660.913
200702.578
200744.242
200785.908
200827.573
200869.238
200910.902
200952.570
200994.233
201035.900
201077.564
201119.229
201160.896
201202.563
201244.226
201285.891
201327.557
201369.224
201410.888
201452.555
201494.222
201535.886
201577.552
201619.217
201660.885
201702.554
201744.213
201785.879
201827.544
201869.210
201910.875
201952.539
201994.205
202035.872
202077.535
202119.203
202160.866
202202.534
202244.197
202285.865
202327.529
202369.196
202410.859
202452.526
202494.192
202535.858
202577.523
202619.189
202660.856
202702.521
202744.185
202785.851
202827.516
202869.181
202910.847
202952.512
202994.176
203035.843
203077.507
203119.175
203160.838
203202.505
203244.169
203285.836
203327.500
203369.166
203410.830
203452.497
203494.163
203535.829
203577.492
203619.160
203660.827
203702.498
203744.156
203785.822
203827.487
203869.153
203910.818
203952.483
203994.147
204035.813
204077.478
204119.146
204160.809
204202.475
204244.140
204285.807
204327.471
204369.137
204410.802
204452.469
204494.133
204535.801
204577.466
204619.131
204660.799
204702.472
204744.128
204785.793
204827.459
204869.124
204910.790
204952.455
204994.119
205035.785
205077.449
205119.116
205160.781
205202.448
205244.112
205285.777
205327.437
205369.108
205410.768
205452.440
205494.106
205535.772
205577.437
205619.103
205660.771
205702.434
205744.099
205785.765
205827.430
205869.097
205910.761
205952.426
205994.090
206035.756
206077.421
206119.088
206160.752
206202.419
206244.083
206285.748
206327.414
206369.081
206410.745
206452.412
206494.078
206535.743
206577.409
206619.074
206660.740
206702.408
206744.070
206785.736
206827.401
206869.066
206910.732
206952.398
206994.061
207035.728
207077.393
207119.060
207160.724
207202.391
207244.054
207285.721
207327.385
207369.052
207410.716
207452.384
207494.050
207535.715
207577.380
207619.045
207660.712
207702.378
207744.042
207785.707
207827.372
207869.039
207910.704
207952.369
207994.033
208035.700
208077.364
208119.031
208160.694
208202.364
208244.025
208285.693
208327.357
208369.021
208410.688
208452.355
208494.021
208535.685
208577.352
208619.017
208660.684
208702.350
208744.014
208785.679
208827.344
208869.009
208910.675
208952.341
208994.004
209035.672
209077.335
209119.002
209160.666
209202.333
209243.997
209285.664
209327.328
209368.994
209410.659
209452.326
209493.992
209535.657
209577.323
209618.987
209660.656
209702.329
209743.985
209785.650
209827.315
209868.981
209910.647
209952.311
209993.976
210035.641
210077.307
210118.974
210160.638
210202.305
210243.968
210285.635
210327.300
210368.966
210410.630
210452.297
210493.963
210535.628
210577.294
210618.953
210660.621
210702.292
210743.949
210785.614
210827.288
210868.952
210910.618
210952.283
210993.947
211035.614
211077.278
211118.944
211160.610
211202.276
211243.940
211285.606
211327.270
211368.937
211410.603
211452.268
211493.932
211535.597
211577.265
211618.930
211660.597
211702.278
211743.927
211785.590
211827.258
211868.923
211910.589
211952.255
211993.919
212035.584
212077.250
212118.916
212160.580
212202.246
212243.911
212285.578
212327.242
212368.909
212410.573
212452.239
212493.905
212535.570
212577.234
212618.903
212660.570
212702.241
212743.897
212785.563
212827.230
212868.895
212910.559
212952.225
212993.889
213035.557
213077.221
213118.887
213160.552
213202.218
213243.882
213285.548
213327.213
213368.880
213410.544
213452.210
213493.877
213535.541
213577.206
213618.872
213660.540
213702.220
213743.869
213785.533
213827.201
213868.867
213910.530
213952.196
213993.861
214035.526
214077.192
214118.859
214160.523
214202.189
214243.853
214285.519
214327.185
214368.852
214410.515
214452.181
214493.848
214535.513
214577.177
214618.844
214660.512
214702.182
214743.841
214785.505
214827.172
214868.838
214910.502
214952.170
214993.849
215035.499
215077.172
215118.829
215160.494
215202.160
215243.820
215285.491
215327.151
215368.822
215410.482
215452.153
215493.819
215535.484
215577.150
215618.815
215660.483
215702.149
215743.813
215785.476
215827.144
215868.809
215910.474
215952.139
215993.804
216035.470
216077.135
216118.801
216160.466
216202.132
216243.797
216285.462
216327.128
216368.795
216410.458
216452.124
216493.789
216535.456
216577.122
216618.786
216660.454
216702.131
216743.784
216785.447
216827.116
216868.779
216910.445
216952.110
216993.775
217035.441
217077.106
217118.772
217160.437
217202.104
217243.768
217285.434
217327.100
217368.765
217410.431
217452.095
217493.761
217535.428
217577.092
217618.758
217660.428
217702.107
217743.755
217785.419
217827.088
217868.751
217910.418
217952.082
217993.747
218035.413
218077.077
218118.744
218160.408
218202.074
218243.739
218285.404
218327.070
218368.737
218410.401
218452.067
218493.733
218535.398
218577.064
218618.730
218660.396
218702.062
218743.726
218785.390
218827.058
218868.723
218910.389
218952.054
218993.718
219035.383
219077.048
219118.716
219160.380
219202.045
219243.710
219285.377
219327.042
219368.708
219410.372
219452.040
219493.704
219535.371
219577.036
219618.701
219660.370
219702.032
219743.697
219785.364
219827.028
219868.694
219910.360
219952.024
219993.690
220035.354
220077.020
220118.687
220160.351
220202.018
220243.682
220285.349
220327.013
220368.679
220410.344
220452.011
220493.676
220535.342
220577.007
220618.673
220660.340
220702.016
220743.670
220785.334
220827.001
220868.666
220910.331
220951.997
220993.661
221035.326
221076.992
221118.657
221160.324
221201.988
221243.654
221285.319
221326.985
221368.650
221410.318
221451.981
221493.647
221535.314
221576.980
221618.644
221660.313
221701.976
221743.641
221785.306
221826.973
221868.638
221910.303
221951.969
221993.634
222035.298
222076.965
222118.629
222160.296
222201.969
222243.628
222285.291
222326.958
222368.622
222410.289
222451.953
222493.619
222535.284
222576.950
222618.615
222660.290
222701.956
222743.613
222785.279
222826.944
222868.610
222910.274
222951.941
222993.607
223035.271
223076.937
223118.617
223160.268
223201.933
223243.598
223285.264
223326.930
223368.595
223410.261
223451.926
223493.590
223535.258
223576.932
223618.588
223660.257
223701.922
223743.584
223785.250
223826.916
223868.580
223910.246
223951.912
223993.577
224035.241
224076.909
224118.572
224160.239
224201.902
224243.570
224285.233
224326.901
224368.565
224410.231
224451.895
224493.563
224535.229
224576.895
224618.560
224660.229
224701.892
224743.556
224785.221
224826.887
224868.552
224910.217
224951.884
224993.549
225035.212
225076.878
225118.545
225160.209
225201.876
225243.539
225285.207
225326.871
225368.537
225410.202
225451.869
225493.533
225535.200
225576.863
225618.530
225660.200
225701.863
225743.527
225785.192
225826.857
225868.523
225910.189
225951.854
225993.519
226035.185
226076.849
226118.515
226160.180
226201.847
226243.511
226285.176
226326.841
226368.508
226410.172
226451.838
226493.503
226535.170
226576.835
226618.500
226660.168
226701.832
226743.498
226785.162
226826.829
226868.494
226910.159
226951.825
226993.490
227035.156
227076.821
227118.487
227160.153
227201.819
227243.482
227285.149
227326.815
227368.480
227410.145
227451.812
227493.476
227535.141
227576.806
227618.471
227660.146
227701.805
227743.470
227785.134
227826.801
227868.466
227910.130
227951.796
227993.461
228035.128
228076.793
228118.459
228160.124
228201.790
228243.454
228285.121
228326.785
228368.451
228410.115
228451.781
228493.448
228535.112
228576.777
228618.444
228660.112
228701.794
228743.441
228785.107
228826.773
228868.437
228910.102
228951.768
228993.435
229035.099
229076.765
229118.431
229160.094
229201.761
229243.426
229285.093
229326.757
229368.423
229410.088
229451.753
229493.419
229535.084
229576.751
229618.415
229660.083
229701.749
229743.413
229785.077
229826.744
229868.410
229910.075
229951.740
229993.406
230035.070
230076.737
230118.400
230160.067
230201.732
230243.398
230285.062
230326.729
230368.394
230410.060
230451.724
230493.391
230535.055
230576.722
230618.386
230660.057
230701.733
230743.385
230785.049
230826.715
230868.381
230910.046
230951.710
230993.377
231035.043
231076.707
231118.373
231160.038
231201.704
231243.368
231285.034
231326.694
231368.366
231410.026
231451.690
231493.356
231535.023
231576.692
231618.359
231660.028
231701.694
231743.356
231785.021
231826.687
231868.352
231910.018
231951.684
231993.347
232035.013
232076.681
232118.344
232160.011
232201.674
232243.342
232285.006
232326.672
232368.337
232410.003
232451.667
232493.335
232534.998
232576.666
232618.330
232659.998
232701.669
232743.327
232784.993
232826.658
232868.324
232909.990
232951.655
232993.320
233034.985
233076.651
233118.317
233159.983
233201.647
233243.312
233284.979
233326.643
233368.309
233409.974
233451.640
233493.305
233534.971
233576.636
233618.302
233659.971
233701.642
233743.298
233784.963
233826.628
233868.294
233909.959
233951.625
233993.290
234034.955
234076.621
234118.286
234159.952
234201.617
234243.282
234284.948
234326.615
234368.280
234409.946
234451.610
234493.276
234534.940
234576.607
234618.272
234659.940
234701.621
234743.270
234784.934
234826.611
234868.266
234909.931
234951.597
234993.262
235034.926
235076.594
235118.258
235159.924
235201.589
235243.254
235284.919
235326.585
235368.250
235409.915
235451.582
235493.247
235534.913
235576.579
235618.243
235659.913
235701.592
235743.241
235784.907
235826.574
235868.238
235909.902
235951.569
235993.235
236034.900
236076.566
236118.229
236159.896
236201.561
236243.226
236284.893
236326.557
236368.222
236409.887
236451.553
236493.218
236534.884
236576.549
236618.215
236659.885
236701.543
236743.211
236784.872
236826.537
236868.202
236909.868
236951.539
236993.206
237034.869
237076.534
237118.200
237159.867
237201.533
237243.199
237284.862
237326.528
237368.194
237409.860
237451.524
237493.190
237534.855
237576.520
237618.186
237659.855
237701.521
237743.184
237784.849
237826.515
237868.180
237909.846
237951.512
237993.176
238034.841
238076.506
238118.173
238159.838
238201.505
238243.169
238284.835
238326.500
238368.165
238409.831
238451.496
238493.163
238534.828
238576.492
238618.158
238659.829
238701.493
238743.156
238784.822
238826.487
238868.153
238909.819
238951.483
238993.150
239034.815
239076.478
239118.146
239159.809
239201.476
239243.141
239284.805
239326.471
239368.137
239409.803
239451.469
239493.134
239534.800
239576.464
239618.131
239659.797
239701.463
239743.128
239784.793
239826.459
239868.122
239909.789
239951.454
239993.121
240034.785
240076.450
240118.117
240159.781
240201.448
240243.111
240284.777
240326.443
240368.108
240409.774
240451.439
240493.104
240534.771
240576.435
240618.101
240659.770
240701.447
240743.099
240784.765
240826.430
240868.095
240909.761
240951.426
240993.093
241034.758
241076.421
241118.089
241159.752
241201.419
241243.084
241284.751
241326.414
241368.081
241409.745
241451.413
241493.076
241534.743
241576.407
241618.074
241659.742
241701.408
241743.071
241784.736
241826.401
241868.067
241909.733
241951.399
241993.064
242034.729
242076.393
242118.060
242159.725
242201.391
242243.055
242284.722
242326.386
242368.053
242409.717
242451.429
242493.048
242534.753
242576.379
242618.065
242659.714
242701.383
242743.042
242784.708
242826.373
242868.038
242909.704
242951.369
242993.035
243034.701
243076.364
243118.031
243159.711
243201.363
243243.026
243284.693
243326.357
243368.025
243409.688
243451.356
243493.020
243534.687
243576.350
243618.018
243659.683
243701.354
243743.015
243784.679
243826.345
243868.010
243909.676
243951.341
243993.005
244034.672
244076.336
244118.003
244159.667
244201.335
244242.998
244284.664
244326.329
244367.995
244409.660
244451.327
244492.990
244534.658
244576.321
244617.988
244659.656
244701.321
244742.985
244784.651
244826.315
244867.981
244909.647
244951.313
244992.977
245034.644
245076.307
245117.975
245159.638
245201.305
245242.970
245284.634
245326.301
245367.967
245409.631
245451.297
245492.961
245534.629
245576.293
245617.958
245659.628
245701.293
245742.956
245784.622
245826.288
245867.953
245909.616
245951.283
245992.949
246034.614
246076.279
246117.946
246159.610
246201.276
246242.941
246284.606
246326.271
246367.937
246409.603
246451.269
246492.933
246534.605
246576.265
246617.932
246659.598
246701.263
246742.928
246784.593
246826.260
246867.925
246909.589
246951.255
246992.921
247034.586
247076.252
247117.916
247159.581
247201.247
247242.912
247284.577
247326.243
247367.908
247409.573
247451.241
247492.905
247534.571
247576.237
247617.903
247659.570
247701.250
247742.899
247784.564
247826.231
247867.896
247909.560
247951.225
247992.892
248034.556
248076.222
248117.888
248159.553
248201.218
248242.884
248284.549
248326.216
248367.879
248409.546
248451.211
248492.877
248534.542
248576.209
248617.872
248659.541
248701.207
248742.871
248784.537
248826.202
248867.868
248909.532
248951.197
248992.863
249034.530
249076.194
249117.859
249159.524
249201.191
249242.855
249284.522
249326.187
249367.852
249409.518
249451.184
249492.848
249534.514
249576.180
249617.845
249659.512
249701.177
249742.842
249784.508
249826.173
249867.837
249909.504
249951.168
249992.834
250034.498
250076.165
250117.830
250159.496
250201.162
250242.827
250284.491
250326.159
250367.823
250409.488
250451.154
250492.821
250534.484
250576.149
250617.815
250659.484
250701.150
250742.813
250784.479
250826.145
250867.810
250909.476
250951.142
250992.806
251034.471
251076.137
251117.803
251159.468
251201.132
251242.799
251284.464
251326.128
251367.794
251409.461
251451.125
251492.792
251534.458
251576.124
251617.788
251659.456
251701.138
251742.786
251784.451
251826.117
251867.782
251909.446
251951.112
251992.779
252034.442
252076.108
252117.774
252159.439
252201.104
252242.770
252284.436
252326.103
252367.769
252409.444
252451.098
252492.772
252534.433
252576.102
252617.761
252659.434
252701.100
252742.763
252784.437
252826.088
252867.754
252909.419
252951.084
252992.751
253034.424
253076.081
253117.754
253159.419
253201.085
253242.742
253284.408
253326.073
253367.738
253409.404
253451.068
253492.734
253534.401
253576.066
253617.750
253659.406
253701.068
253742.769
253784.394
253826.091
253867.729
253909.391
253951.058
253992.721
254034.385
254076.052
254117.718
254159.383
254201.048
254242.716
254284.378
254326.044
254367.711
254409.376
254451.040
254492.708
254534.373
254576.038
254617.701
254659.372
254701.038
254742.700
254784.366
254826.031
254867.697
254909.361
254951.028
254992.693
255034.359
255076.024
255117.689
255159.354
255201.021
255242.685
255284.350
255326.014
255367.682
255409.347
255451.013
255492.678
255534.344
255576.008
255617.675
255659.340
255701.018
255742.671
255784.337
255826.003
