0.000
41.665
83.330
124.997
166.661
208.327
249.993
291.659
333.324
374.989
416.655
458.320
499.984
541.652
583.317
624.982
666.647
708.313
749.978
791.643
833.308
874.973
916.640
958.306
999.987
1041.635
1083.301
1124.967
1166.634
1208.299
1249.965
1291.630
1333.294
1374.961
1416.626
1458.290
1499.955
1541.623
1583.289
1624.954
1666.619
1708.285
1749.950
1791.615
1833.280
1874.947
1916.611
1958.277
1999.948
2041.607
2083.273
2124.938
2166.604
2208.270
2249.934
2291.600
2333.266
2374.931
2416.596
2458.262
2499.929
2541.595
2583.261
2624.925
2666.591
2708.256
2749.921
2791.587
2833.252
2874.916
2916.583
2958.247
2999.919
3041.578
3083.245
3124.909
3166.573
3208.239
3249.907
3291.570
3333.238
3374.902
3416.569
3458.232
3499.899
3541.563
3583.231
3624.896
3666.561
3708.227
3749.893
3791.557
3833.223
3874.887
3916.554
3958.218
3999.892
4041.549
4083.216
4124.881
4166.547
4208.210
4249.877
4291.542
4333.209
4374.872
4416.540
4458.203
4499.870
4541.539
4583.201
4624.867
4666.532
4708.198
4749.864
4791.529
4833.194
4874.860
4916.523
4958.191
4999.856
5041.522
5083.185
5124.852
5166.516
5208.183
5249.847
5291.513
5333.178
5374.845
5416.509
5458.176
5499.840
5541.506
5583.173
5624.838
5666.503
5708.169
5749.834
5791.500
5833.165
5874.830
5916.494
5958.161
5999.830
6041.493
6083.156
6124.823
6166.487
6208.155
6249.818
6291.485
6333.148
6374.816
6416.479
6458.147
6499.811
6541.483
6583.143
6624.809
6666.474
6708.140
6749.805
6791.470
6833.137
6874.802
6916.465
6958.132
6999.801
7041.461
7083.127
7124.792
7166.457
7208.125
7249.790
7291.455
7333.120
7374.785
7416.451
7458.117
7499.783
7541.449
7583.115
7624.779
7666.446
7708.111
7749.776
7791.441
7833.107
7874.772
7916.436
7958.103
7999.770
8041.434
8083.098
8124.765
8166.429
8208.096
8249.760
8291.427
8333.091
8374.758
8416.421
8458.087
8499.753
8541.420
8583.088
8624.751
8666.416
8708.081
8749.748
8791.413
8833.078
8874.742
8916.408
8958.073
8999.746
9041.404
9083.071
9124.734
9166.402
9208.065
9249.732
9291.396
9333.063
9374.727
9416.394
9458.059
9499.725
9541.390
9583.057
9624.722
9666.387
9708.052
9749.718
9791.384
9833.049
9874.713
9916.380
9958.044
9999.718
10041.374
10083.042
10124.705
10166.372
10208.036
10249.704
10291.367
10333.034
10374.698
10416.365
10458.029
10499.697
10541.360
10583.028
10624.691
10666.357
10708.023
10749.689
10791.355
10833.020
10874.683
10916.351
10958.014
10999.686
11041.346
11083.013
11124.677
11166.344
11208.007
11249.674
11291.338
11333.005
11374.669
11416.336
11458.000
11499.667
11541.332
11582.999
11624.663
11666.327
11707.993
11749.660
11791.325
11832.990
11874.656
11916.322
11957.987
11999.660
12041.316
12082.983
12124.649
12166.313
12207.980
12249.643
12291.311
12332.975
12374.642
12416.306
12457.973
12499.637
12541.303
12582.969
12624.634
12666.300
12707.964
12749.631
12791.297
12832.962
12874.627
12916.291
12957.957
12999.627
13041.288
13082.952
13124.619
13166.283
13207.949
13249.615
13291.282
13332.946
13374.611
13416.276
13457.943
13499.607
13541.274
13582.941
13624.605
13666.270
13707.937
13749.603
13791.266
13832.932
13874.596
13916.262
13957.927
13999.599
14041.258
14082.924
14124.589
14166.255
14207.920
14249.586
14291.251
14332.917
14374.581
14416.248
14457.912
14499.578
14541.247
14582.912
14624.575
14666.240
14707.908
14749.573
14791.239
14832.903
14874.610
14916.235
14957.929
14999.571
15041.252
15082.896
15124.576
15166.227
15207.892
15249.558
15291.217
15332.889
15374.548
15416.220
15457.878
15499.551
15541.210
15582.883
15624.547
15666.213
15707.879
15749.544
15791.209
15832.875
15874.540
15916.205
15957.871
15999.542
16041.202
16082.867
16124.533
16166.198
16207.864
16249.530
16291.195
16332.860
16374.526
16416.192
16457.857
16499.522
16541.187
16582.854
16624.518
16666.184
16707.849
16749.515
16791.180
16832.845
16874.512
16916.174
16957.842
16999.510
17041.172
17082.837
17124.504
17166.167
17207.835
17249.498
17291.165
17332.829
17374.497
17416.161
17457.828
17499.491
17541.162
17582.824
17624.489
17666.155
17707.821
17749.485
17791.152
17832.817
17874.482
17916.146
17957.814
17999.479
18041.145
18082.808
18124.475
18166.138
18207.808
18249.470
18291.137
18332.800
18374.468
18416.131
18457.798
18499.462
18541.128
18582.795
18624.461
18666.125
18707.791
18749.456
18791.122
18832.786
18874.452
18916.117
18957.782
18999.451
19041.114
19082.796
19124.445
19166.110
19207.775
19249.442
19291.106
19332.771
19374.437
19416.102
19457.767
19499.434
19541.119
19582.765
19624.430
19666.096
19707.763
19749.427
19791.093
19832.757
19874.424
19916.088
19957.752
19999.435
20041.084
20082.751
20124.416
20166.081
20207.747
20249.412
20291.079
20332.743
20374.408
20416.075
20457.742
20499.404
20541.072
20582.737
20624.402
20666.067
20707.733
20749.398
20791.064
20832.730
20874.394
20916.061
20957.725
20999.394
21041.056
21082.720
21124.386
21166.053
21207.719
21249.383
21291.049
21332.713
21374.379
21416.046
21457.711
21499.376
21541.043
21582.707
21624.373
21666.039
21707.704
21749.369
21791.034
21832.699
21874.365
21916.031
21957.696
21999.362
22041.027
22082.693
22124.358
22166.023
22207.689
22249.352
22291.019
22332.684
22374.351
22416.015
22457.681
22499.347
22541.016
22582.679
22624.344
22666.009
22707.676
22749.340
22791.005
22832.669
22874.336
22916.002
22957.666
22999.340
23040.997
23082.664
23124.329
23165.995
23207.659
23249.325
23290.991
23332.656
23374.321
23415.987
23457.652
23499.319
23540.985
23582.650
23624.315
23665.980
23707.646
23749.311
23790.978
23832.643
23874.308
23915.975
23957.638
23999.305
24040.969
24082.634
24124.300
24165.964
24207.629
24249.295
24290.960
24332.626
24374.292
24415.958
24457.623
24499.288
24540.956
24582.619
24624.285
24665.952
24707.616
24749.282
24790.949
24832.613
24874.279
24915.943
24957.609
24999.280
25040.940
25082.606
25124.271
25165.937
25207.602
25249.266
25290.933
25332.598
25374.264
25415.929
25457.595
25499.261
25540.927
25582.592
25624.258
25665.924
25707.588
25749.253
25790.918
25832.582
25874.248
25915.915
25957.578
25999.252
26040.910
26082.576
26124.240
26165.908
26207.571
26249.238
26290.902
26332.568
26374.234
26415.901
26457.565
26499.230
26540.898
26582.563
26624.228
26665.894
26707.558
26749.224
26790.888
26832.555
26874.219
26915.884
26957.550
26999.218
27040.881
27082.548
27124.211
27165.879
27207.543
27249.208
27290.873
27332.541
27374.204
27415.870
27457.537
27499.203
27540.869
27582.537
27624.199
27665.864
27707.531
27749.196
27790.862
27832.527
27874.192
27915.857
27957.524
27999.194
28040.855
28082.519
28124.185
28165.850
28207.516
28249.182
28290.847
28332.511
28374.178
28415.844
28457.509
28499.174
28540.840
28582.505
28624.171
28665.837
28707.501
28749.167
28790.833
28832.498
28874.161
28915.829
28957.492
28999.167
29040.823
29082.490
29124.153
29165.821
29207.485
29249.152
29290.816
29332.483
29374.147
29415.814
29457.479
29499.145
29540.810
29582.481
29624.141
29665.807
29707.473
29749.136
29790.803
29832.468
29874.134
29915.798
29957.463
29999.136
30040.794
30082.460
30124.125
30165.790
30207.456
30249.122
30290.787
30332.453
30374.118
30415.784
30457.450
30499.116
30540.782
30582.447
30624.112
30665.778
30707.439
30749.104
30790.767
30832.433
30874.102
30915.768
30957.429
30999.102
31040.760
31082.432
31124.091
31165.758
31207.428
31249.090
31290.758
31332.425
31374.089
31415.757
31457.422
31499.087
31540.753
31582.421
31624.083
31665.749
31707.415
31749.080
31790.745
31832.411
31874.075
31915.742
31957.405
31999.075
32040.736
32082.403
32124.067
32165.735
32207.398
32249.064
32290.729
32332.395
32374.060
32415.726
32457.392
32499.057
32540.726
32582.389
32624.053
32665.719
32707.385
32749.050
32790.716
32832.381
32874.045
32915.713
32957.376
32999.047
33040.707
33082.372
33124.038
33165.704
33207.369
33249.034
33290.700
33332.365
33374.031
33415.696
33457.362
33499.028
33540.695
33582.365
33624.025
33665.690
33707.356
33749.021
33790.685
33832.351
33874.016
33915.681
33957.348
33999.018
34040.678
34082.344
34124.009
34165.675
34207.340
34249.005
34290.671
34332.337
34374.002
34415.669
34457.334
34498.999
34540.666
34582.330
34623.996
34665.660
34707.328
34748.992
34790.657
34832.323
34873.988
34915.653
34957.318
34998.990
35040.650
35082.315
35123.981
35165.646
35207.311
35248.977
35290.642
35332.308
35373.973
35415.640
35457.305
35498.971
35540.637
35582.319
35623.969
35665.633
35707.299
35748.964
35790.629
35832.295
35873.958
35915.625
35957.289
35998.962
36040.621
36082.285
36123.952
36165.618
36207.281
36248.947
36290.613
36332.278
36373.944
36415.611
36457.275
36498.943
36540.608
36582.273
36623.938
36665.602
36707.270
36748.935
36790.599
36832.265
36873.930
36915.596
36957.260
36998.932
37040.591
37082.257
37123.922
37165.587
37207.253
37248.918
37290.583
37332.250
37373.914
37415.581
37457.247
37498.911
37540.579
37582.245
37623.910
37665.574
37707.241
37748.907
37790.571
37832.237
37873.900
37915.568
37957.231
37998.903
38040.563
38082.227
38123.893
38165.560
38207.224
38248.891
38290.555
38332.222
38373.886
38415.554
38457.219
38498.885
38540.550
38582.213
38623.881
38665.547
38707.211
38748.876
38790.542
38832.207
38873.871
38915.537
38957.203
38998.877
39040.534
39082.199
39123.865
39165.531
39207.196
39248.862
39290.526
39332.193
39373.858
39415.524
39457.190
39498.855
39540.526
39582.184
39623.853
39665.517
39707.183
39748.848
39790.514
39832.179
39873.843
39915.509
39957.173
39998.845
40040.504
40082.170
40123.836
40165.502
40207.166
40248.833
40290.497
40332.162
40373.828
40415.508
40457.160
40498.826
40540.492
40582.156
40623.822
40665.487
40707.153
40748.819
40790.484
40832.149
40873.813
40915.480
40957.144
40998.817
41040.476
41082.140
41123.806
41165.472
41207.137
41248.802
41290.468
41332.134
41373.799
41415.465
41457.130
41498.795
41540.462
41582.123
41623.792
41665.459
41707.124
41748.790
41790.454
41832.118
41873.785
41915.452
41957.115
41998.788
42040.446
42082.111
42123.777
42165.442
42207.108
42248.773
42290.439
42332.104
42373.769
42415.435
42457.102
42498.768
42540.434
42582.098
42623.765
42665.430
42707.097
42748.762
42790.426
42832.092
42873.756
42915.421
42957.086
42998.757
43040.418
43082.083
43123.748
43165.414
43207.079
43248.745
43290.410
43332.075
43373.741
43415.408
43457.073
43498.739
43540.405
43582.071
43623.736
43665.401
43707.066
43748.733
43790.399
43832.064
43873.727
43915.395
43957.058
43998.730
44040.389
44082.056
44123.719
44165.384
44207.051
44248.718
44290.380
44332.046
44373.711
44415.379
44457.043
44498.708
44540.376
44582.041
44623.707
44665.372
44707.038
44748.701
44790.369
44832.034
44873.697
44915.365
44957.028
44998.701
45040.359
45082.027
45123.690
45165.358
45207.021
45248.688
45290.352
45332.019
45373.683
45415.351
45457.016
45498.682
45540.347
45582.012
45623.678
45665.344
45707.009
45748.675
45790.341
45832.005
45873.668
45915.336
45957.000
45998.670
46040.330
46081.998
46123.661
46165.328
46206.992
46248.659
46290.324
46331.991
46373.654
46415.322
46456.987
46498.653
46540.320
46581.984
46623.649
46665.315
46706.980
46748.645
46790.310
46831.974
46873.640
46915.307
46956.970
46998.645
47040.302
47081.968
47123.633
47165.299
47206.963
47248.631
47290.294
47331.961
47373.625
47415.293
47456.958
47498.624
47540.289
47581.956
47623.620
47665.285
47706.951
47748.616
47790.282
47831.947
47873.611
47915.277
47956.941
47998.616
48040.273
48081.940
48123.603
48165.271
48206.934
48248.602
48290.265
48331.932
48373.596
48415.263
48456.929
48498.594
48540.260
48581.925
48623.591
48665.256
48706.921
48748.587
48790.253
48831.916
48873.582
48915.249
48956.913
48998.586
49040.243
49081.911
49123.575
49165.242
49206.905
49248.573
49290.238
49331.905
49373.567
49415.235
49456.900
49498.566
49540.234
49581.914
49623.562
49665.228
49706.893
49748.558
49790.225
49831.889
49873.553
49915.219
49956.883
49998.552
50040.215
50081.881
50123.546
50165.211
50206.876
50248.542
50290.206
50331.872
50373.538
50415.205
50456.870
50498.536
50540.202
50581.867
50623.533
50665.197
50706.863
50748.528
50790.193
50831.859
50873.524
50915.190
50956.855
50998.526
51040.185
51081.852
51123.516
51165.182
51206.847
51248.512
51290.177
51331.845
51373.510
51415.175
51456.839
51498.505
51540.173
51581.842
51623.503
51665.168
51706.828
51748.500
51790.158
51831.830
51873.491
51915.161
51956.820
51998.499
52040.157
52081.821
52123.487
52165.153
52206.819
52248.485
52290.149
52331.816
52373.480
52415.145
52456.812
52498.477
52540.144
52581.809
52623.474
52665.138
52706.806
52748.470
52790.136
52831.800
52873.465
52915.131
52956.797
52998.471
53040.128
53081.793
53123.458
53165.124
53206.789
53248.456
53290.121
53331.785
53373.450
53415.117
53456.784
53498.448
53540.115
53581.781
53623.445
53665.111
53706.776
53748.441
53790.105
53831.772
53873.436
53915.102
53956.767
53998.442
54040.098
54081.764
54123.428
54165.094
54206.761
54248.425
54290.090
54331.757
54373.421
54415.087
54456.754
54498.420
54540.085
54581.752
54623.415
54665.081
54706.748
54748.412
54790.077
54831.742
54873.408
54915.074
54956.739
54998.413
55040.070
55081.737
55123.401
55165.068
55206.731
55248.397
55290.061
55331.728
55373.394
55415.059
55456.724
55498.390
55540.057
55581.721
55623.387
55665.052
55706.717
55748.383
55790.047
55831.713
55873.379
55915.043
55956.710
55998.383
56040.040
56081.706
56123.371
56165.037
56206.702
56248.367
56290.033
56331.700
56373.363
56415.031
56456.696
56498.361
56540.028
56581.693
56623.357
56665.022
56706.690
56748.353
56790.020
56831.684
56873.349
56915.015
56956.680
56998.355
57040.012
57081.676
57123.337
57165.002
57206.674
57248.339
57290.004
57331.670
57373.334
57415.000
57456.666
57498.331
57539.998
57581.664
57623.328
57664.993
57706.661
57748.326
57789.990
57831.656
57873.321
57914.985
57956.652
57998.322
58039.981
58081.649
58123.312
58164.980
58206.646
58248.310
58289.974
58331.642
58373.305
58414.973
58456.637
58498.302
58539.981
58581.634
58623.301
58664.965
58706.632
58748.296
58789.962
58831.627
58873.293
58914.956
58956.623
58998.295
59039.954
59081.620
59123.284
59164.951
59206.615
59248.281
59289.946
59331.613
59373.276
59414.942
59456.608
59498.274
59539.939
59581.606
59623.271
59664.935
59706.602
59748.267
59789.932
59831.597
59873.261
59914.929
59956.592
59998.263
60039.924
60081.591
60123.255
60164.921
60206.587
60248.252
60289.919
60331.584
60373.249
60414.915
60456.580
60498.245
60539.912
60581.576
60623.242
60664.907
60706.573
60748.237
60789.903
60831.568
60873.235
60914.899
60956.564
60998.239
61039.895
61081.561
61123.226
61164.892
61206.558
61248.223
61289.888
61331.553
61373.219
61414.885
61456.551
61498.216
61539.882
61581.550
61623.211
61664.877
61706.544
61748.209
61789.875
61831.540
61873.204
61914.870
61956.535
61998.208
62039.866
62081.532
62123.197
62164.864
62206.528
62248.194
62289.859
62331.525
62373.190
62414.857
62456.521
62498.186
62539.854
62581.517
62623.184
62664.847
62706.514
62748.181
62789.844
62831.511
62873.176
62914.842
62956.506
62998.177
63039.838
63081.502
63123.167
63164.835
63206.499
63248.166
63289.829
63331.495
63373.160
63414.827
63456.491
63498.157
63539.825
63581.505
63623.155
63664.819
63706.485
63748.150
63789.816
63831.481
63873.145
63914.811
63956.477
63998.149
64039.807
64081.474
64123.139
64164.806
64206.471
64248.135
64289.800
64331.466
64373.130
64414.797
64456.462
64498.127
64539.796
64581.461
64623.125
64664.791
64706.457
64748.120
64789.786
64831.451
64873.116
64914.783
64956.447
64998.122
65039.779
65081.444
65123.110
65164.774
65206.441
65248.107
65289.771
65331.437
65373.104
65414.770
65456.435
65498.101
65539.767
65581.432
65623.097
65664.762
65706.430
65748.094
65789.759
65831.423
65873.088
65914.754
65956.419
65998.091
66039.749
66081.417
66123.081
66164.746
66206.412
66248.079
66289.743
66331.410
66373.073
66414.740
66456.406
66498.071
66539.738
66581.403
66623.068
66664.734
66706.400
66748.065
66789.728
66831.393
66873.059
66914.724
66956.389
66998.063
67039.721
67081.386
67123.052
67164.717
67206.382
67248.049
67289.713
67331.379
67373.044
67414.710
67456.376
67498.041
67539.709
67581.375
67623.039
67664.704
67706.371
67748.030
67789.701
67831.367
67873.030
67914.695
67956.360
67998.035
68039.692
68081.359
68123.024
68164.688
68206.353
68248.019
68289.684
68331.350
68373.015
68414.683
68456.346
68498.012
68539.680
68581.345
68623.009
68664.675
68706.339
68748.006
68789.671
68831.336
68873.001
68914.667
68956.332
68998.008
69039.664
69081.329
69122.995
69164.661
69206.326
69247.991
69289.655
69331.322
69372.987
69414.654
69456.318
69497.984
69539.650
69581.316
69622.979
69664.645
69706.312
69747.977
69789.642
69831.309
69872.972
69914.639
69956.303
69997.977
70039.634
70081.300
70122.959
70164.631
70206.295
70247.962
70289.626
70331.293
70372.957
70414.625
70456.289
70497.955
70539.622
70581.286
70622.951
70664.618
70706.284
70747.949
70789.615
70831.280
70872.943
70914.610
70956.274
70997.950
71039.606
71081.272
71122.936
71164.603
71206.267
71247.935
71289.598
71331.265
71372.929
71414.596
71456.262
71497.927
71539.594
71581.262
71622.923
71664.589
71706.255
71747.919
71789.586
71831.251
71872.914
71914.582
71956.245
71997.920
72039.576
72081.244
72122.907
72164.574
72206.238
72247.905
72289.569
72331.236
72372.900
72414.567
72456.232
72497.898
72539.564
72581.228
72622.891
72664.560
72706.224
72747.889
72789.554
72831.220
72872.884
72914.550
72956.215
72997.889
73039.547
73081.212
73122.877
73164.544
73206.208
73247.874
73289.541
73331.206
73372.871
73414.537
73456.201
73497.867
73539.536
73581.199
73622.863
73664.530
73706.195
73747.860
73789.526
73831.191
73872.855
73914.523
73956.186
73997.859
74039.517
74081.183
74122.848
74164.515
74206.180
74247.847
74289.510
74331.175
74372.841
74414.507
74456.173
74497.838
74539.506
74581.171
74622.833
74664.500
74706.166
74747.830
74789.496
74831.163
74872.826
74914.492
74956.157
74997.826
75039.488
75081.154
75122.820
75164.485
75206.151
75247.817
75289.480
75331.146
75372.811
75414.480
75456.143
75497.810
75539.476
75581.141
75622.805
75664.472
75706.137
75747.801
75789.467
75831.133
75872.798
75914.464
75956.129
75997.799
76039.459
76081.125
76122.790
76164.457
76206.121
76247.789
76289.452
76331.119
76372.784
76414.449
76456.116
76497.781
76539.447
76581.113
76622.777
76664.442
76706.108
76747.773
76789.439
76831.104
76872.769
76914.434
76956.099
76997.767
77039.430
77081.097
77122.761
77164.426
77206.092
77247.759
77289.422
77331.090
77372.753
77414.419
77456.084
77497.753
77539.418
77581.084
77622.748
77664.413
77706.079
77747.746
77789.410
77831.075
77872.740
77914.406
77956.071
77997.741
78039.402
78081.068
78122.732
78164.397
78206.063
78247.728
78289.395
78331.061
78372.726
78414.392
78456.056
78497.721
78539.389
78581.055
78622.712
78664.384
78706.050
78747.716
78789.381
78831.047
78872.711
78914.376
78956.042
78997.714
79039.373
79081.038
79122.702
79164.368
79206.034
79247.700
79289.365
79331.033
79372.695
79414.362
79456.028
79497.695
79539.360
79581.025
79622.689
79664.353
79706.021
79747.686
79789.353
79831.017
79872.682
79914.347
79956.012
79997.680
80039.343
80081.008
80122.674
80164.340
80206.005
80247.671
80289.336
80331.002
80372.667
80414.334
80455.999
80497.664
80539.330
80580.995
80622.661
80664.326
80705.992
80747.657
80789.323
80830.989
80872.652
80914.318
80955.983
80997.658
81039.314
81080.980
81122.644
81164.310
81205.976
81247.641
81289.307
81330.973
81372.637
81414.304
81455.973
81497.635
81539.302
81580.966
81622.631
81664.297
81705.963
81747.627
81789.292
81830.959
81872.623
81914.289
81955.954
81997.628
82039.285
82080.950
82122.616
82164.281
82205.946
82247.614
82289.277
82330.942
82372.608
82414.274
82455.941
82497.605
82539.273
82580.951
82622.603
82664.267
82705.934
82747.599
82789.263
82830.930
82872.595
82914.260
82955.925
82997.598
83039.257
83080.924
83122.587
83164.255
83205.918
83247.583
83289.249
83330.914
83372.579
83414.247
83455.912
83497.578
83539.243
83580.909
83622.574
83664.240
83705.906
83747.571
83789.236
83830.900
83872.565
83914.231
83955.896
83997.565
84039.227
84080.892
84122.558
84164.223
84205.889
84247.554
84289.219
84330.885
84372.550
84414.218
84455.883
84497.547
84539.214
84580.886
84622.544
84664.210
84705.876
84747.541
84789.206
84830.873
84872.535
84914.202
84955.866
84997.533
85039.198
85080.863
85122.529
85164.194
85205.860
85247.526
85289.191
85330.856
85372.521
85414.188
85455.852
85497.519
85539.186
85580.850
85622.515
85664.179
85705.847
85747.512
85789.177
85830.842
85872.507
85914.173
85955.837
85997.506
86039.169
86080.833
86122.500
86164.164
86205.830
86247.495
86289.161
86330.826
86372.493
86414.159
86455.824
86497.489
86539.156
86580.821
86622.486
86664.152
86705.817
86747.483
86789.148
86830.815
86872.477
86914.145
86955.809
86997.479
87039.139
87080.805
87122.470
87164.135
87205.801
87247.466
87289.132
87330.798
87372.464
87414.130
87455.795
87497.460
87539.127
87580.792
87622.457
87664.123
87705.789
87747.454
87789.119
87830.783
87872.444
87914.108
87955.774
87997.453
88039.105
88080.776
88122.441
88164.101
88205.768
88247.438
88289.105
88330.770
88372.434
88414.102
88455.766
88497.432
88539.098
88580.763
88622.428
88664.094
88705.760
88747.425
88789.091
88830.756
88872.421
88914.085
88955.751
88997.422
89039.081
89080.747
89122.412
89164.078
89205.743
89247.410
89289.074
89330.739
89372.405
89414.072
89455.737
89497.403
89539.068
89580.734
89622.399
89664.064
89705.730
89747.395
89789.061
89830.726
89872.390
89914.056
89955.721
89997.394
90039.052
90080.718
90122.383
90164.048
90205.714
90247.379
90289.044
90330.710
90372.375
90414.043
90455.709
90497.374
90539.039
90580.705
90622.370
90664.035
90705.701
90747.367
90789.032
90830.697
90872.362
90914.027
90955.692
90997.363
91039.023
91080.690
91122.354
91164.021
91205.684
91247.350
91289.016
91330.683
91372.348
91414.014
91455.679
91497.344
91539.011
91580.676
91622.341
91664.006
91705.672
91747.337
91789.002
91830.668
91872.333
91913.998
91955.662
91997.333
92038.993
92080.659
92122.324
92163.990
92205.656
92247.321
92288.986
92330.651
92372.319
92413.984
92455.649
92497.314
92538.982
92580.647
92622.312
92663.978
92705.643
92747.309
92788.973
92830.638
92872.303
92913.970
92955.633
92997.302
93038.965
93080.631
93122.296
93163.963
93205.627
93247.292
93288.957
93330.624
93372.289
93413.955
93455.622
93497.286
93538.954
93580.618
93622.282
93663.947
93705.613
93747.278
93788.943
93830.609
93872.273
93913.941
93955.604
93997.274
94038.936
94080.601
94122.266
94163.933
94205.597
94247.264
94288.928
94330.593
94372.259
94413.927
94455.590
94497.256
94538.923
94580.587
94622.252
94663.918
94705.585
94747.250
94788.914
94830.580
94872.245
94913.912
94955.576
94997.248
95038.906
95080.572
95122.237
95163.903
95205.568
95247.235
95288.899
95330.566
95372.231
95413.896
95455.562
95497.226
95538.894
95580.568
95622.225
95663.890
95705.554
95747.221
95788.885
95830.551
95872.215
95913.881
95955.546
95997.216
96038.877
96080.542
96122.208
96163.874
96205.539
96247.207
96288.870
96330.535
96372.200
96413.869
96455.532
96497.197
96538.865
96580.530
96622.195
96663.860
96705.527
96747.193
96788.856
96830.522
96872.186
96913.854
96955.517
96997.188
97038.848
97080.515
97122.178
97163.845
97205.510
97247.176
97288.841
97330.506
97372.172
97413.839
97455.503
97497.168
97538.837
97580.503
97622.165
97663.835
97705.495
97747.163
97788.828
97830.492
97872.157
97913.825
97955.488
97997.156
98038.819
98080.484
98122.150
98163.817
98205.480
98247.149
98288.811
98330.477
98372.143
98413.810
98455.474
98497.139
98538.807
98580.471
98622.136
98663.803
98705.469
98747.133
98788.799
98830.464
98872.128
98913.796
98955.458
98997.127
99038.790
99080.455
99122.120
99163.787
99205.451
99247.118
99288.783
99330.450
99372.113
99413.781
99455.445
99497.110
99538.779
99580.443
99622.108
99663.774
99705.439
99747.104
99788.768
99830.436
99872.099
99913.764
99955.430
99997.101
100038.760
100080.428
100122.091
100163.757
100205.423
100247.090
100288.753
100330.419
100372.085
100413.750
100455.416
100497.081
100538.749
100580.414
100622.079
100663.744
100705.412
100747.076
100788.740
100830.406
100872.070
100913.735
100955.401
100997.067
101038.733
101080.396
101122.063
101163.727
101205.397
101247.059
101288.725
101330.390
101372.056
101413.722
101455.386
101497.052
101538.720
101580.383
101622.049
101663.714
101705.381
101747.047
101788.712
101830.376
101872.040
101913.706
101955.372
101997.043
102038.703
102080.368
102122.034
102163.699
102205.365
102247.031
102288.695
102330.360
102372.026
102413.693
102455.357
102497.024
102538.691
102580.355
102622.019
102663.686
102705.351
102747.016
102788.682
102830.347
102872.012
102913.678
102955.342
102997.011
103038.674
103080.339
103122.004
103163.669
103205.335
103247.000
103288.666
103330.332
103371.996
103413.663
103455.329
103496.994
103538.661
103580.326
103621.990
103663.656
103705.322
103746.987
103788.652
103830.320
103871.984
103913.650
103955.313
103996.985
104038.645
104080.310
104121.975
104163.641
104205.305
104246.972
104288.636
104330.304
104371.968
104413.634
104455.299
104496.965
104538.632
104580.295
104621.963
104663.628
104705.294
104746.959
104788.624
104830.290
104871.954
104913.619
104955.285
104996.956
105038.615
105080.281
105121.946
105163.611
105205.277
105246.942
105288.608
105330.273
105371.939
105413.606
105455.271
105496.937
105538.603
105580.268
105621.933
105663.599
105705.265
105746.929
105788.595
105830.261
105871.925
105913.590
105955.255
105996.924
106038.586
106080.252
106121.917
106163.583
106205.248
106246.914
106288.579
106330.244
106371.910
106413.577
106455.242
106496.909
106538.573
106580.247
106621.905
106663.569
106705.236
106746.901
106788.566
106830.232
106871.895
106913.561
106955.226
106996.897
107038.557
107080.222
107121.888
107163.554
107205.219
107246.884
107288.550
107330.215
107371.881
107413.548
107455.213
107496.878
107538.545
107580.209
107621.873
107663.539
107705.205
107746.870
107788.536
107830.201
107871.866
107913.533
107955.196
107996.866
108038.527
108080.193
108121.859
108163.524
108205.189
108246.857
108288.520
108330.186
108371.851
108413.517
108455.184
108496.849
108538.515
108580.181
108621.846
108663.510
108705.177
108746.843
108788.506
108830.171
108871.832
108913.503
108955.162
108996.833
109038.499
109080.164
109121.830
109163.497
109205.160
109246.826
109288.492
109330.157
109371.823
109413.489
109455.155
109496.820
109538.487
109580.151
109621.817
109663.482
109705.150
109746.813
109788.478
109830.144
109871.808
109913.473
109955.139
109996.811
110038.470
110080.136
110121.801
110163.467
110205.131
110246.797
110288.462
110330.128
110371.793
110413.458
110455.125
110496.790
110538.457
110580.124
110621.788
110663.452
110705.118
110746.784
110788.450
110830.115
110871.779
110913.445
110955.110
110996.780
111038.440
111080.106
111121.772
111163.437
111205.102
111246.768
111288.433
111330.099
111371.764
111413.430
111455.097
111496.763
111538.430
111580.093
111621.759
111663.422
111705.090
111746.756
111788.420
111830.086
111871.749
111913.415
111955.080
111996.754
112038.412
112080.077
112121.742
112163.408
112205.073
112246.739
112288.404
112330.069
112371.735
112413.402
112455.065
112496.734
112538.399
112580.064
112621.729
112663.393
112705.060
112746.726
112788.392
112830.057
112871.720
112913.385
112955.051
112996.722
113038.382
113080.048
113121.713
113163.379
113205.044
113246.710
113288.375
113330.041
113371.706
113413.373
113455.039
113496.704
113538.370
113580.035
113621.700
113663.364
113705.032
113746.696
113788.362
113830.028
113871.692
113913.357
113955.022
113996.697
114038.354
114080.018
114121.684
114163.346
114205.010
114246.681
114288.340
114330.012
114371.677
114413.345
114455.010
114496.676
114538.342
114580.005
114621.672
114663.337
114705.002
114746.667
114788.332
114829.998
114871.662
114913.329
114954.993
114996.664
115038.324
115079.991
115121.654
115163.321
115204.985
115246.653
115288.317
115329.982
115371.647
115413.315
115454.979
115496.645
115538.311
115579.978
115621.641
115663.307
115704.973
115746.638
115788.304
115829.968
115871.633
115913.299
115954.964
115996.639
116038.294
116079.961
116121.626
116163.292
116204.957
116246.624
116288.288
116329.953
116371.619
116413.285
116454.951
116496.615
116538.284
116579.948
116621.613
116663.277
116704.945
116746.611
116788.273
116829.940
116871.605
116913.271
116954.935
116996.608
117038.267
117079.932
117121.597
117163.262
117204.928
117246.594
117288.258
117329.923
117371.589
117413.256
117454.921
117496.586
117538.253
117579.921
117621.584
117663.249
117704.915
117746.581
117788.246
117829.909
117871.575
117913.240
117954.906
117996.580
118038.236
118079.904
118121.568
118163.233
118204.899
118246.563
118288.230
118329.896
118371.560
118413.227
118454.892
118496.558
118538.225
118579.890
118621.554
118663.220
118704.885
118746.551
118788.214
118829.881
118871.546
118913.212
118954.877
118996.548
119038.207
119079.873
119121.538
119163.205
119204.870
119246.536
119288.200
119329.866
119371.532
119413.199
119454.864
119496.528
119538.196
119579.861
119621.525
119663.192
119704.857
119746.523
119788.187
119829.852
119871.516
119913.182
119954.847
119996.521
120038.178
120079.843
120121.509
120163.175
120204.839
120246.505
120288.171
120329.836
120371.503
120413.168
120454.833
120496.499
120538.166
120579.831
120621.496
120663.160
120704.826
120746.491
120788.157
120829.822
120871.487
120913.153
120954.818
120996.487
121038.149
121079.815
121121.479
121163.145
121204.810
121246.476
121288.142
121329.807
121371.475
121413.139
121454.804
121496.469
121538.137
121579.803
121621.467
121663.132
121704.798
121746.463
121788.128
121829.793
121871.459
121913.123
121954.789
121996.461
122038.120
122079.786
122121.451
122163.116
122204.782
122246.447
122288.113
122329.778
122371.445
122413.110
122454.776
122496.441
122538.108
122579.773
122621.437
122663.102
122704.769
122746.434
122788.099
122829.764
122871.429
122913.095
122954.760
122996.434
123038.091
123079.752
123121.421
123163.087
123204.752
123246.417
123288.084
123329.749
123371.416
123413.081
123454.746
123496.411
123538.079
123579.744
123621.408
123663.073
123704.738
123746.405
123788.070
123829.735
123871.400
123913.067
123954.730
123996.402
124038.062
124079.727
124121.392
124163.057
124204.723
124246.391
124288.054
124329.720
124371.384
124413.051
124454.717
124496.382
124538.049
124579.715
124621.378
124663.044
124704.710
124746.377
124788.042
124829.707
124871.371
124913.037
124954.702
124996.372
125038.033
125079.698
125121.363
125163.030
125204.694
125246.361
125288.025
125329.691
125371.356
125413.022
125454.687
125496.353
125538.020
125579.685
125621.350
125663.016
125704.682
125746.347
125788.012
125829.677
125871.343
125913.007
125954.674
125996.346
126038.004
126079.669
126121.334
126163.000
126204.665
126246.332
126287.996
126329.661
126371.327
126412.994
126454.661
126496.324
126537.991
126579.657
126621.322
126662.987
126704.653
126746.317
126787.983
126829.649
126871.313
126912.977
126954.643
126996.318
127037.974
127079.639
127121.306
127162.970
127204.635
127246.302
127287.968
127329.632
127371.297
127412.964
127454.630
127496.295
127537.961
127579.628
127621.292
127662.957
127704.624
127746.289
127787.953
127829.618
127871.284
127912.949
127954.614
127996.286
128037.945
128079.613
128121.275
128162.943
128204.606
128246.273
128287.938
128329.604
128371.268
128412.936
128454.601
128496.265
128537.932
128579.598
128621.264
128662.929
128704.594
128746.259
128787.923
128829.589
128871.286
128912.919
128954.611
128996.257
129037.934
129079.581
129121.256
129162.912
129204.576
129246.243
129287.905
129329.573
129371.239
129412.905
129454.570
129496.236
129537.904
129579.578
129621.234
129662.898
129704.565
129746.229
129787.895
129829.559
129871.242
129912.891
129954.561
129996.227
130037.885
130079.552
130121.212
130162.882
130204.543
130246.214
130287.874
130329.545
130371.212
130412.876
130454.543
130496.207
130537.874
130579.540
130621.205
130662.870
130704.536
130746.202
130787.867
130829.532
130871.196
130912.861
130954.527
130996.197
131037.857
131079.523
131121.188
131162.854
131204.520
131246.184
131287.851
131329.517
131371.181
131412.847
131454.512
131496.179
131537.843
131579.521
131621.175
131662.840
131704.506
131746.172
131787.838
131829.503
131871.168
131912.832
131954.497
131996.172
132037.828
132079.495
132121.159
132162.825
132204.490
132246.157
132287.821
132329.487
132371.152
132412.818
132454.485
132496.149
132537.817
132579.482
132621.145
132662.812
132704.476
132746.140
132787.808
132829.472
132871.137
132912.802
132954.471
132996.138
133037.800
133079.464
133121.131
133162.795
133204.461
133246.126
133287.794
133329.457
133371.123
133412.789
133454.455
133496.120
133537.787
133579.454
133621.117
133662.781
133704.448
133746.113
133787.778
133829.444
133871.108
133912.773
133954.440
133996.110
134037.770
134079.436
134121.101
134162.767
134204.434
134246.097
134287.763
134329.428
134371.094
134412.761
134454.427
134496.091
134537.758
134579.423
134621.088
134662.753
134704.419
134746.084
134787.749
134829.415
134871.079
134912.740
134954.410
134996.082
135037.736
135079.403
135121.072
135162.732
135204.403
135246.069
135287.733
135329.400
135371.064
135412.731
135454.397
135496.062
135537.728
135579.394
135621.059
135662.725
135704.391
135746.053
135787.721
135829.387
135871.050
135912.717
135954.383
135996.050
136037.714
136079.377
136121.042
136162.708
136204.374
136246.039
136287.706
136329.370
136371.038
136412.702
136454.367
136496.032
136537.701
136579.364
136621.030
136662.695
136704.361
136746.026
136787.691
136829.356
136871.020
136912.686
136954.352
136996.026
137037.683
137079.349
137121.013
137162.678
137204.344
137246.009
137287.676
137329.341
137371.007
137412.672
137454.338
137496.004
137537.671
137579.336
137621.001
137662.667
137704.333
137745.998
137787.661
137829.327
137871.036
137912.659
137954.350
137995.998
138037.669
138079.319
138120.993
138162.649
138204.311
138245.981
138287.642
138329.312
138370.977
138412.644
138454.308
138495.974
138537.641
138579.306
138620.971
138662.636
138704.303
138745.967
138787.632
138829.299
138870.963
138912.628
138954.294
138995.964
139037.625
139079.289
139120.957
139162.621
139204.287
139245.951
139287.619
139329.282
139370.947
139412.614
139454.279
139495.946
139537.612
139579.277
139620.942
139662.608
139704.273
139745.939
139787.605
139829.268
139870.936
139912.599
139954.266
139995.933
140037.596
140079.264
140120.928
140162.592
140204.260
140245.923
140287.584
140329.249
140370.919
140412.584
140454.252
140495.917
140537.583
140579.250
140620.913
140662.579
140704.245
140745.910
140787.575
140829.241
140870.906
140912.571
140954.237
140995.905
141037.568
141079.232
141120.899
141162.562
141204.231
141245.894
141287.561
141329.225
141370.890
141412.559
141454.223
141495.888
141537.553
141579.219
141620.885
141662.550
141704.215
141745.881
141787.546
141829.212
141870.878
141912.541
141954.208
141995.882
142037.539
142079.203
142120.868
142162.534
142204.201
142245.864
142287.532
142329.195
142370.860
142412.529
142454.194
142495.859
142537.524
142579.190
142620.856
142662.521
142704.186
142745.852
142787.517
142829.182
142870.848
142912.512
142954.178
142995.853
143037.510
143079.174
143120.841
143162.504
143204.172
143245.835
143287.503
143329.166
143370.832
143412.499
143454.165
143495.830
143537.495
143579.162
143620.826
143662.492
143704.156
143745.822
143787.488
143829.154
143870.819
143912.483
143954.150
143995.819
144037.481
144079.144
144120.812
144162.475
144204.143
144245.806
144287.474
144329.137
144370.803
144412.470
144454.135
144495.801
144537.468
144579.131
144620.797
144662.463
144704.127
144745.793
144787.459
144829.124
144870.790
144912.453
144954.121
144995.794
145037.451
145079.115
145120.782
145162.446
145204.114
145245.777
145287.444
145329.108
145370.774
145412.439
145454.106
145495.772
145537.437
145579.103
145620.768
145662.433
145704.098
145745.764
145787.428
145829.094
145870.760
145912.425
145954.090
145995.763
146037.421
146079.085
146120.751
146162.416
146204.083
146245.748
146287.413
146329.079
146370.744
146412.409
146454.076
146495.741
146537.408
146579.074
146620.738
146662.402
146704.069
146745.735
146787.400
146829.066
146870.731
146912.395
146954.061
146995.731
147037.392
147079.056
147120.722
147162.387
147204.053
147245.719
147287.386
147329.050
147370.715
147412.383
147454.048
147495.712
147537.379
147579.044
147620.709
147662.375
147704.039
147745.706
147787.372
147829.037
147870.702
147912.366
147954.032
147995.702
148037.363
148079.027
148120.694
148162.359
148204.025
148245.690
148287.356
148329.021
148370.686
148412.353
148454.018
148495.684
148537.350
148579.013
148620.680
148662.346
148704.010
148745.676
148787.342
148829.008
148870.672
148912.337
148954.003
148995.677
149037.333
149079.000
149120.664
149162.329
149203.996
149245.660
149287.325
149328.991
149370.657
149412.324
149453.989
149495.655
149537.321
149578.984
149620.649
149662.316
149703.981
149745.648
149787.313
149828.979
149870.644
149912.308
149953.975
149995.645
150037.304
150078.971
150120.636
150162.300
150203.967
150245.631
150287.297
150328.962
150370.627
150412.295
150453.959
150495.626
150537.292
150578.957
150620.622
150662.288
150703.952
150745.619
150787.285
150828.949
150870.614
150912.280
150953.945
150995.616
151037.276
151078.940
151120.607
151162.272
151203.938
151245.603
151287.269
151328.935
151370.599
151412.265
151453.932
151495.597
151537.262
151578.927
151620.591
151662.258
151703.922
151745.590
151787.254
151828.920
151870.584
151912.249
151953.917
151995.587
152037.247
152078.911
152120.577
152162.241
152203.909
152245.573
152287.239
152328.903
152370.570
152412.235
152453.900
152495.567
152537.233
152578.899
152620.564
152662.229
152703.895
152745.561
152787.226
152828.894
152870.555
152912.220
152953.886
152995.559
153037.218
153078.883
153120.548
153162.214
153203.880
153245.545
153287.211
153328.876
153370.540
153412.207
153453.873
153495.539
153537.205
153578.869
153620.534
153662.200
153703.866
153745.531
153787.196
153828.862
153870.528
153912.191
153953.858
153995.527
154037.189
154078.853
154120.520
154162.183
154203.851
154245.515
154287.182
154328.846
154370.511
154412.178
154453.844
154495.509
154537.175
154578.840
154620.506
154662.171
154703.837
154745.502
154787.167
154828.833
154870.498
154912.164
154953.827
154995.501
155037.160
155078.823
155120.490
155162.155
155203.822
155245.485
155287.153
155328.816
155370.482
155412.149
155453.815
155495.480
155537.145
155578.811
155620.477
155662.142
155703.807
155745.473
155787.139
155828.804
155870.470
155912.132
155953.800
155995.469
156037.131
156078.795
156120.462
156162.125
156203.793
156245.456
156287.123
156328.787
156370.453
156412.120
156453.786
156495.448
156537.117
156578.786
156620.447
156662.112
156703.779
156745.443
156787.109
156828.774
156870.439
156912.103
156953.770
156995.441
157037.099
157078.765
157120.431
157162.095
157203.761
157245.427
157287.094
157328.758
157370.423
157412.089
157453.754
157495.420
157537.087
157578.752
157620.417
157662.084
157703.749
157745.415
157787.079
157828.745
157870.409
157912.074
157953.741
157995.413
158037.072
158078.735
158120.402
158162.067
158203.734
158245.399
158287.064
158328.728
158370.394
158412.061
158453.726
158495.392
158537.058
158578.724
158620.389
158662.055
158703.720
158745.385
158787.051
158828.716
158870.381
158912.045
158953.712
158995.386
159037.043
159078.709
159120.372
159162.038
159203.705
159245.370
159287.035
159328.700
159370.365
159412.036
159453.697
159495.362
159537.029
159578.694
159620.359
159662.025
159703.691
159745.357
159787.021
159828.686
159870.351
159912.016
159953.682
159995.348
160037.014
160078.679
160120.344
160162.008
160203.674
160245.340
160287.006
160328.670
160370.336
160412.002
160453.667
160495.333
160537.000
160578.666
160620.331
160661.995
160703.662
160745.326
160786.991
160828.657
160870.323
160911.987
160953.654
160995.327
161036.984
161078.650
161120.314
161161.981
161203.646
161245.310
161286.976
161328.641
161370.306
161411.972
161453.638
161495.303
161536.971
161578.634
161620.300
161661.965
161703.633
161745.297
161786.963
161828.628
161870.293
161911.958
161953.623
161995.296
162036.955
162078.620
162120.286
162161.950
162203.616
162245.281
162286.946
162328.611
162370.279
162411.943
162453.609
162495.275
162536.942
162578.606
162620.272
162661.937
162703.604
162745.269
162786.934
162828.599
162870.265
162911.929
162953.595
162995.268
163036.926
163078.590
163120.257
163161.921
163203.587
163245.253
163286.918
163328.583
163370.249
163411.916
163453.579
163495.246
163536.913
163578.578
163620.242
163661.907
163703.573
163745.238
163786.903
163828.568
163870.234
163911.901
163953.565
163995.239
164036.896
164078.563
164120.227
164161.894
164203.558
164245.223
164286.890
164328.554
164370.219
164411.887
164453.553
164495.215
164536.883
164578.547
164620.214
164661.879
164703.544
164745.210
164786.874
164828.540
164870.205
164911.870
164953.536
164995.206
165036.867
165078.532
165120.198
165161.862
165203.529
165245.195
165286.859
165328.526
165370.189
165411.856
165453.522
165495.187
165536.853
165578.520
165620.183
165661.850
165703.516
165745.181
165786.847
165828.512
165870.177
165911.843
165953.506
165995.174
166036.837
166078.505
166120.168
166161.833
166203.499
166245.165
166286.830
166328.497
166370.162
166411.827
166453.493
166495.158
166536.826
166578.491
166620.155
166661.821
166703.487
166745.152
166786.818
166828.482
166870.149
166911.812
166953.479
166995.151
167036.810
167078.475
167120.141
167161.805
167203.472
167245.136
167286.801
167328.467
167370.132
167411.798
167453.463
167495.128
167536.796
167578.461
167620.124
167661.791
167703.458
167745.122
167786.789
167828.454
167870.119
167911.783
167953.450
167995.120
168036.781
168078.444
168120.112
168161.775
168203.442
168245.108
168286.772
168328.438
168370.104
168411.768
168453.433
168495.099
168536.767
168578.431
168620.096
168661.762
168703.427
168745.094
168786.757
168828.423
168870.087
168911.753
168953.419
168995.089
169036.750
169078.417
169120.082
169161.745
169203.411
169245.076
169286.743
169328.409
169370.073
169411.740
169453.406
169495.071
169536.738
169578.402
169620.067
169661.733
169703.397
169745.063
169786.727
169828.393
169870.059
169911.724
169953.391
169995.061
170036.722
170078.386
170120.053
170161.717
170203.383
170245.047
170286.714
170328.379
170370.044
170411.710
170453.376
170495.042
170536.708
170578.374
170620.038
170661.703
170703.370
170745.035
170786.701
170828.366
170870.031
170911.695
170953.362
170995.035
171036.692
171078.357
171120.023
171161.688
171203.354
171245.013
171286.679
171328.344
171370.010
171411.675
171453.341
171495.013
171536.677
171578.344
171620.009
171661.669
171703.336
171745.000
171786.672
171828.335
171870.003
171911.667
171953.332
171995.004
172036.663
172078.328
172119.992
172161.658
172203.324
172244.989
172286.655
172328.320
172369.985
172411.652
172453.318
172494.985
172536.650
172578.320
172619.979
172661.646
172703.311
172744.977
172786.642
172828.307
172869.973
172911.637
172953.304
172994.973
173036.635
173078.299
173119.966
173161.629
173203.297
173244.960
173286.628
173328.292
173369.956
173411.624
173453.289
173494.955
173536.622
173578.286
173619.952
173661.616
173703.283
173744.947
173786.612
173828.277
173869.942
173911.608
173953.274
173994.946
174036.604
174078.269
174119.936
174161.602
174203.266
174244.931
174286.597
174328.263
174369.928
174411.594
174453.259
174494.925
174536.592
174578.256
174619.921
174661.587
174703.253
174744.917
174786.582
174828.248
174869.915
174911.578
174953.244
174994.913
175036.575
175078.240
175119.907
175161.571
175203.238
175244.903
175286.568
175328.232
175369.898
175411.566
175453.230
175494.895
175536.564
175578.228
175619.893
175661.557
175703.225
175744.889
175786.554
175828.219
175869.885
175911.549
175953.215
175994.888
176036.547
176078.212
176119.877
176161.543
176203.208
176244.873
176286.539
176328.204
176369.869
176411.537
176453.201
176494.867
176536.532
176578.199
176619.863
176661.527
176703.195
176744.860
176786.525
176828.191
176869.854
176911.521
176953.186
176994.861
177036.519
177078.182
177119.848
177161.513
177203.180
177244.843
177286.511
177328.175
177369.839
177411.507
177453.171
177494.837
177536.504
177578.169
177619.835
177661.499
177703.166
177744.831
177786.497
177828.161
177869.827
177911.490
177953.158
177994.828
178036.489
178078.153
178119.818
178161.483
178203.149
178244.816
178286.481
178328.146
178369.810
178411.479
178453.144
178494.809
178536.474
178578.140
178619.806
178661.469
178703.137
178744.800
178786.467
178828.133
178869.797
178911.464
178953.128
178994.801
179036.460
179078.124
179119.791
179161.455
179203.120
179244.785
179286.453
179328.116
179369.782
179411.449
179453.114
179494.780
179536.445
179578.111
179619.777
179661.441
179703.108
179744.773
179786.437
179828.103
179869.768
179911.432
179953.100
179994.771
180036.431
180078.095
180119.760
180161.425
180203.091
180244.756
180286.423
180328.087
180369.752
180411.419
180453.085
180494.750
180536.416
180578.081
180619.746
180661.413
180703.078
180744.743
180786.409
180828.074
180869.740
180911.403
180953.070
180994.740
181036.402
181078.065
181119.732
181161.396
181203.064
181244.727
181286.394
181328.058
181369.723
181411.390
181453.056
181494.722
181536.387
181578.052
181619.717
181661.383
181703.049
181744.714
181786.379
181828.045
181869.710
181911.375
181953.042
181994.713
182036.372
182078.035
182119.704
182161.367
182203.034
182244.698
182286.366
182328.029
182369.695
182411.361
182453.027
182494.692
182536.357
182578.025
182619.689
182661.354
182703.020
182744.685
182786.350
182828.017
182869.682
182911.346
182953.013
182994.686
183036.344
183078.007
183119.675
183161.338
183203.005
183244.669
183286.337
183328.000
183369.665
183411.332
183452.998
183494.663
183536.334
183577.996
183619.660
183661.326
183702.991
183744.654
183786.322
183827.987
183869.653
183911.316
183952.983
183994.652
184036.314
184077.977
184119.645
184161.308
184202.976
184244.640
184286.307
184327.971
184369.636
184411.303
184452.969
184494.635
184536.299
184577.965
184619.629
184661.295
184702.961
184744.624
184786.292
184827.958
184869.624
184911.287
184952.954
184994.627
185036.285
185077.949
185119.616
185161.279
185202.947
185244.610
185286.278
185327.941
185369.606
185411.275
185452.939
185494.605
185536.270
185577.941
185619.601
185661.264
185702.932
185744.595
185786.263
185827.929
185869.594
185911.258
185952.925
185994.599
186036.256
186077.919
186119.587
186161.251
186202.917
186244.581
186286.248
186327.912
186369.577
186411.245
186452.910
186494.576
186536.241
186577.907
186619.571
186661.237
186702.901
186744.568
186786.234
186827.898
186869.565
186911.228
186952.896
186994.567
187036.226
187077.890
187119.556
187161.221
187202.887
187244.552
187286.217
187327.883
187369.548
187411.214
187452.880
187494.546
187536.212
187577.877
187619.543
187661.208
187702.874
187744.537
187786.203
187827.870
187869.534
187911.199
187952.868
187994.538
188036.197
188077.861
188119.528
188161.191
188202.858
188244.524
188286.190
188327.854
188369.520
188411.186
188452.852
188494.516
188536.183
188577.847
188619.514
188661.178
188702.844
188744.508
188786.175
188827.840
188869.508
188911.172
188952.836
188994.510
189036.167
189077.832
189119.497
189161.163
189202.828
189244.494
189286.159
189327.824
189369.489
189411.157
189452.822
189494.487
189536.154
189577.834
189619.485
189661.148
189702.816
189744.480
189786.145
189827.809
189869.477
189911.140
189952.806
189994.473
190036.137
190077.802
190119.468
190161.133
190202.799
190244.464
190286.130
190327.795
190369.460
190411.127
190452.792
190494.458
190536.125
190577.790
190619.455
190661.120
190702.786
190744.449
190786.117
190827.783
190869.448
190911.112
190952.779
190994.453
191036.110
191077.773
191119.441
191161.104
191202.772
191244.435
191286.103
191327.766
191369.432
191411.099
191452.764
191494.429
191536.095
191577.761
191619.426
191661.092
191702.757
191744.422
191786.088
191827.753
191869.419
191911.082
191952.750
191994.418
192036.081
192077.744
192119.411
192161.075
192202.743
192244.406
192286.073
192327.737
192369.404
192411.069
192452.736
192494.400
192536.067
192577.732
192619.395
192661.062
192702.728
192744.393
192786.057
192827.724
192869.389
192911.053
192952.721
192994.393
193036.051
193077.717
193119.381
193161.047
193202.711
193244.378
193286.042
193327.709
193369.375
193411.041
193452.704
193494.370
193536.036
193577.701
193619.367
193661.031
193702.698
193744.364
193786.028
193827.694
193869.360
193911.025
193952.689
193994.359
194036.022
194077.687
194119.351
194161.017
194202.682
194244.348
194286.014
194327.678
194369.346
194411.010
194452.674
194494.340
194536.008
194577.674
194619.338
194661.003
194702.669
194744.334
194786.000
194827.664
194869.333
194910.995
194952.661
194994.330
195035.993
195077.656
195119.322
195160.987
195202.652
195244.319
195285.986
195327.650
195369.314
195410.982
195452.648
195494.314
195535.985
195577.645
195619.310
195660.974
195702.640
195744.306
195785.969
195827.634
195869.303
195910.965
195952.631
195994.303
196035.963
196077.628
196119.294
196160.957
196202.624
196244.288
196285.955
196327.620
196369.286
196410.951
196452.617
196494.282
196535.950
196577.615
196619.280
196660.943
196702.611
196744.276
196785.939
196827.605
196869.273
196910.936
196952.602
196994.273
197035.934
197077.597
197119.264
197160.928
197202.595
197244.261
197285.925
197327.591
197369.256
197410.921
197452.587
197494.253
197535.920
197577.587
197619.251
197660.915
197702.582
197744.247
197785.913
197827.576
197869.245
197910.908
197952.573
197994.243
198035.906
198077.568
198119.235
198160.899
198202.565
198244.230
198285.896
198327.561
198369.228
198410.893
198452.561
198494.225
198535.891
198577.556
198619.220
198660.886
198702.553
198744.218
198785.882
198827.547
198869.213
198910.879
198952.545
198994.210
199035.877
199077.541
199119.206
199160.872
199202.538
199244.202
199285.868
199327.533
199369.198
199410.865
199452.529
199494.195
199535.863
199577.527
199619.193
199660.857
199702.523
199744.191
199785.855
199827.519
199869.185
199910.849
199952.516
199994.187
200035.846
200077.511
200119.178
200160.842
200202.509
200244.173
200285.839
200327.504
200369.169
200410.836
200452.502
200494.166
200535.833
200577.498
200619.163
200660.829
200702.495
200744.160
200785.826
200827.491
200869.156
200910.820
200952.486
200994.151
201035.819
201077.481
201119.149
201160.812
201202.479
201244.143
201285.811
201327.474
201369.140
201410.807
201452.472
201494.138
201535.804
201577.469
201619.134
201660.800
201702.465
201744.131
201785.797
201827.461
201869.128
201910.790
201952.458
201994.122
202035.789
202077.452
202119.120
202160.784
202202.451
202244.114
202285.781
202327.445
202369.111
202410.779
202452.444
202494.104
202535.770
202577.438
202619.107
202660.768
202702.429
202744.097
202785.762
202827.426
202869.092
202910.756
202952.422
202994.087
203035.757
203077.423
203119.090
203160.754
203202.421
203244.085
203285.752
203327.416
203369.081
203410.749
203452.414
203494.080
203535.745
203577.419
203619.075
203660.741
203702.404
203744.070
203785.737
203827.401
203869.068
203910.731
203952.398
203994.068
204035.729
204077.395
204119.060
204160.725
204202.390
204244.057
204285.722
204327.387
204369.052
204410.718
204452.383
204494.049
204535.717
204577.381
204619.046
204660.711
204702.377
204744.041
204785.708
204827.372
204869.038
204910.702
204952.370
204994.037
205035.699
205077.364
205119.030
205160.696
205202.361
205244.027
205285.692
205327.357
205369.024
205410.688
205452.353
205494.019
205535.688
205577.354
205619.017
205660.682
205702.348
205744.014
205785.678
205827.343
205869.010
205910.673
205952.340
205994.006
206035.671
206077.337
206119.003
206160.667
206202.334
206244.000
206285.663
206327.329
206368.994
206410.661
206452.325
206493.991
206535.658
206577.323
206618.988
206660.654
206702.320
206743.985
206785.650
206827.313
206868.979
206910.645
206952.310
206993.979
207035.642
207077.306
207118.973
207160.637
207202.303
207243.969
207285.634
207327.298
207368.965
207410.631
207452.296
207493.962
207535.629
207577.294
207618.959
207660.623
207702.290
207743.956
207785.621
207827.286
207868.950
207910.616
207952.281
207993.955
208035.613
208077.277
208118.943
208160.608
208202.274
208243.939
208285.605
208327.270
208368.935
208410.602
208452.267
208493.933
208535.600
208577.265
208618.930
208660.596
208702.261
208743.926
208785.592
208827.257
208868.923
208910.586
208952.254
208993.924
209035.585
209077.248
209118.915
209160.579
209202.247
209243.910
209285.577
209327.241
209368.906
209410.574
209452.239
209493.905
209535.570
209577.235
209618.902
209660.566
209702.231
209743.896
209785.561
209827.228
209868.892
209910.558
209952.223
209993.894
210035.556
210077.219
210118.885
210160.551
210202.216
210243.882
210285.547
210327.213
210368.877
210410.543
210452.208
210493.874
210535.541
210577.206
210618.870
210660.536
210702.203
210743.867
210785.533
210827.199
210868.863
210910.528
210952.193
210993.867
211035.525
211077.190
211118.855
211160.520
211202.187
211243.851
211285.518
211327.184
211368.848
211410.514
211452.179
211493.845
211535.513
211577.177
211618.842
211660.507
211702.173
211743.838
211785.504
211827.169
211868.834
211910.498
211952.165
211993.841
212035.497
212077.161
212118.826
212160.492
212202.156
212243.823
212285.489
212327.153
212368.820
212410.484
212452.150
212493.814
212535.483
212577.149
212618.812
212660.476
212702.145
212743.811
212785.476
212827.139
212868.806
212910.469
212952.135
212993.802
213035.468
213077.131
213118.797
213160.463
213202.128
213243.793
213285.460
213327.124
213368.790
213410.456
213452.120
213493.786
213535.454
213577.118
213618.783
213660.449
213702.115
213743.781
213785.447
213827.111
213868.777
213910.441
213952.107
213993.773
214035.440
214077.102
214118.767
214160.433
214202.100
214243.763
214285.429
214327.096
214368.760
214410.426
214452.091
214493.756
214535.425
214577.090
214618.753
214660.419
214702.086
214743.750
214785.416
214827.080
214868.748
214910.411
214952.077
214993.753
215035.409
215077.073
215118.739
215160.403
215202.069
215243.735
215285.401
215327.064
215368.732
215410.397
215452.061
215493.728
215535.395
215577.060
215618.724
215660.391
215702.055
215743.720
215785.387
215827.050
215868.718
215910.382
215952.049
215993.723
216035.380
216077.044
216118.710
216160.375
216202.040
216243.707
216285.372
216327.038
216368.702
216410.367
216452.033
216493.699
216535.366
216577.031
216618.696
216660.362
216702.028
216743.693
216785.358
216827.024
216868.689
216910.353
216952.021
216993.691
217035.350
217077.015
217118.682
217160.345
217202.013
217243.676
217285.344
217327.008
217368.673
217410.340
217452.006
217493.672
217535.337
217577.002
217618.668
217660.333
217701.998
217743.663
217785.329
217826.994
217868.660
217910.324
217951.991
217993.661
218035.323
218076.985
218118.653
218160.316
218201.984
218243.647
218285.315
218326.978
218368.644
218410.311
218451.977
218493.642
218535.308
218576.973
218618.638
218660.303
218701.969
218743.635
218785.298
218826.965
218868.630
218910.294
218951.961
218993.634
219035.292
219076.956
219118.622
219160.287
219201.954
219243.618
219285.285
219326.949
219368.614
219410.281
219451.947
219493.612
219535.278
219576.943
219618.608
219660.274
219701.940
219743.606
219785.271
219826.935
219868.600
219910.265
219951.931
219993.605
220035.263
220076.927
220118.593
220160.257
220201.924
220243.590
220285.255
220326.920
220368.585
220410.252
220451.917
220493.583
220535.249
220576.913
220618.580
220660.245
220701.911
220743.576
220785.242
220826.907
220868.572
220910.236
220951.904
220993.577
221035.232
221076.898
221118.565
221160.229
221201.894
221243.559
221285.226
221326.890
221368.556
221410.222
221451.887
221493.554
221535.221
221576.884
221618.550
221660.214
221701.881
221743.546
221785.211
221826.877
221868.543
221910.207
221951.873
221993.543
222035.203
222076.870
222118.535
222160.200
222201.868
222243.530
222285.196
222326.860
222368.526
222410.193
222451.859
222493.525
222535.191
222576.855
222618.519
222660.187
222701.853
222743.517
222785.181
222826.849
222868.513
222910.178
222951.844
222993.520
223035.174
223076.839
223118.505
223160.170
223201.837
223243.503
223285.167
223326.833
223368.497
223410.163
223451.829
223493.496
223535.163
223576.826
223618.492
223660.157
223701.823
223743.489
223785.152
223826.820
223868.485
223910.148
223951.816
223993.488
224035.146
224076.810
224118.477
224160.142
224201.809
224243.472
224285.138
224326.803
224368.469
224410.136
224451.802
224493.467
224535.133
224576.797
224618.463
224660.129
224701.794
224743.460
224785.124
224826.790
224868.454
224910.119
224951.786
224993.459
225035.117
225076.781
225118.448
225160.112
225201.779
225243.443
225285.109
225326.774
225368.439
225410.106
225451.772
225493.438
225535.104
225576.770
225618.434
225660.099
225701.765
225743.430
225785.095
225826.761
225868.425
225910.091
225951.757
225993.429
226035.088
226076.753
226118.418
226160.082
226201.748
226243.414
226285.078
226326.746
226368.410
226410.077
226451.742
226493.408
226535.075
226576.739
226618.405
226660.069
226701.736
226743.401
226785.065
226826.732
226868.397
226910.063
226951.727
226993.391
227035.059
227076.722
227118.389
227160.054
227201.720
227243.384
227285.050
227326.715
227368.381
227410.047
227451.713
227493.378
227535.044
227576.727
227618.376
227660.041
227701.706
227743.371
227785.037
227826.702
227868.367
227910.032
227951.697
227993.364
228035.027
228076.695
228118.358
228160.024
228201.690
228243.355
228285.022
228326.686
228368.352
228410.019
228451.684
228493.349
228535.015
228576.681
228618.346
228660.011
228701.677
228743.343
228785.007
228826.673
228868.338
228910.003
228951.668
228993.335
229034.999
229076.664
229118.330
229159.995
229201.661
229243.326
229284.993
229326.657
229368.323
229409.989
229451.655
229493.320
229534.987
229576.656
229618.317
229659.982
229701.648
229743.313
229784.977
229826.644
229868.309
229909.973
229951.640
229993.304
230034.970
230076.636
230118.300
230159.967
230201.631
230243.297
230284.963
230326.629
230368.294
230409.959
230451.624
230493.289
230534.957
230576.622
230618.287
230659.952
230701.617
230743.284
230784.942
230826.613
230868.281
230909.944
230951.609
230993.276
231034.941
231076.606
231118.271
231159.937
231201.603
231243.267
231284.934
231326.598
231368.264
231409.930
231451.596
231493.261
231534.928
231576.593
231618.258
231659.923
231701.589
231743.255
231784.920
231826.585
231868.249
231909.916
231951.581
231993.246
232034.912
232076.577
232118.243
232159.907
232201.573
232243.239
232284.905
232326.569
232368.234
232409.902
232451.566
232493.232
232534.899
232576.563
232618.229
232659.895
232701.559
232743.226
232784.890
232826.556
232868.221
232909.886
232951.552
232993.218
233034.883
233076.548
233118.215
233159.879
233201.545
233243.210
233284.876
233326.541
233368.205
233409.871
233451.536
233493.203
233534.870
233576.535
233618.199
233659.865
233701.524
233743.189
233784.854
233826.521
233868.185
233909.851
233951.517
233993.184
234034.848
234076.514
234118.177
234159.848
234201.515
234243.181
234284.846
234326.511
234368.177
234409.842
234451.509
234493.175
234534.841
234576.506
234618.172
234659.835
234701.503
234743.167
234784.832
234826.497
234868.163
234909.827
234951.494
234993.159
235034.825
235076.490
235118.154
235159.822
235201.485
235243.151
235284.818
235326.477
235368.141
235409.806
235451.478
235493.143
235534.812
235576.475
235618.142
235659.808
235701.473
235743.138
235784.802
235826.468
235868.134
235909.798
235951.465
235993.137
236034.795
236076.461
236118.125
236159.791
236201.456
236243.121
236284.788
236326.453
236368.118
236409.785
236451.450
236493.115
236534.780
236576.445
236618.112
236659.777
236701.444
236743.107
236784.773
236826.439
236868.104
236909.769
236951.436
236993.107
237034.765
237076.431
237118.097
237159.762
237201.428
237243.094
237284.760
237326.423
237368.089
237409.756
237451.420
237493.088
237534.753
237576.431
237618.084
237659.749
237701.414
237743.080
237784.744
237826.410
237868.075
237909.740
237951.407
237993.072
238034.737
238076.402
238118.067
238159.734
238201.398
238243.063
238284.729
238326.394
238368.060
238409.727
238451.393
238493.057
238534.724
238576.389
238618.054
238659.720
238701.385
238743.051
238784.716
238826.382
238868.047
238909.711
238951.377
238993.046
239034.709
239076.373
239118.038
239159.703
239201.370
239243.034
239284.700
239326.366
239368.030
239409.697
239451.363
239493.028
239534.695
239576.360
239618.025
239659.691
239701.356
239743.022
239784.686
239826.353
239868.017
239909.683
239951.347
239993.014
240034.679
240076.344
240118.009
240159.674
240201.341
240243.007
240284.672
240326.337
240368.003
240409.670
240451.333
240492.999
240534.669
240576.330
240617.995
240659.661
240701.329
240742.990
240784.657
240826.322
240867.986
240909.652
240951.319
240992.984
241034.649
241076.315
241117.979
241159.644
241201.310
241242.977
241284.642
241326.306
241367.972
241409.638
241451.304
241492.969
241534.637
241576.301
241617.967
241659.633
241701.297
241742.964
241784.629
241826.294
241867.959
241909.623
241951.291
241992.955
242034.621
242076.285
242117.950
242159.616
242201.282
242242.947
242284.612
242326.278
242367.943
242409.609
242451.273
242492.939
242534.607
242576.272
242617.937
242659.603
242701.269
242742.934
242784.600
242826.265
242867.930
242909.594
242951.259
242992.925
243034.592
243076.255
243117.922
243159.586
243201.254
243242.917
243284.585
243326.248
243367.914
243409.581
243451.246
243492.912
243534.578
243576.243
243617.907
243659.572
243701.239
243742.903
243784.568
243826.235
243867.899
243909.566
243951.231
243992.897
244034.560
244076.227
244117.893
244159.558
244201.225
244242.887
244284.555
244326.220
244367.884
244409.553
244451.216
244492.881
244534.550
244576.214
244617.878
244659.544
244701.208
244742.874
244784.539
244826.205
244867.870
244909.535
244951.201
244992.866
245034.531
245076.197
245117.863
245159.528
245201.194
245242.859
245284.526
245326.190
245367.855
245409.523
245451.188
245492.854
245534.523
245576.194
245617.851
245659.516
245701.181
245742.845
245784.512
245826.177
245867.841
245909.506
245951.172
245992.837
246034.503
246076.168
246117.833
246159.500
246201.165
246242.829
246284.495
246326.162
246367.826
246409.494
246451.158
246492.825
246534.491
246576.155
246617.821
246659.486
246701.151
246742.817
246784.481
246826.147
246867.813
246909.477
246951.143
246992.808
247034.473
247076.140
247117.804
247159.469
247201.135
247242.802
247284.466
247326.133
247367.823
247409.463
247451.128
247492.793
247534.461
247576.142
247617.791
247659.457
247701.123
247742.788
247784.452
247826.119
247867.783
247909.448
247951.115
247992.780
248034.444
248076.110
248117.776
248159.442
248201.106
248242.772
248284.438
248326.103
248367.767
248409.434
248451.101
248492.765
248534.432
248576.097
248617.761
248659.426
248701.093
248742.758
248784.424
248826.089
248867.754
248909.419
248951.085
248992.750
249034.415
249076.080
249117.746
249159.411
249201.077
249242.742
249284.407
249326.072
249367.733
249409.404
249451.071
249492.736
249534.403
249576.068
249617.733
249659.399
249701.064
249742.729
249784.394
249826.060
249867.726
249909.390
249951.056
249992.722
250034.387
250076.051
250117.717
250159.381
250201.048
250242.714
250284.379
250326.044
250367.710
250409.375
250451.041
250492.706
250534.374
250576.039
250617.703
250659.368
250701.035
250742.700
250784.365
250826.031
250867.697
250909.361
250951.026
250992.692
251034.358
251076.022
251117.688
251159.354
251201.019
251242.685
251284.350
251326.016
251367.680
251409.346
251451.011
251492.677
251534.345
251576.009
251617.675
251659.340
251701.006
251742.672
251784.336
251826.002
251867.668
251909.331
251950.997
251992.663
252034.330
252075.994
252117.658
252159.325
252200.991
252242.655
252284.320
252325.985
252367.651
252409.317
252450.983
252492.647
252534.315
252575.982
252617.646
252659.311
252700.976
252742.642
252784.307
252825.972
252867.638
252909.302
252950.968
252992.633
253034.300
253075.965
253117.629
253159.294
253200.960
253242.625
253284.290
253325.956
253367.623
253409.288
253450.953
253492.620
253534.285
253575.949
253617.615
253659.281
253700.947
253742.612
253784.277
253825.944
253867.607
253909.273
253950.939
253992.603
254034.270
254075.935
254117.601
254159.267
254200.932
254242.597
254284.263
254325.928
254367.594
254409.259
254450.924
254492.589
254534.257
254575.919
254617.586
254659.252
254700.918
254742.583
254784.248
254825.914
254867.579
254909.243
254950.910
254992.576
255034.241
255075.905
255117.571
255159.237
255200.902
255242.568
255284.233
255325.898
255367.563
255409.230
255450.895
255492.561
255534.229
255575.893
255617.558
255659.224
255700.890
255742.554
255784.219
255825.885
255867.549
255909.214
255950.880
255992.541
256034.211
256075.877
256117.542
256159.207
256200.868
256242.540
256284.204
256325.869
256367.534
256409.201
256450.867
256492.539
256534.200
256575.867
256617.528
256659.194
256700.860
256742.525
256784.189
256825.856
256867.521
256909.186
256950.852
256992.516
257034.182
257075.847
257117.513
257159.178
257200.844
257242.509
257284.175
257325.839
257367.506
257409.173
257450.837
257492.503
257534.169
257575.846
257617.500
257659.165
257700.831
257742.494
257784.161
257825.826
257867.490
257909.155
257950.822
257992.486
258034.152
258075.818
258117.483
258159.148
258200.816
258242.479
258284.146
258325.810
258367.478
258409.142
258450.808
258492.474
258534.140
258575.806
258617.471
258659.136
258700.801
258742.466
258784.129
258825.797
258867.463
258909.127
258950.792
258992.458
259034.123
259075.789
259117.454
259159.119
259200.785
259242.451
259284.116
259325.781
259367.446
259409.113
259450.779
259492.442
259534.111
259575.788
259617.441
259659.106
259700.772
259742.437
259784.102
259825.767
259867.433
259909.098
259950.764
259992.431
260034.095
260075.761
260117.426
260159.090
260200.755
260242.421
260284.087
260325.752
260367.417
260409.084
260450.749
260492.415
260534.082
260575.746
260617.411
260659.077
260700.743
260742.409
260784.073
260825.738
260867.405
260909.068
260950.735
260992.399
261034.065
261075.731
261117.395
261159.060
261200.728
261242.391
261284.057
261325.724
261367.388
261409.048
261450.718
261492.380
261534.047
261575.717
261617.383
261659.049
261700.713
261742.378
261784.043
261825.707
261867.375
261909.040
261950.706
261992.370
262034.035
262075.701
262117.368
262159.031
262200.698
262242.363
262284.029
262325.694
262367.360
262409.026
262450.691
262492.357
262534.023
262575.688
262617.353
262659.018
262700.684
262742.349
262784.014
262825.679
262867.347
262909.010
262950.677
262992.340
263034.008
263075.671
263117.338
263159.002
263200.669
263242.333
263284.000
263325.665
263367.329
263408.995
263450.661
263492.327
263533.994
263575.659
263617.324
263658.989
263700.657
263742.320
263783.985
263825.649
263867.317
263908.980
263950.648
263992.311
264033.978
264075.643
264117.309
264158.973
264200.640
264242.304
264283.974
264325.635
264367.300
264408.967
264450.633
264492.298
264533.965
264575.629
264617.294
264658.960
264700.626
264742.291
264783.957
264825.621
264867.288
264908.952
264950.618
264992.282
265033.949
265075.612
265117.279
265158.944
265200.609
265242.276
265283.940
265325.605
265367.272
265408.938
265450.604
265492.269
265533.936
265575.602
265617.266
265658.930
265700.596
265742.260
265783.926
265825.592
265867.257
265908.922
265950.588
265992.253
266033.920
266075.583
266117.249
266158.915
266200.580
266242.245
266283.911
266325.576
266367.241
266408.908
266450.573
266492.238
266533.909
266575.571
266617.236
266658.902
266700.567
266742.233
266783.897
266825.562
266867.229
266908.893
266950.559
266992.224
267033.891
267075.555
267117.222
267158.885
267200.552
267242.216
267283.884
267325.547
267367.213
267408.879
267450.545
267492.211
267533.878
267575.542
267617.207
267658.871
267700.537
267742.202
267783.867
267825.534
267867.199
267908.864
267950.531
267992.194
268033.862
268075.526
268117.192
268158.856
268200.523
268242.188
268283.855
268325.519
268367.185
268408.850
268450.515
268492.180
268533.848
268575.513
268617.178
268658.842
268700.509
268742.174
268783.839
268825.504
268867.168
268908.834
268950.502
268992.166
269033.832
269075.497
269117.161
269158.828
269200.493
269242.159
269283.825
269325.490
269367.154
269408.821
269450.488
269492.152
269533.819
269575.484
269617.149
269658.815
269700.480
269742.145
269783.811
269825.474
269867.142
269908.807
269950.472
269992.138
270033.803
270075.466
270117.134
270158.797
270200.464
270242.130
270283.794
270325.460
270367.127
270408.791
270450.457
270492.123
270533.792
270575.454
270617.119
270658.783
270700.450
270742.116
270783.780
270825.448
270867.111
270908.776
270950.441
270992.107
271033.775
271075.438
271117.103
271158.769
271200.435
271242.099
271283.767
271325.430
271367.097
271408.762
271450.428
271492.093
271533.761
271575.425
271617.090
271658.755
271700.421
271742.087
271783.751
271825.417
271867.083
271908.748
271950.413
271992.079
272033.743
272075.410
272117.074
272158.740
272200.405
272242.071
272283.737
272325.402
272367.068
272408.733
272450.398
272492.064
272533.731
272575.397
272617.061
272658.727
272700.393
272742.057
272783.723
272825.388
272867.054
272908.718
272950.385
272992.049
273033.716
273075.379
273117.046
273158.711
273200.378
273242.042
273283.709
273325.372
273367.040
273408.705
273450.371
273492.036
273533.702
273575.367
273617.032
273658.697
273700.363
273742.028
273783.693
273825.359
273867.025
273908.689
273950.356
273992.021
274033.686
274075.350
274117.015
274158.683
274200.347
274242.012
274283.678
274325.343
274367.009
274408.674
274450.339
274492.006
274533.673
274575.338
274617.004
274658.669
274700.334
274741.999
274783.664
274825.332
274866.996
274908.659
274950.325
274991.993
275033.656
275075.323
275116.988
275158.652
275200.318
275241.983
275283.650
275325.316
275366.981
275408.645
275450.311
275491.976
275533.644
275575.309
275616.973
275658.637
275700.305
275741.971
275783.636
275825.300
275866.965
275908.630
275950.296
275991.961
276033.628
276075.292
276116.959
276158.622
276200.289
276241.954
276283.620
276325.284
276366.952
276408.616
276450.281
276491.947
276533.614
276575.280
276616.945
276658.611
276700.276
276741.941
276783.607
276825.272
276866.938
276908.601
276950.269
276991.935
277033.600
277075.263
277116.929
277158.594
277200.260
277241.925
277283.591
277325.256
277366.921
277408.588
277450.253
277491.919
277533.585
277575.251
277616.916
277658.581
277700.246
277741.913
277783.578
277825.243
277866.907
277908.572
277950.238
277991.905
278033.570
278075.233
278116.899
278158.564
278200.230
278241.895
278283.561
278325.227
278366.893
278408.558
278450.224
278491.890
278533.557
278575.221
278616.886
278658.551
278700.218
278741.883
278783.548
278825.214
278866.878
278908.543
278950.210
278991.875
279033.540
279075.205
279116.870
279158.535
279200.201
279241.867
279283.533
279325.197
279366.863
279408.529
279450.196
279491.862
279533.527
279575.191
279616.857
279658.522
279700.189
279741.853
279783.518
279825.183
279866.850
279908.514
279950.181
279991.846
280033.512
280075.175
280116.842
280158.506
280200.171
280241.837
280283.504
280325.168
280366.836
280408.500
280450.165
280491.830
280533.498
280575.162
280616.828
280658.493
280700.159
280741.824
280783.489
280825.155
280866.821
280908.484
280950.150
280991.815
281033.481
281075.147
281116.813
281158.476
281200.143
281241.808
281283.474
281325.139
281366.806
281408.472
281450.138
281491.803
281533.469
281575.134
281616.797
281658.463
281700.125
281741.795
281783.461
281825.126
281866.791
281908.457
281950.123
281991.787
282033.454
282075.117
282116.782
282158.449
282200.116
282241.779
282283.441
282325.110
282366.772
282408.443
282450.109
282491.775
282533.440
282575.106
282616.770
282658.436
282700.101
282741.766
282783.432
282825.097
282866.763
282908.426
282950.094
282991.758
283033.424
283075.088
283116.755
283158.419
283200.086
283241.750
283283.417
283325.081
283366.746
283408.413
283450.079
283491.744
283533.410
283575.076
283616.741
283658.406
283700.072
283741.737
283783.403
283825.068
283866.733
283908.397
283950.064
283991.728
284033.395
284075.059
284116.724
284158.390
284200.056
284241.721
284283.388
284325.052
284366.719
284408.385
284450.050
284491.716
284533.386
284575.046
284616.711
284658.376
284700.042
284741.708
284783.373
284825.039
284866.704
284908.368
284950.035
284991.699
285033.366
285075.030
285116.697
285158.361
285200.028
285241.692
285283.359
285325.022
285366.689
285408.355
285450.021
285491.686
285533.352
285575.017
285616.683
285658.347
285700.013
285741.677
285783.342
285825.008
285866.673
285908.339
285950.005
285991.669
286033.335
286075.001
286116.667
286158.331
286199.997
286241.662
286283.329
286324.993
286366.658
286408.324
286449.991
286491.657
286533.322
286574.988
286616.653
286658.319
286699.986
286741.650
286783.315
286824.981
286866.646
286908.309
286949.977
286991.640
287033.308
287074.971
287116.639
287158.302
287199.973
287241.634
287283.300
287324.964
287366.631
287408.296
287449.963
287491.620
287533.289
287574.955
287616.625
287658.290
287699.955
287741.621
287783.286
287824.951
287866.615
287908.282
287949.947
287991.614
288033.276
288074.944
288116.608
288158.275
288199.938
288241.606
288283.270
288324.934
288366.601
288408.267
288449.933
288491.598
288533.265
288574.929
288616.595
288658.261
288699.927
288741.592
288783.257
288824.922
288866.586
288908.254
288949.917
288991.584
289033.247
289074.915
289116.579
289158.245
289199.910
289241.577
289283.240
289324.908
289366.572
289408.238
289449.919
289491.570
289533.235
289574.902
289616.566
289658.231
289699.896
289741.561
289783.226
289824.892
289866.556
289908.232
289949.889
289991.554
290033.220
290074.884
290116.549
290158.215
290199.880
290241.548
290283.211
290324.877
290366.550
290408.208
290449.874
290491.540
290533.207
290574.871
290616.536
290658.200
290699.866
290741.533
290783.197
290824.866
290866.528
290908.193
290949.859
290991.524
291033.189
291074.856
291116.522
291158.185
291199.852
291241.516
291283.182
291324.848
291366.513
291408.179
291449.844
291491.509
291533.177
291574.843
291616.506
291658.171
291699.838
291741.503
291783.168
291824.833
291866.500
291908.165
291949.829
291991.495
292033.162
292074.826
292116.492
292158.157
292199.823
292241.488
292283.154
292324.819
292366.483
292408.151
292449.814
292491.482
292533.148
292574.813
292616.477
292658.144
292699.809
292741.476
292783.139
292824.805
292866.469
292908.135
292949.801
292991.466
293033.131
293074.799
293116.462
293158.129
293199.792
293241.461
293283.124
293324.789
293366.455
293408.122
293449.786
293491.453
293533.120
293574.798
293616.450
293658.115
293699.780
293741.444
293783.109
293824.775
293866.442
293908.106
293949.771
293991.437
294033.102
294074.768
294116.433
294158.097
294199.764
294241.429
294283.094
294324.760
294366.426
294408.091
294449.757
294491.423
294533.091
294574.755
294616.420
294658.085
294699.752
294741.416
294783.081
294824.745
294866.412
294908.078
294949.742
294991.409
295033.074
295074.739
295116.404
295158.068
295199.736
295241.400
295283.068
295324.731
295366.398
295408.062
295449.728
295491.393
295533.061
295574.726
295616.390
295658.056
295699.721
295741.388
295783.051
295824.718
295866.383
295908.050
295949.713
295991.379
296033.045
296074.710
296116.375
296158.039
296199.705
296241.372
296283.037
296324.701
296366.367
296408.033
296449.700
296491.363
296533.031
296574.696
296616.362
296658.027
296699.693
296741.359
296783.024
296824.689
296866.353
296908.018
296949.683
296991.349
297033.014
297074.680
297116.346
297158.011
297199.677
297241.341
297283.007
297324.673
297366.338
297408.005
297449.670
297491.337
297533.002
297574.667
297616.332
297657.998
297699.664
297741.329
297782.994
297824.659
297866.324
297907.990
297949.656
297991.321
298032.987
298074.653
298116.317
298157.983
298199.647
298241.314
298282.979
298324.644
298366.309
298407.975
298449.640
298491.306
298532.973
298574.638
298616.302
298657.970
298699.635
298741.300
298782.964
298824.629
298866.295
298907.960
298949.626
298991.293
299032.957
299074.623
299116.287
299157.954
299199.618
299241.284
299282.949
299324.616
299366.280
299407.946
299449.610
299491.276
299532.944
299574.620
299616.274
299657.940
299699.606
299741.271
299782.936
299824.601
299866.266
299907.931
299949.596
299991.263
300032.928
300074.593
300116.259
300157.926
300199.589
300241.257
300282.920
300324.585
300366.251
300407.916
300449.583
300491.249
300532.915
300574.579
300616.245
300657.909
300699.577
300741.241
300782.907
300824.571
300866.239
300907.902
300949.567
300991.234
301032.899
301074.566
301116.230
301157.895
301199.559
301241.226
301282.892
301324.557
301366.223
301407.888
301449.552
301491.220
301532.888
301574.551
301616.216
301657.882
301699.547
301741.213
301782.878
301824.543
301866.209
301907.873
301949.538
301991.206
302032.870
302074.535
302116.199
302157.865
302199.531
302241.196
302282.861
302324.527
302366.193
302407.858
302449.523
302491.189
302532.857
302574.522
302616.186
302657.853
302699.519
302741.183
302782.848
302824.513
302866.179
302907.844
302949.508
302991.176
303032.840
303074.506
303116.171
303157.836
303199.502
303241.168
303282.833
303324.498
303366.163
303407.829
303449.495
303491.160
303532.825
303574.491
303616.157
303657.823
303699.488
303741.153
303782.818
303824.484
303866.149
303907.815
303949.480
303991.146
304032.812
304074.476
304116.142
304157.806
304199.473
304241.138
304282.803
304324.468
304366.135
304407.800
304449.467
304491.132
304532.799
304574.465
304616.128
304657.793
304699.459
304741.126
304782.790
304824.454
304866.119
304907.786
304949.451
304991.118
305032.782
305074.447
305116.112
305157.777
305199.444
305241.110
305282.774
305324.440
305366.105
305407.772
305449.437
305491.101
305532.772
305574.434
305616.100
305657.765
305699.431
305741.095
305782.760
305824.426
305866.090
305907.756
305949.421
305991.086
306032.752
306074.417
306116.083
306157.749
306199.414
306241.080
306282.746
306324.412
306366.076
306407.743
306449.407
306491.074
306532.740
306574.405
306616.070
306657.736
306699.401
306741.067
306782.732
306824.398
306866.062
306907.726
306949.393
306991.058
307032.724
307074.389
307116.054
307157.719
307199.385
307241.050
307282.716
307324.381
307366.048
307407.712
307449.378
307491.043
307532.711
307574.385
307616.041
307657.706
307699.373
307741.037
307782.704
307824.367
307866.033
307907.697
307949.364
307991.028
308032.695
308074.360
308116.025
308157.690
308199.356
308241.021
308282.686
308324.351
308366.019
308407.682
308449.349
308491.014
308532.682
308574.346
308616.010
308657.676
308699.343
308741.008
308782.673
308824.337
308866.005
308907.669
308949.335
308991.000
309032.666
309074.330
309115.996
309157.661
309199.327
309240.992
309282.658
309324.323
309365.989
309407.653
309449.320
309490.985
309532.655
309574.318
309615.982
309657.647
309699.313
309740.979
309782.643
309824.307
309865.973
309907.640
309949.304
309990.971
310032.637
310074.302
310115.967
310157.632
310199.298
310240.963
310282.627
310324.295
310365.960
310407.625
310449.292
310490.955
310532.625
310574.289
310615.955
310657.619
310699.285
310740.950
310782.616
310824.281
310865.945
310907.610
310949.275
310990.940
311032.607
311074.272
311115.937
311157.602
311199.268
311240.935
311282.599
311324.265
311365.930
311407.597
311449.261
311490.926
311532.592
311574.261
311615.925
311657.591
311699.257
311740.920
311782.585
311824.252
311865.917
311907.583
311949.246
311990.914
312032.578
312074.242
312115.909
312157.574
312199.240
312240.905
312282.571
312324.235
312365.902
312407.567
312449.232
312490.898
312532.581
312574.230
312615.895
312657.561
312699.227
312740.891
312782.557
312824.221
312865.886
312907.552
312949.217
312990.885
313032.548
313074.214
313115.879
313157.546
313199.210
313240.875
313282.541
313324.206
313365.871
313407.538
313449.202
313490.868
313532.536
313574.201
313615.866
313657.532
313699.198
313740.862
313782.527
313824.193
313865.858
313907.524
313949.188
313990.854
314032.520
314074.186
314115.849
314157.512
314199.181
314240.848
314282.512
314324.179
314365.843
314407.510
314449.174
314490.841
314532.502
314574.177
314615.838
314657.502
314699.168
314740.834
314782.499
314824.164
314865.830
314907.494
314949.160
314990.824
315032.491
315074.155
315115.821
315157.486
315199.153
315240.817
315282.482
315324.147
315365.814
315407.479
315449.145
315490.810
315532.478
315574.143
315615.807
315657.473
315699.139
315740.805
315782.470
315824.135
315865.801
315907.465
315949.130
315990.797
316032.462
316074.127
316115.792
316157.457
316199.123
316240.789
316282.453
316324.119
316365.784
316407.450
316449.117
316490.781
316532.449
316574.112
316615.777
316657.443
316699.110
316740.774
316782.440
316824.104
316865.770
316907.436
316949.101
316990.766
317032.432
317074.097
317115.764
317157.428
317199.094
317240.760
317282.425
317324.090
317365.756
317407.421
317449.087
317490.752
317532.419
317574.085
317615.750
317657.414
317699.080
317740.746
317782.411
317824.077
317865.742
317907.406
317949.072
317990.737
318032.404
318074.068
318115.735
318157.399
318199.065
318240.732
318282.395
318324.061
318365.726
318407.391
318449.056
318490.717
318532.385
318574.048
318615.715
318657.384
318699.046
318740.712
318782.375
318824.041
318865.708
318907.377
318949.038
318990.709
319032.374
319074.039
319115.706
319157.369
319199.037
319240.703
319282.368
319324.031
319365.698
319407.362
319449.028
319490.693
319532.362
319574.027
319615.692
319657.357
319699.023
319740.688
319782.353
319824.019
319865.684
319907.348
319949.016
319990.680
320032.346
320074.009
320115.678
320157.341
320199.008
320240.672
320282.339
320324.002
320365.670
320407.334
320449.002
320490.665
320532.331
320573.999
320615.663
320657.328
320698.993
320740.659
320782.325
320823.989
320865.655
320907.322
320948.985
320990.652
321032.315
321073.982
321115.646
321157.313
321198.977
321240.645
321282.308
321323.976
321365.639
321407.306
321448.970
321490.637
321532.302
321573.968
321615.632
321657.298
321698.964
321740.629
321782.293
321823.959
321865.625
321907.291
321948.956
321990.621
322032.287
322073.952
322115.617
322157.284
322198.948
322240.614
322282.279
322323.945
322365.610
322407.277
322448.940
322490.608
322532.273
322573.941
322615.605
322657.270
322698.936
322740.601
322782.266
322823.932
322865.597
322907.261
322948.928
322990.591
323032.258
323073.923
323115.590
323157.254
323198.921
323240.584
323282.251
323323.915
323365.582
323407.246
323448.913
323490.577
323532.246
323573.910
323615.575
323657.240
323698.907
323740.572
323782.237
323823.902
323865.568
323907.231
323948.899
323990.564
324032.230
324073.893
324115.561
324157.224
324198.891
324240.555
324282.222
324323.886
324365.553
324407.217
324448.884
324490.548
324532.215
324573.882
324615.547
324657.211
324698.877
324740.541
324782.209
324823.874
324865.540
324907.205
324948.869
324990.536
325032.199
325073.867
325115.530
325157.198
325198.861
325240.529
325282.192
325323.859
325365.523
325407.190
325448.853
325490.521
325532.187
325573.851
325615.517
325657.183
325698.848
325740.514
325782.177
325823.845
325865.511
325907.176
325948.839
325990.507
326032.170
326073.838
326115.500
326157.168
326198.832
326240.499
326282.163
326323.829
326365.494
326407.159
326448.824
326490.492
326532.158
326573.823
326615.488
326657.153
326698.819
326740.484
326782.149
326823.813
326865.480
326907.144
326948.811
326990.478
327032.142
327073.806
327115.473
327157.137
327198.804
327240.469
327282.133
327323.800
327365.464
327407.129
327448.795
327490.460
327532.127
327573.794
327615.459
327657.123
327698.790
327740.454
327782.121
327823.786
327865.450
327907.116
327948.781
327990.447
328032.111
328073.777
328115.441
328157.108
328198.774
328240.440
328282.103
328323.771
328365.434
328407.102
328448.766
328490.431
328532.098
328573.764
328615.429
328657.095
328698.761
328740.426
328782.091
328823.757
328865.421
328907.085
328948.751
328990.419
329032.084
329073.748
329115.416
329157.078
329198.745
329240.410
329282.076
329323.742
329365.406
329407.071
329448.737
329490.401
329532.074
329573.735
329615.400
329657.066
329698.732
329740.397
329782.062
329823.727
329865.394
329907.057
329948.722
329990.389
330032.053
330073.719
330115.384
330157.049
330198.715
330240.381
330282.045
330323.711
330365.377
330407.044
330448.708
330490.374
330532.041
330573.706
330615.371
330657.036
330698.703
330740.368
330782.033
330823.698
330865.363
330907.028
330948.694
330990.360
331032.025
331073.689
331115.356
331157.021
331198.685
331240.351
331282.017
331323.682
331365.348
331407.013
331448.678
331490.343
331532.014
331573.677
331615.342
331657.008
331698.674
331740.338
331782.002
331823.667
331865.334
331906.999
331948.666
331990.333
332031.996
332073.660
332115.325
332156.992
332198.655
332240.322
332281.987
332323.654
332365.320
332406.983
332448.648
332490.314
332531.986
332573.647
332615.311
332656.977
332698.643
332740.308
332781.973
332823.639
332865.304
332906.970
332948.636
332990.302
333031.967
333073.631
333115.297
333156.963
333198.627
333240.293
333281.958
333323.625
333365.288
333406.956
333448.619
333490.285
333531.954
333573.617
333615.284
333656.950
333698.614
333740.280
333781.945
333823.610
333865.277
333906.939
333948.606
333990.273
334031.938
334073.602
334115.267
334156.932
334198.598
334240.265
334281.928
334323.596
334365.260
334406.925
334448.591
334490.256
334531.923
334573.588
334615.254
334656.920
334698.585
334740.251
334781.916
334823.581
334865.247
334906.912
334948.576
334990.244
335031.908
335073.572
335115.238
335156.903
335198.568
335240.234
335281.899
335323.566
335365.231
335406.896
335448.562
335490.226
335531.896
335573.559
335615.226
335656.890
335698.556
335740.221
335781.886
335823.552
335865.217
335906.882
335948.548
335990.213
336031.880
336073.545
336115.209
336156.875
336198.541
336240.206
336281.872
336323.537
336365.203
336406.867
336448.533
336490.199
336531.866
336573.530
336615.195
336656.861
336698.527
336740.192
336781.858
336823.524
336865.188
336906.852
336948.519
336990.184
337031.850
337073.515
337115.181
337156.846
337198.511
337240.175
337281.843
337323.507
337365.173
337406.838
337448.505
337490.170
337531.838
337573.502
337615.166
337656.832
337698.498
337740.163
337781.828
337823.495
337865.159
337906.823
337948.489
337990.154
338031.821
338073.484
338115.152
338156.816
338198.483
338240.146
338281.814
338323.478
338365.145
338406.808
338448.475
338490.140
338531.808
338573.476
338615.138
338656.803
338698.469
338740.134
338781.799
338823.465
338865.131
338906.794
338948.461
338990.127
339031.792
339073.456
339115.125
339156.788
339198.453
339240.118
339281.783
339323.449
339365.115
339406.781
339448.445
339490.105
339531.774
339573.437
339615.108
339656.772
339698.437
339740.103
339781.769
339823.434
339865.100
339906.765
339948.430
339990.097
340031.761
340073.428
340115.092
340156.759
340198.423
340240.091
340281.754
340323.421
340365.086
340406.752
340448.416
340490.083
340531.750
340573.412
340615.080
340656.746
340698.408
340740.074
340781.741
340823.407
340865.072
340906.736
340948.403
340990.068
341031.734
341073.398
341115.064
341156.729
341198.396
341240.060
341281.729
341323.394
341365.060
341406.723
341448.387
341490.052
341531.721
341573.384
341615.051
341656.716
341698.381
341740.047
341781.712
341823.377
341865.042
341906.707
341948.372
341990.040
342031.704
342073.370
342115.035
342156.700
342198.365
342240.031
342281.696
342323.362
342365.026
342406.692
342448.357
342490.023
342531.690
342573.354
342615.021
342656.686
342698.353
342740.018
342781.705
342823.349
342865.020
342906.701
342948.348
342990.017
343031.674
343073.340
343115.005
343156.672
343198.336
343240.003
343281.666
343323.334
343364.997
343406.667
343448.329
343489.996
343531.661
343573.326
343615.005
343656.656
343698.323
343739.987
343781.652
343823.317
343864.982
343906.648
343948.315
343989.980
344031.646
344073.310
344114.976
344156.641
344198.308
344239.975
344281.640
344323.302
344364.968
344406.633
344448.300
344489.966
344531.634
344573.311
344614.962
344656.627
344698.294
344739.959
344781.623
344823.289
