0.000
41.662
83.323
124.981
166.643
208.302
249.961
291.622
333.281
374.941
416.601
458.261
499.921
541.580
583.241
624.900
666.560
708.218
749.879
791.537
833.200
874.859
916.518
958.176
999.838
1041.498
1083.156
1124.816
1166.478
1208.135
1249.795
1291.456
1333.115
1374.775
1416.435
1458.094
1499.755
1541.414
1583.078
1624.733
1666.394
1708.054
1749.715
1791.373
1833.034
1874.696
1916.353
1958.012
1999.672
2041.332
2082.993
2124.652
2166.312
2207.972
2249.632
2291.291
2332.952
2374.611
2416.273
2457.931
2499.591
2541.251
2582.913
2624.570
2666.230
2707.890
2749.549
2791.212
2832.872
2874.528
2916.188
2957.848
2999.510
3041.168
3082.831
3124.489
3166.148
3207.808
3249.467
3291.129
3332.787
3374.449
3416.106
3457.769
3499.428
3541.086
3582.747
3624.406
3666.066
3707.726
3749.387
3791.044
3832.706
3874.366
3916.026
3957.686
3999.346
4041.006
4082.664
4124.325
4165.983
4207.645
4249.303
4290.965
4332.623
4374.282
4415.944
4457.604
4499.265
4540.924
4582.584
4624.243
4665.904
4707.561
4749.223
4790.882
4832.541
4874.203
4915.861
4957.522
4999.180
5040.841
5082.502
5124.160
5165.822
5207.481
5249.142
5290.801
5332.459
5374.120
5415.778
5457.439
5499.099
5540.758
5582.418
5624.078
5665.738
5707.398
5749.057
5790.718
5832.377
5874.037
5915.699
5957.357
5999.017
6040.676
6082.336
6123.996
6165.657
6207.315
6248.975
6290.636
6332.295
6373.956
6415.615
6457.277
6498.936
6540.594
6582.256
6623.914
6665.575
6707.235
6748.895
6790.555
6832.214
6873.875
6915.534
6957.192
6998.854
7040.512
7082.174
7123.833
7165.494
7207.153
7248.811
7290.473
7332.131
7373.791
7415.453
7457.113
7498.772
7540.430
7582.092
7623.751
7665.412
7707.070
7748.731
7790.391
7832.051
7873.711
7915.370
7957.031
7998.691
8040.350
8082.010
8123.669
8165.327
8206.990
8248.650
8290.307
8331.967
8373.629
8415.290
8456.949
8498.607
8540.265
8581.928
8623.587
8665.247
8706.907
8748.567
8790.226
8831.887
8873.546
8915.206
8956.865
8998.526
9040.186
9081.844
9123.505
9165.166
9206.824
9248.486
9290.144
9331.806
9373.463
9415.122
9456.783
9498.442
9540.103
9581.763
9623.423
9665.085
9706.744
9748.401
9790.063
9831.724
9873.383
9915.042
9956.703
9998.362
10040.024
10081.682
10123.341
10165.000
10206.663
10248.322
10289.981
10331.640
10373.299
10414.960
10456.620
10498.280
10539.940
10581.601
10623.259
10664.920
10706.580
10748.238
10789.900
10831.559
10873.217
10914.877
10956.537
10998.198
11039.859
11081.516
11123.176
11164.837
11206.497
11248.158
11289.816
11331.476
11373.137
11414.796
11456.455
11498.115
11539.775
11581.437
11623.094
11664.756
11706.416
11748.074
11789.735
11831.396
11873.055
11914.714
11956.374
11998.033
12039.694
12081.352
12123.013
12164.674
12206.333
12247.992
12289.652
12331.314
12372.974
12414.634
12456.293
12497.951
12539.612
12581.272
12622.931
12664.590
12706.252
12747.912
12789.573
12831.232
12872.892
12914.550
12956.211
12997.872
13039.531
13081.189
13122.850
13164.509
13206.169
13247.828
13289.489
13331.148
13372.807
13414.469
13456.128
13497.788
13539.447
13581.108
13622.767
13664.428
13706.089
13747.746
13789.408
13831.067
13872.728
13914.386
13956.048
13997.706
14039.367
14081.025
14122.684
14164.345
14206.005
14247.664
14289.327
14330.986
14372.645
14414.305
14455.964
14497.625
14539.285
14580.946
14622.605
14664.264
14705.925
14747.583
14789.245
14830.904
14872.564
14914.225
14955.883
14997.543
15039.203
15080.862
15122.522
15164.182
15205.841
15247.501
15289.161
15330.822
15372.481
15414.142
15455.803
15497.461
15539.121
15580.782
15622.441
15664.100
15705.761
15747.419
15789.079
15830.742
15872.400
15914.061
15955.719
15997.378
16039.038
16080.698
16122.359
16164.019
16205.678
16247.338
16288.999
16330.659
16372.317
16413.978
16455.638
16497.299
16538.957
16580.619
16622.278
16663.938
16705.597
16747.257
16788.917
16830.576
16872.238
16913.897
16955.556
16997.214
17038.877
17080.536
17122.196
17163.855
17205.514
17247.176
17288.835
17330.495
17372.155
17413.814
17455.475
17497.135
17538.794
17580.455
17622.113
17663.773
17705.433
17747.091
17788.753
17830.411
17872.074
17913.732
17955.392
17997.052
18038.711
18080.371
18122.031
18163.691
18205.351
18247.010
18288.670
18330.330
18371.990
18413.650
18455.310
18496.971
18538.632
18580.289
18621.950
18663.611
18705.270
18746.930
18788.589
18830.251
18871.908
18913.569
18955.228
18996.889
19038.547
19080.210
19121.868
19163.531
19205.190
19246.850
19288.509
19330.167
19371.828
19413.489
19455.148
19496.808
19538.468
19580.126
19621.789
19663.447
19705.106
19746.767
19788.426
19830.085
19871.745
19913.406
19955.067
19996.727
20038.396
20080.046
20121.704
20163.365
20205.024
20246.685
20288.343
20330.005
20371.663
20413.323
20454.988
20496.648
20538.305
20579.963
20621.625
20663.284
20704.942
20746.603
20788.264
20829.922
20871.582
20913.242
20954.902
20996.562
21038.222
21079.881
21121.541
21163.203
21204.862
21246.523
21288.181
21329.840
21371.502
21413.160
21454.820
21496.481
21538.140
21579.801
21621.459
21663.121
21704.780
21746.440
21788.099
21829.761
21871.421
21913.079
21954.738
21996.400
22038.058
22079.717
22121.378
22163.040
22204.699
22246.365
22288.019
22329.676
22371.338
22412.996
22454.658
22496.316
22537.976
22579.637
22621.296
22662.955
22704.621
22746.276
22787.937
22829.598
22871.257
22912.917
22954.577
22996.236
23037.895
23079.556
23121.215
23162.876
23204.535
23246.195
23287.855
23329.515
23371.173
23412.835
23454.493
23496.155
23537.814
23579.474
23621.133
23662.792
23704.452
23746.111
23787.774
23829.433
23871.091
23912.752
23954.411
23996.073
24037.730
24079.393
24121.052
24162.713
24204.370
24246.031
24287.690
24329.352
24371.011
24412.671
24454.330
24495.991
24537.651
24579.309
24620.969
24662.629
24704.289
24745.951
24787.610
24829.269
24870.929
24912.590
24954.248
24995.910
25037.568
25079.229
25120.888
25162.549
25204.208
25245.868
25287.527
25329.190
25370.848
25412.508
25454.166
25495.828
25537.486
25579.148
25620.807
25662.466
25704.128
25745.786
25787.447
25829.105
25870.766
25912.425
25954.087
25995.747
26037.405
26079.068
26120.726
26162.385
26204.044
26245.705
26287.365
26329.024
26370.685
26412.346
26454.004
26495.666
26537.325
26578.985
26620.644
26662.303
26703.963
26745.624
26787.284
26828.945
26870.603
26912.264
26953.922
26995.581
27037.241
27078.902
27120.562
27162.221
27203.881
27245.542
27287.200
27328.862
27370.520
27412.181
27453.841
27495.501
27537.160
27578.819
27620.479
27662.142
27703.802
27745.460
27787.119
27828.782
27870.439
27912.101
27953.760
27995.420
28037.079
28078.740
28120.399
28162.060
28203.719
28245.380
28287.039
28328.698
28370.358
28412.019
28453.679
28495.338
28536.997
28578.658
28620.318
28661.978
28703.636
28745.298
28786.958
28828.616
28870.278
28911.936
28953.595
28995.256
29036.918
29078.575
29120.237
29161.897
29203.557
29245.215
29286.874
29328.536
29370.197
29411.855
29453.515
29495.177
29536.835
29578.494
29620.154
29661.814
29703.475
29745.136
29786.797
29828.453
29870.115
29911.772
29953.433
29995.093
30036.753
30078.414
30120.073
30161.733
30203.392
30245.052
30286.714
30328.373
30370.032
30411.692
30453.353
30495.012
30536.672
30578.331
30619.992
30661.652
30703.310
30744.972
30786.630
30828.292
30869.952
30911.610
30953.271
30994.931
31036.589
31078.251
31119.910
31161.569
31203.229
31244.889
31286.549
31328.208
31369.870
31411.532
31453.188
31494.849
31536.509
31578.168
31619.828
31661.489
31703.149
31744.809
31786.467
31828.128
31869.788
31911.448
31953.108
31994.769
32036.426
32078.086
32119.748
32161.406
32203.069
32244.727
32286.388
32328.046
32369.708
32411.367
32453.026
32494.686
32536.346
32578.008
32619.665
32661.327
32702.987
32744.647
32786.306
32827.964
32869.624
32911.286
32952.944
32994.605
33036.265
33077.925
33119.585
33161.243
33202.905
33244.563
33286.223
33327.883
33369.544
33411.205
33452.863
33494.523
33536.183
33577.844
33619.502
33661.164
33702.824
33744.484
33786.141
33827.801
33869.462
33911.123
33952.780
33994.443
34036.101
34077.761
34119.425
34161.082
34202.743
34244.402
34286.061
34327.722
34369.380
34411.039
34452.702
34494.360
34536.025
34577.682
34619.342
34661.001
34702.661
34744.320
34785.981
34827.639
34869.301
34910.959
34952.619
34994.281
35035.941
35077.600
35119.260
35160.920
35202.578
35244.240
35285.898
35327.558
35369.217
35410.878
35452.538
35494.199
35535.858
35577.519
35619.178
35660.839
35702.499
35744.157
35785.817
35827.479
35869.140
35910.800
35952.457
35994.117
36035.778
36077.436
36119.098
36160.757
36202.417
36244.076
36285.735
36327.398
36369.057
36410.716
36452.374
36494.037
36535.695
36577.356
36619.015
36660.676
36702.335
36743.995
36785.653
36827.313
36868.976
36910.634
36952.296
36993.955
37035.614
37077.275
37118.935
37160.595
37202.264
37243.914
37285.573
37327.232
37368.892
37410.555
37452.214
37493.874
37535.532
37577.193
37618.852
37660.513
37702.173
37743.831
37785.494
37827.151
37868.812
37910.472
37952.132
37993.793
38035.451
38077.111
38118.772
38160.433
38202.090
38243.752
38285.412
38327.072
38368.732
38410.391
38452.052
38493.709
38535.372
38577.030
38618.689
38660.353
38702.012
38743.671
38785.330
38826.989
38868.650
38910.309
38951.968
38993.629
39035.288
39076.949
39118.610
39160.270
39201.930
39243.588
39285.248
39326.909
39368.568
39410.227
39451.887
39493.550
39535.209
39576.869
39618.528
39660.187
39701.849
39743.507
39785.169
39826.828
39868.487
39910.147
39951.806
39993.467
40035.128
40076.787
40118.448
40160.105
40201.766
40243.425
40285.086
40326.747
40368.411
40410.066
40451.727
40493.384
40535.047
40576.705
40618.366
40660.026
40701.687
40743.344
40785.005
40826.666
40868.326
40909.985
40951.644
40993.306
41034.965
41076.623
41118.285
41159.943
41201.603
41243.263
41284.924
41326.584
41368.242
41409.906
41451.563
41493.224
41534.882
41576.543
41618.202
41659.863
41701.523
41743.182
41784.844
41826.504
41868.162
41909.824
41951.481
41993.145
42034.802
42076.462
42118.122
42159.781
42201.443
42243.101
42284.763
42326.423
42368.081
42409.743
42451.402
42493.060
42534.723
42576.381
42618.040
42659.702
42701.360
42743.020
42784.681
42826.342
42868.000
42909.661
42951.323
42992.982
43034.639
43076.300
43117.961
43159.621
43201.279
43242.942
43284.599
43326.258
43367.920
43409.578
43451.239
43492.898
43534.558
43576.219
43617.878
43659.538
43701.200
43742.858
43784.519
43826.179
43867.839
43909.499
43951.158
43992.819
44034.477
44076.138
44117.796
44159.457
44201.119
44242.777
44284.436
44326.098
44367.758
44409.417
44451.077
44492.739
44534.398
44576.056
44617.717
44659.377
44701.036
44742.695
44784.358
44826.015
44867.677
44909.335
44950.997
44992.655
45034.317
45075.976
45117.637
45159.294
45200.957
45242.615
45284.277
45325.936
45367.593
45409.256
45450.917
45492.574
45534.235
45575.894
45617.556
45659.216
45700.875
45742.534
45784.196
45825.853
45867.514
45909.173
45950.835
45992.493
46034.155
46075.816
46117.472
46159.133
46200.795
46242.453
46284.113
46325.772
46367.432
46409.092
46450.752
46492.412
46534.073
46575.733
46617.391
46659.053
46700.713
46742.372
46784.032
46825.692
46867.351
46909.014
46950.671
46992.333
47033.992
47075.652
47117.312
47158.972
47200.632
47242.291
47283.951
47325.612
47367.269
47408.932
47450.592
47492.251
47533.908
47575.571
47617.231
47658.891
47700.551
47742.210
47783.870
47825.529
47867.191
47908.849
47950.510
47992.169
48033.828
48075.489
48117.149
48158.808
48200.468
48242.130
48283.788
48325.448
48367.110
48408.768
48450.429
48492.088
48533.749
48575.410
48617.070
48658.727
48700.388
48742.047
48783.708
48825.370
48867.030
48908.688
48950.346
48992.008
49033.679
49075.328
49116.987
49158.647
49200.307
49241.968
49283.627
49325.286
49366.945
49408.607
49450.267
49491.927
49533.585
49575.245
49616.905
49658.566
49700.225
49741.886
49783.546
49825.205
49866.865
49908.525
49950.184
49991.846
50033.506
50075.165
50116.826
50158.486
50200.146
50241.803
50283.463
50325.125
50366.785
50408.445
50450.106
50491.765
50533.425
50575.085
50616.744
50658.403
50700.063
50741.724
50783.383
50825.045
50866.704
50908.364
50950.023
50991.683
51033.343
51075.002
51116.661
51158.324
51199.982
51241.641
51283.305
51324.963
51366.622
51408.281
51449.941
51491.602
51533.263
51574.925
51616.582
51658.242
51699.903
51741.560
51783.223
51824.881
51866.540
51908.201
51949.863
51991.521
52033.180
52074.841
52116.500
52158.163
52199.820
52241.482
52283.140
52324.799
52366.459
52408.121
52449.779
52491.440
52533.101
52574.761
52616.421
52658.082
52699.740
52741.401
52783.060
52824.719
52866.380
52908.041
52949.699
52991.360
53033.018
53074.679
53116.338
53157.999
53199.658
53241.320
53282.978
53324.638
53366.300
53407.958
53449.619
53491.280
53532.937
53574.599
53616.257
53657.919
53699.576
53741.238
53782.898
53824.557
53866.220
53907.877
53949.538
53991.198
54032.859
54074.518
54116.179
54157.836
54199.497
54241.155
54282.817
54324.475
54366.136
54407.795
54449.455
54491.119
54532.778
54574.437
54616.096
54657.757
54699.418
54741.075
54782.735
54824.396
54866.058
54907.715
54949.374
54991.036
55032.696
55074.354
55116.015
55157.676
55199.335
55240.994
55282.656
55324.315
55365.976
55407.633
55449.296
55490.953
55532.613
55574.274
55615.932
55657.593
55699.254
55740.912
55782.576
55824.235
55865.895
55907.552
55949.214
55990.873
56032.534
56074.193
56115.854
56157.514
56199.172
56240.834
56282.493
56324.152
56365.814
56407.473
56449.133
56490.793
56532.452
56574.113
56615.772
56657.433
56699.090
56740.752
56782.412
56824.072
56865.733
56907.394
56949.052
56990.711
57032.372
57074.031
57115.691
57157.352
57199.011
57240.672
57282.330
57323.992
57365.653
57407.310
57448.970
57490.631
57532.291
57573.951
57615.609
57657.269
57698.929
57740.591
57782.251
57823.911
57865.569
57907.230
57948.890
57990.550
58032.211
58073.871
58115.529
58157.189
58198.848
58240.511
58282.170
58323.829
58365.490
58407.148
58448.808
58490.469
58532.128
58573.789
58615.449
58657.108
58698.769
58740.429
58782.088
58823.749
58865.409
58907.069
58948.727
58990.387
59032.047
59073.709
59115.366
59157.027
59198.688
59240.348
59282.006
59323.666
59365.327
59406.986
59448.647
59490.308
59531.965
59573.627
59615.287
59656.948
59698.607
59740.267
59781.928
59823.587
59865.245
59906.908
59948.565
59990.226
60031.888
60073.545
60115.206
60156.863
60198.523
60240.183
60323.510
60365.174
60406.828
60448.485
60490.147
60531.805
60573.465
60615.127
60656.786
60698.445
60740.105
60781.765
60823.427
60865.083
60906.744
60948.404
60990.067
61031.724
61073.387
61115.048
61156.704
61198.363
61240.022
61281.685
61323.343
61365.004
61406.662
61448.323
61489.982
61531.643
61573.302
61614.962
61656.624
61698.286
61739.946
61781.603
61823.265
61864.924
61906.584
61948.243
61989.904
62031.563
62073.223
62114.883
62156.542
62198.204
62239.864
62281.521
62323.183
62364.843
62406.504
62448.163
62489.822
62531.482
62573.142
62614.802
62656.463
62698.122
62739.782
62781.442
62823.102
62864.760
62906.420
62948.080
62989.742
63031.403
63073.059
63114.722
63156.381
63198.041
63239.700
63281.359
63323.019
63364.680
63406.341
63447.999
63489.662
63531.330
63572.980
63614.638
63656.300
63697.958
63739.619
63781.280
63822.940
63864.598
63906.258
63947.918
63989.582
64031.240
64072.899
64114.559
64156.218
64197.878
64239.538
64281.199
64322.859
64364.519
64406.177
64447.839
64489.498
64531.157
64572.819
64614.481
64656.139
64697.799
64739.458
64781.118
64822.778
64864.439
64906.096
64947.756
64989.419
65031.076
65072.738
65114.398
65156.056
65197.720
65239.379
65281.036
65322.699
65364.358
65406.019
65447.678
65489.335
65530.997
65572.657
65614.315
65655.975
65697.636
65739.295
65780.959
65822.616
65864.275
65905.936
65947.595
65989.256
66030.917
66072.575
66114.237
66155.894
66197.554
66239.232
66280.878
66322.537
66364.194
66405.855
66447.514
66489.173
66530.839
66572.512
66614.156
66655.814
66697.480
66739.136
66780.794
66822.454
66864.115
66905.772
66947.433
66989.093
67030.755
67072.415
67114.075
67155.736
67197.395
67239.052
67280.712
67322.375
67364.034
67405.692
67447.352
67489.014
67530.673
67572.333
67613.994
67655.651
67697.312
67738.972
67780.637
67822.294
67863.952
67905.611
67947.270
67988.932
68030.594
68072.252
68113.911
68155.570
68197.230
68238.893
68280.551
68322.213
68363.872
68405.530
68447.191
68488.852
68530.511
68572.173
68613.830
68655.490
68697.153
68738.812
68780.472
68822.129
68863.791
68905.449
68947.110
68988.770
69030.433
69072.091
69113.751
69155.420
69197.069
69238.731
69280.389
69322.051
69363.710
69405.369
69447.031
69488.688
69530.348
69572.009
69613.671
69655.330
69696.989
69738.648
69780.308
69821.969
69863.628
69905.289
69946.948
69988.607
70030.270
70071.927
70113.590
70155.247
70196.910
70238.570
70280.229
70321.889
70363.549
70405.209
70446.868
70488.529
70530.187
70571.847
70613.509
70655.169
70696.829
70738.486
70780.147
70821.808
70863.466
70905.126
70946.787
70988.448
71030.107
71071.767
71113.426
71155.086
71196.748
71238.408
71280.066
71321.725
71363.386
71405.047
71446.707
71488.368
71530.025
71571.685
71613.348
71655.007
71696.667
71738.327
71779.986
71821.646
71863.306
71904.967
71946.627
71988.286
72029.946
72071.605
72113.265
72154.927
72196.586
72238.246
72279.906
72321.566
72363.224
72404.886
72446.546
72488.207
72529.867
72571.524
72613.185
72654.844
72696.506
72738.165
72779.826
72821.483
72863.145
72904.804
72946.464
72988.124
73029.782
73071.443
73113.104
73154.767
73196.427
73238.082
73279.743
73321.403
73363.066
73404.726
73446.387
73488.042
73529.705
73571.362
73613.022
73654.684
73696.343
73738.003
73779.661
73821.322
73862.984
73904.642
73946.302
73987.962
74029.625
74071.282
74112.943
74154.602
74196.262
74237.925
74279.584
74321.244
74362.903
74404.560
74446.223
74487.881
74529.541
74571.201
74612.860
74654.521
74696.181
74737.842
74779.503
74821.161
74862.821
74904.481
74946.140
74987.801
75029.462
75071.120
75112.781
75154.441
75196.099
75237.760
75279.422
75321.082
75362.741
75404.402
75446.059
75487.720
75529.381
75571.039
75612.700
75654.358
75696.020
75737.679
75779.339
75820.999
75862.661
75904.319
75945.980
75987.638
76029.298
76070.959
76112.619
76154.279
76195.940
76237.598
76279.259
76320.918
76362.579
76404.237
76445.897
76487.558
76529.220
76570.878
76612.538
76654.198
76695.861
76737.519
76779.179
76820.837
76862.499
76904.157
76945.816
76987.478
77029.141
77070.798
77112.456
77154.116
77195.780
77237.437
77279.100
77320.757
77362.416
77404.077
77445.739
77487.395
77529.058
77570.735
77612.377
77654.061
77695.698
77737.384
77779.016
77820.703
77862.338
77904.029
77945.658
77987.344
78028.975
78070.667
78112.297
78153.970
78195.617
78237.278
78278.935
78320.596
78362.258
78403.917
78445.577
78487.236
78528.897
78570.556
78612.216
78653.874
78695.535
78737.195
78778.856
78820.514
78862.174
78903.833
78945.494
78987.154
79028.817
79070.474
79112.149
79153.794
79195.454
79237.116
79278.773
79320.435
79362.094
79403.753
79445.415
79487.082
79528.734
79570.394
79612.055
79653.714
79695.372
79737.033
79778.694
79820.353
79862.015
79903.672
79945.336
79986.993
80028.652
80070.313
80111.973
80153.632
80195.296
80236.952
80278.612
80320.272
80361.935
80403.593
80445.251
80486.913
80528.573
80570.231
80611.893
80653.556
80695.213
80736.881
80778.534
80820.221
80861.850
80903.516
80945.174
80986.843
81028.491
81070.166
81111.815
81153.473
81195.132
81236.790
81278.452
81320.110
81361.772
81403.432
81445.093
81486.752
81528.409
81570.069
81611.731
81653.390
81695.052
81736.713
81778.370
81820.030
81861.691
81903.350
81945.010
81986.669
82028.331
82069.992
82111.648
82153.311
82194.968
82236.628
82278.288
82319.950
82361.609
82403.271
82444.930
82486.588
82528.251
82569.908
82611.569
82653.231
82694.890
82736.548
82778.208
82819.869
82861.527
82903.187
82944.850
82986.510
83028.170
83069.829
83111.486
83153.149
83194.810
83236.468
83278.127
83319.787
83361.446
83403.109
83444.767
83486.427
83528.089
83569.749
83611.407
83653.069
83694.726
83736.391
83778.046
83819.706
83861.369
83903.026
83944.687
83986.351
84028.010
84069.669
84111.328
84152.987
84194.646
84236.308
84277.967
84319.626
84361.284
84402.948
84444.605
84486.266
84527.928
84569.586
84611.248
84652.908
84694.567
84736.225
84777.888
84819.547
84861.204
84902.867
84944.525
84986.185
85027.845
85069.507
85111.166
85152.827
85194.486
85236.145
85277.804
85319.467
85361.124
85402.785
85444.445
85486.106
85527.764
85569.424
85611.085
85652.744
85694.403
85736.065
85777.725
85819.383
85861.045
85902.706
85944.364
85986.022
86027.683
86069.346
86111.006
86152.665
86194.322
86235.984
86277.642
86319.304
86360.962
86402.625
86444.283
86485.943
86527.604
86569.262
86610.923
86652.583
86694.245
86735.904
86777.564
86819.222
86860.885
86902.543
86944.204
86985.862
87027.522
87069.185
87110.844
87152.502
87194.163
87235.823
87277.482
87319.144
87360.802
87402.460
87444.121
87485.781
87527.442
87569.101
87610.763
87652.421
87694.081
87735.743
87777.400
87819.062
87860.722
87902.384
87944.040
87985.702
88027.362
88069.023
88110.680
88152.339
88194.001
88235.661
88277.323
88318.982
88360.639
88402.302
88443.961
88485.618
88527.281
88568.941
88610.601
88652.261
88693.919
88735.581
88777.238
88818.899
88860.560
88902.221
88943.881
88985.539
89027.200
89068.862
89110.519
89152.181
89193.841
89235.501
89277.158
89318.818
89360.481
89402.138
89443.800
89485.458
89527.118
89568.781
89610.440
89652.099
89693.758
89735.420
89777.081
89818.738
89860.399
89902.060
89943.718
89985.379
90027.037
90068.699
90110.360
90152.019
90193.677
90235.339
90276.998
90318.658
90360.319
90401.977
90443.638
90485.298
90526.958
90568.619
90610.278
90651.937
90693.596
90735.256
90776.916
90818.578
90860.237
90901.897
90943.557
90985.218
91026.877
91068.537
91110.199
91151.857
91193.516
91235.178
91276.837
91318.498
91360.157
91401.815
91443.477
91485.137
91526.794
91568.457
91610.116
91651.778
91693.436
91735.096
91776.759
91818.416
91860.075
91901.737
91943.396
91985.056
92026.716
92068.376
92110.036
92151.695
92193.354
92235.017
92276.674
92318.335
92359.995
92401.656
92443.314
92484.974
92526.636
92568.295
92609.955
92651.613
92693.281
92734.936
92776.593
92818.253
92859.913
92901.574
92943.236
92984.894
93026.553
93068.216
93109.875
93151.535
93193.195
93234.853
93276.515
93318.173
93359.834
93401.492
93443.152
93484.813
93526.475
93568.134
93609.793
93651.452
93693.115
93734.773
93776.434
93818.093
93859.752
93901.414
93943.074
93984.732
94026.402
94068.054
94109.711
94151.374
94193.033
94234.693
94276.352
94318.013
94359.671
94401.332
94442.991
94484.655
94526.311
94567.971
94609.634
94651.291
94692.954
94734.612
94776.272
94817.930
94859.592
94901.251
94942.912
94984.570
95026.232
95067.891
95109.549
95151.213
95192.872
95234.533
95276.193
95317.850
95359.520
95401.170
95442.831
95484.492
95526.150
95567.810
95609.469
95651.132
95692.792
95734.451
95776.114
95817.771
95859.432
95901.092
95942.751
95984.411
96026.069
96067.731
96109.389
96151.049
96192.711
96234.369
96276.032
96317.691
96359.350
96401.012
96442.668
96484.328
96525.990
96567.651
96609.310
96650.968
96692.629
96734.290
96775.950
96817.609
96859.269
96900.930
96942.589
96984.250
97025.909
97067.569
97109.230
97150.888
97192.549
97234.209
97275.867
97317.527
97359.189
97400.848
97442.511
97484.171
97525.829
97567.488
97609.147
97650.806
97692.465
97734.126
97775.790
97817.447
97859.108
97900.769
97942.427
97984.086
98025.749
98067.411
98109.067
98150.726
98192.388
98234.047
98275.706
98317.369
98359.026
98400.687
98442.348
98484.008
98525.667
98567.327
98608.986
98650.647
98692.307
98733.965
98775.627
98817.285
98858.948
98900.607
98942.266
98983.926
99025.587
99067.245
99108.906
99150.565
99192.227
99233.885
99275.545
99317.206
99358.867
99400.524
99442.186
99483.845
99525.503
99567.163
99608.825
99650.489
99692.147
99733.805
99775.465
99817.125
99858.786
99900.445
99942.104
99983.766
100025.426
100067.085
100108.745
100150.405
100192.064
100233.725
100275.386
100317.046
100358.705
100400.363
100442.025
100483.683
100525.344
100567.005
100608.663
100650.322
100691.984
100733.644
100775.302
100816.964
100858.623
100900.283
100941.943
100983.603
101025.265
101066.922
101108.584
101150.245
101191.903
101233.564
101275.221
101316.882
101358.543
101400.203
101441.862
101483.521
101525.183
101566.841
101608.503
101650.163
101691.821
101733.483
101775.142
101816.802
101858.463
101900.124
101941.782
101983.446
102025.102
102066.760
102108.424
102150.085
102191.743
102233.401
102275.062
102316.721
102358.382
102400.040
102441.700
102483.363
102525.021
102566.679
102608.341
102650.001
102691.661
102733.322
102774.982
102816.642
102858.301
102899.961
102941.621
102983.282
103024.942
103066.602
103108.259
103149.921
103191.579
103233.238
103274.900
103316.562
103358.219
103399.880
103441.538
103483.201
103524.861
103566.519
103608.179
103649.839
103691.499
103733.162
103774.819
103816.478
103858.139
103899.799
103941.458
103983.118
104024.779
104066.440
104108.098
104149.757
104191.421
104233.079
104274.737
104316.397
104358.057
104399.719
104441.380
104483.040
104524.697
104566.358
104608.020
104649.680
104691.340
104732.997
104774.658
104816.319
104857.980
104899.639
104941.298
104982.958
105024.617
105066.276
105107.938
105149.596
105191.259
105232.918
105274.577
105316.238
105357.899
105399.557
105441.217
105482.876
105524.538
105566.199
105607.856
105649.517
105691.176
105732.836
105774.496
105816.159
105857.817
105899.478
105941.136
105982.798
106024.455
106066.118
106107.776
106149.434
106191.097
106232.755
106274.416
106316.076
106357.739
106399.398
106441.057
106482.716
106524.377
106566.035
106607.695
106649.354
106691.014
106732.678
106774.335
106815.998
106857.656
106899.317
106940.976
106982.634
107024.295
107065.956
107107.616
107149.276
107190.934
107232.594
107274.256
107315.913
107357.573
107399.234
107440.896
107482.556
107524.214
107565.874
107607.534
107649.196
107690.857
107732.513
107774.175
107815.833
107857.495
107899.156
107940.814
107982.474
108024.135
108065.796
108107.452
108149.115
108190.775
108232.433
108274.094
108315.754
108357.412
108399.074
108440.732
108482.392
108524.053
108565.721
108607.375
108649.033
108690.694
108732.352
108774.013
108815.672
108857.335
108898.992
108940.653
108982.313
109023.979
109065.634
109107.292
109148.953
109190.612
109232.274
109273.935
109315.591
109357.252
109398.913
109440.571
109482.233
109523.891
109565.551
109607.212
109648.872
109690.530
109732.192
109773.851
109815.513
109857.173
109898.834
109940.492
109982.149
110023.813
110065.470
110107.131
110148.791
110190.450
110232.112
110273.772
110315.432
110357.100
110398.752
110440.410
110482.074
110523.732
110565.391
110607.050
110648.711
110690.370
110732.032
110773.690
110815.353
110857.012
110898.672
110940.332
110981.991
111023.651
111065.310
111106.968
111148.632
111190.291
111231.949
111273.611
111315.271
111356.930
111398.589
111440.251
111481.909
111523.569
111565.229
111606.890
111648.548
111690.209
111731.868
111773.530
111815.190
111856.849
111898.509
111940.168
111981.830
112023.489
112065.149
112106.809
112148.467
112190.129
112231.789
112273.448
112315.111
112356.770
112398.429
112440.087
112481.747
112523.409
112565.067
112606.728
112648.389
112690.048
112731.707
112773.368
112815.027
112856.689
112898.347
112940.007
112981.669
113023.329
113064.989
113106.648
113148.306
113189.969
113231.629
113273.289
113314.947
113356.608
113398.269
113439.927
113481.585
113523.245
113564.905
113606.567
113648.226
113689.887
113731.545
113773.208
113814.865
113856.527
113898.186
113939.847
113981.506
114023.167
114064.827
114106.486
114148.145
114189.805
114231.467
114273.127
114314.785
114356.445
114398.108
114439.764
114481.427
114523.087
114564.747
114606.405
114648.064
114689.725
114731.386
114773.045
114814.706
114856.364
114898.026
114939.686
114981.345
115023.004
115064.664
115106.326
115147.985
115189.645
115231.305
115272.963
115314.623
115356.283
115397.947
115439.603
115481.266
115522.926
115564.584
115606.243
115647.905
115689.563
115731.225
115772.884
115814.545
115856.203
115897.866
115939.523
115981.185
116022.845
116064.505
116106.163
116147.822
116189.485
116231.143
116272.804
116314.463
116356.122
116397.785
116439.443
116481.103
116522.761
116564.422
116606.082
116647.743
116689.404
116731.065
116772.723
116814.382
116856.043
116897.703
116939.363
116981.021
117022.683
117064.342
117106.002
117147.663
117189.323
117230.981
117272.643
117314.300
117355.963
117397.624
117439.280
117480.943
117522.601
117564.263
117605.921
117647.581
117689.242
117730.901
117772.561
117814.223
117855.882
117897.542
117939.200
117980.862
118022.521
118064.180
118105.842
118147.502
118189.165
118230.822
118272.481
118314.142
118355.802
118397.460
118439.120
118480.783
118522.442
118564.103
118605.761
118647.420
118689.079
118730.739
118772.400
118814.059
118855.721
118897.381
118939.040
118980.700
119022.360
119064.022
119105.679
119147.340
119188.998
119230.659
119272.320
119313.982
119355.642
119397.299
119438.958
119480.620
119522.279
119563.940
119605.599
119647.259
119688.920
119730.580
119772.240
119813.902
119855.559
119897.221
119938.879
119980.539
120022.198
120063.859
120105.518
120147.178
120188.840
120230.499
120272.157
120313.819
120355.479
120397.138
120438.802
120480.457
120522.116
120563.778
120605.438
120647.098
120688.757
120730.416
120772.079
120813.738
120855.397
120897.059
120938.717
120980.378
121022.037
121063.697
121105.356
121147.019
121188.676
121230.338
121271.998
121313.658
121355.317
121396.975
121438.638
121480.298
121521.957
121563.617
121605.277
121646.936
121688.598
121730.255
121771.916
121813.577
121855.236
121896.895
121938.556
121980.217
122021.875
122063.536
122105.194
122146.857
122188.514
122230.182
122271.849
122313.497
122355.156
122396.816
122438.474
122480.137
122521.795
122563.456
122605.116
122646.777
122688.437
122730.097
122771.755
122813.415
122855.075
122896.734
122938.395
122980.056
123021.714
123063.375
123105.034
123146.697
123188.354
123230.014
123271.675
123313.333
123354.995
123396.654
123438.313
123479.975
123521.634
123563.301
123604.954
123646.615
123688.273
123729.936
123771.594
123813.255
123854.915
123896.575
123938.234
123979.894
124021.556
124063.214
124104.873
124146.535
124188.194
124229.852
124271.514
124313.173
124354.836
124396.495
124438.155
124479.820
124521.474
124563.131
124604.794
124646.453
124688.112
124729.786
124771.434
124813.091
124854.756
124896.415
124938.078
124979.733
125021.392
125063.056
125104.712
125146.374
125188.034
125229.695
125271.354
125313.013
125354.673
125396.333
125437.990
125479.655
125521.313
125562.977
125604.632
125646.293
125687.952
125729.614
125771.272
125812.933
125854.592
125896.251
125937.914
125979.571
126021.232
126062.891
126104.551
126146.211
126187.872
126229.531
126271.193
126312.854
126354.514
126396.171
126437.829
126479.491
126521.153
126562.812
126604.471
126646.130
126687.791
126729.451
126771.110
126812.769
126854.430
126896.089
126937.750
126979.417
127021.069
127062.732
127104.389
127146.050
127187.709
127229.370
127271.031
127312.690
127354.355
127396.009
127437.670
127479.329
127520.989
127562.648
127604.309
127645.968
127687.629
127729.290
127770.949
127812.609
127854.268
127895.930
127937.588
127979.250
128020.909
128062.569
128104.230
128145.889
128187.549
128229.209
128270.868
128312.529
128354.188
128395.849
128437.510
128479.169
128520.829
128562.489
128604.148
128645.808
128687.468
128729.129
128770.787
128812.448
128854.108
128895.767
128937.428
128979.087
129020.747
129062.406
129104.067
129145.729
129187.390
129229.046
129270.706
129312.367
129354.030
129395.687
129437.346
129479.011
129520.670
129562.329
129603.986
129645.648
129687.307
129728.969
129770.626
129812.286
129853.947
129895.607
129937.266
129978.928
130020.586
130062.247
130103.907
130145.568
130187.227
130228.886
130270.545
130312.208
130353.867
130395.527
130437.187
130478.848
130520.507
130562.167
130603.826
130645.486
130687.145
130728.805
130770.467
130812.125
130853.787
130895.447
130937.107
130978.764
131020.426
131062.086
131103.746
131145.405
131187.067
131228.726
131270.385
131312.044
131353.707
131395.365
131437.025
131478.685
131520.345
131562.005
131603.663
131645.325
131686.984
131728.644
131770.305
131811.964
131853.623
131895.286
131936.943
131978.604
132020.263
132061.924
132103.584
132145.245
132186.905
132228.564
132270.225
132311.884
132353.543
132395.202
132436.867
132478.526
132520.183
132561.842
132603.506
132645.165
132686.826
132728.484
132770.144
132811.803
132853.465
132895.125
132936.783
132978.444
133020.103
133061.761
133103.425
133145.084
133186.744
133228.404
133270.063
133311.724
133353.384
133395.043
133436.704
133478.362
133520.021
133561.682
133603.344
133645.002
133686.663
133728.321
133769.983
133811.643
133853.304
133894.962
133936.622
133978.283
134019.943
134061.603
134103.262
134144.922
134186.582
134228.243
134269.903
134311.560
134353.223
134394.881
134436.544
134478.203
134519.862
134561.523
134603.180
134644.842
134686.501
134728.160
134769.822
134811.482
134853.141
134894.801
134936.463
134978.120
135019.779
135061.439
135103.103
135144.763
135186.420
135228.081
135269.739
135311.400
135353.060
135394.720
135436.379
135478.042
135519.702
135561.359
135603.021
135644.681
135686.349
135728.001
135769.659
135811.320
135852.980
135894.642
135936.301
135977.959
136019.621
136061.281
136102.942
136144.603
136186.260
136227.920
136269.581
136311.239
136352.899
136394.559
136436.221
136477.881
136519.538
136561.199
136602.860
136644.520
136686.181
136727.840
136769.498
136811.160
136852.819
136894.480
136936.140
136977.799
137019.468
137061.117
137102.779
137144.439
137186.099
137227.757
137269.419
137311.076
137352.738
137394.399
137436.059
137477.720
137519.379
137561.038
137602.697
137644.358
137686.019
137727.678
137769.339
137810.999
137852.658
137894.317
137935.978
137977.639
138019.296
138060.958
138102.617
138144.277
138185.939
138227.598
138269.257
138310.918
138352.579
138394.236
138435.897
138477.558
138519.215
138560.876
138602.538
138644.196
138685.856
138727.518
138769.178
138810.835
138852.498
138894.155
138935.817
138977.475
139019.136
139060.795
139102.456
139144.116
139185.778
139227.434
139269.096
139310.757
139352.415
139394.077
139435.734
139477.393
139519.056
139560.717
139602.376
139644.036
139685.696
139727.356
139769.014
139810.676
139852.337
139893.995
139935.655
139977.315
140018.974
140060.636
140102.296
140143.962
140185.615
140227.275
140268.934
140310.594
140352.256
140393.917
140435.575
140477.236
140518.895
140560.555
140602.217
140643.875
140685.535
140727.193
140768.855
140810.515
140852.174
140893.834
140935.494
140977.154
141018.814
141060.475
141102.134
141143.794
141185.454
141227.114
141268.775
141310.432
141352.091
141393.752
141435.418
141477.074
141518.734
141560.394
141602.057
141643.716
141685.373
141727.033
141768.691
141810.353
141852.012
141893.675
141935.334
141976.994
142018.653
142060.312
142101.973
142143.631
142185.293
142226.952
142268.613
142310.273
142351.932
142393.591
142435.253
142476.911
142518.573
142560.233
142601.894
142643.551
142685.213
142726.871
142768.531
142810.194
142851.852
142893.512
142935.170
142976.832
143018.490
143060.151
143101.813
143143.470
143185.132
143226.790
143268.449
143310.112
143351.771
143393.431
143435.092
143476.750
143518.410
143560.072
143601.732
143643.391
143685.049
143726.711
143768.372
143810.031
143851.691
143893.349
143935.011
143976.671
144018.330
144059.991
144101.650
144143.309
144184.973
144226.628
144268.291
144309.952
144351.609
144393.268
144434.929
144476.591
144518.249
144559.911
144601.571
144643.231
144684.890
144726.551
144768.208
144809.870
144851.529
144893.189
144934.851
144976.511
145018.170
145059.828
145101.491
145143.150
145184.811
145226.470
145268.131
145309.787
145351.449
145393.110
145434.771
145476.428
145518.089
145559.749
145601.411
145643.069
145684.730
145726.388
145768.049
145809.710
145851.368
145893.028
145934.687
145976.350
146018.010
146059.668
146101.328
146142.990
146184.648
146226.311
146267.967
146309.628
146351.289
146392.946
146434.609
146476.266
146517.926
146559.589
146601.249
146642.906
146684.568
146726.228
146767.888
146809.546
146851.209
146892.868
146934.527
146976.188
147017.846
147059.507
147101.168
147142.827
147184.488
147226.147
147267.808
147309.465
147351.125
147392.786
147434.448
147476.106
147517.766
147559.426
147601.087
147642.745
147684.405
147726.066
147767.727
147809.385
147851.047
147892.706
147934.366
147976.025
148017.685
148059.346
148101.006
148142.668
148184.326
148225.987
148267.644
148309.307
148350.967
148392.626
148434.285
148475.945
148517.605
148559.264
148600.926
148642.586
148684.247
148725.905
148767.567
148809.223
148850.886
148892.547
148934.207
148975.867
149017.523
149059.183
149100.844
149142.506
149184.165
149225.823
149267.485
149309.145
149350.806
149392.464
149434.123
149475.783
149517.443
149559.103
149600.766
149642.425
149684.086
149725.744
149767.405
149809.064
149850.725
149892.386
149934.046
149975.704
150017.365
150059.023
150100.686
150142.342
150184.002
150225.672
150267.323
150308.985
150350.643
150392.303
150433.963
150475.625
150517.284
150558.942
150600.603
150642.264
150683.927
150725.584
150767.244
150808.902
150850.564
150892.222
150933.884
150975.544
151017.205
151058.862
151100.524
151142.185
151183.842
151225.503
151267.160
151308.823
151350.483
151392.144
151433.805
151475.461
151517.124
151558.781
151600.444
151642.105
151683.762
151725.423
151767.082
151808.742
151850.402
151892.063
151933.721
151975.381
152017.042
152058.703
152100.363
152142.024
152183.680
152225.342
152267.002
152308.661
152350.321
152391.982
152433.641
152475.301
152516.964
152558.621
152600.282
152641.939
152683.600
152725.263
152766.922
152808.580
152850.241
152891.901
152933.564
152975.221
153016.878
153058.541
153100.202
153141.860
153183.519
153225.179
153266.841
153308.501
153350.161
153391.821
153433.481
153475.138
153516.801
153558.461
153600.120
153641.780
153683.439
153725.100
153766.760
153808.419
153850.079
153891.742
153933.402
153975.059
154016.717
154058.377
154100.042
154141.701
154183.359
154225.018
154266.684
154308.338
154349.998
154391.659
154433.319
154474.978
154516.640
154558.299
154599.959
154641.619
154683.280
154724.941
154766.599
154808.257
154849.919
154891.580
154933.240
154974.897
155016.558
155058.218
155099.880
155141.540
155183.199
155224.856
155266.516
155308.179
155349.840
155391.499
155433.157
155474.817
155516.479
155558.137
155599.798
155641.458
155683.118
155724.777
155766.437
155808.099
155849.756
155891.423
155933.075
155974.736
156016.398
156058.057
156099.718
156141.375
156183.038
156224.698
156266.358
156308.017
156349.678
156391.335
156432.998
156474.656
156516.316
156557.977
156599.638
156641.296
156682.959
156724.615
156766.275
156807.935
156849.598
156891.256
156932.917
156974.576
157016.236
157057.898
157099.557
157141.216
157182.877
157224.534
157266.194
157307.854
157349.516
157391.174
157432.835
157474.496
157516.158
157557.815
157599.476
157641.135
157682.797
157724.456
157766.115
157807.774
157849.434
157891.094
157932.755
157974.414
158016.075
158057.735
158099.397
158141.053
158182.714
158224.375
158266.037
158307.695
158349.353
158391.014
158432.675
158474.333
158515.993
158557.654
158599.315
158640.975
158682.635
158724.293
158765.951
158807.614
158849.276
158890.936
158932.592
158974.254
159015.914
159057.574
159099.233
159140.895
159182.556
159224.214
159265.872
159307.536
159349.196
159390.855
159432.511
159474.173
159515.833
159557.494
159599.155
159640.813
159682.471
159724.134
159765.793
159807.453
159849.113
159890.773
159932.434
159974.093
160015.751
160057.413
160099.075
160140.733
160182.394
160224.054
160265.712
160307.373
160349.032
160390.694
160432.351
160474.012
160515.670
160557.332
160598.993
160640.651
160682.311
160723.973
160765.632
160807.292
160848.953
160890.611
160932.271
160973.931
161015.594
161057.250
161098.914
161140.570
161182.231
161223.889
161265.552
161307.212
161348.872
161390.530
161432.192
161473.849
161515.509
161557.171
161598.831
161640.490
161682.152
161723.809
161765.471
161807.131
161848.791
161890.450
161932.110
161973.770
162015.429
162057.092
162098.750
162140.411
162182.070
162223.731
162265.391
162307.050
162348.711
162390.368
162432.032
162473.689
162515.352
162557.008
162598.669
162640.328
162681.991
162723.648
162765.311
162806.969
162848.631
162890.290
162931.949
162973.609
163015.269
163056.929
163098.588
163140.250
163181.911
163223.569
163265.229
163306.891
163348.550
163390.209
163431.869
163473.527
163515.189
163556.850
163598.509
163640.169
163681.827
163723.487
163765.151
163806.809
163848.469
163890.127
163931.788
163973.447
164015.110
164056.769
164098.429
164140.088
164181.750
164223.407
164265.070
164306.728
164348.387
164390.047
164431.710
164473.369
164515.029
164556.688
164598.349
164640.007
164681.666
164723.328
164764.989
164806.648
164848.321
164889.966
164931.626
164973.288
165014.946
165056.609
165098.266
165139.927
165181.589
165223.251
165264.916
165306.568
165348.225
165389.888
165431.549
165473.208
165514.864
165556.526
165598.189
165639.847
165681.507
165723.167
165764.828
165806.490
165848.146
165889.808
165931.468
165973.126
166014.786
166056.445
166098.105
166139.767
166181.427
166223.087
166264.748
166306.405
166348.066
166389.724
166431.390
166473.049
166514.706
166556.366
166598.034
166639.687
166681.347
166723.005
166764.666
166806.326
166847.988
166889.644
166931.306
166972.965
167014.626
167056.291
167097.945
167139.605
167181.266
167222.925
167264.586
167306.246
167347.905
167389.563
167431.225
167472.884
167514.561
167556.204
167597.866
167639.526
167681.185
167722.844
167764.504
167806.166
167847.826
167889.483
167931.144
167972.805
168014.466
168056.125
168097.784
168139.443
168181.105
168222.763
168264.423
168306.082
168347.743
168389.406
168431.068
168472.725
168514.385
168556.044
168597.703
168639.362
168681.023
168722.684
168764.344
168806.002
168847.663
168889.324
168930.984
168972.644
169014.303
169055.962
169097.623
169139.284
169180.942
169222.602
169264.264
169305.923
169347.583
169389.241
169430.902
169472.562
169514.224
169555.884
169597.543
169639.201
169680.860
169722.523
169764.181
169805.842
169847.501
169889.161
169930.821
169972.481
170014.142
170055.800
170097.462
170139.123
170180.783
170222.440
170264.103
170305.761
170347.421
170389.080
170430.742
170472.401
170514.060
170555.720
170597.383
170639.043
170680.701
170722.361
170764.020
170805.684
170847.344
170889.000
170930.662
170972.320
171013.981
171055.639
171097.299
171138.962
171180.621
171222.280
171263.942
171305.601
171347.262
171388.920
171430.582
171472.242
171513.902
171555.560
171597.221
171638.879
171680.541
171722.201
171763.858
171805.519
171847.181
171888.841
171930.498
171972.158
172013.821
172055.481
172097.140
172138.798
172180.461
172222.121
172263.781
172305.439
172347.101
172388.757
172430.419
172472.078
172513.739
172555.399
172597.062
172638.718
172680.379
172722.040
172763.699
172805.359
172847.019
172888.679
172930.340
172971.999
173013.658
173055.318
173096.979
173138.637
173180.297
173221.959
173263.617
173305.279
173346.938
173388.598
173430.260
173471.919
173513.577
173555.237
173596.897
173638.558
173680.218
173721.878
173763.539
173805.197
173846.856
173888.518
173930.178
173971.838
174013.498
174055.158
174096.817
174138.477
174180.139
174221.796
174263.457
174305.116
174346.779
174388.438
174430.098
174471.755
174513.415
174555.077
174596.738
174638.395
174680.057
174721.716
174763.377
174805.039
174846.696
174888.356
174930.015
174971.676
175013.338
175054.996
175096.655
175138.317
175179.976
175221.643
175263.297
175304.954
175346.617
175388.277
175429.937
175471.595
175513.256
175554.916
175596.579
175638.237
175679.894
175721.555
175763.216
175804.875
175846.539
175888.196
175929.857
175971.515
176013.177
176054.835
176096.495
176138.156
176179.813
176221.475
176263.134
176304.796
176346.455
176388.114
176429.774
176471.436
176513.096
176554.755
176596.415
176638.078
176679.733
176721.394
176763.055
176804.714
176846.377
176888.037
176929.696
176971.353
177013.016
177054.673
177096.335
177137.997
177179.653
177221.314
177262.973
177304.636
177346.296
177387.956
177429.613
177471.275
177512.935
177554.594
177596.255
177637.913
177679.576
177721.234
177762.894
177804.553
177846.212
177887.873
177929.533
177971.192
178012.855
178054.513
178096.175
178137.835
178179.495
178221.154
178262.813
178304.474
178346.132
178387.794
178429.454
178471.112
178512.773
178554.432
178596.091
178637.752
178679.411
178721.073
178762.735
178804.393
178846.053
178887.712
178929.371
178971.033
179012.695
179054.352
179096.014
179137.671
179179.334
179220.994
179262.654
179304.311
179345.971
179387.637
179429.295
179470.956
179512.611
179554.270
179595.931
179637.591
179679.251
179720.915
179762.573
179804.231
179845.890
179887.551
179929.212
179970.871
180012.531
180054.192
180095.851
180137.513
180179.172
180220.832
180262.492
180304.153
180345.810
180387.469
180429.132
180470.789
180512.453
180554.110
180595.772
180637.430
180679.090
180720.749
180762.414
180804.070
180845.732
180887.390
180929.049
180970.709
181012.373
181054.031
181095.689
181137.351
181179.009
181220.671
181262.332
181303.990
181345.649
181387.309
181428.974
181470.632
181512.290
181553.948
181595.611
181637.269
181678.939
181720.589
181762.248
181803.909
181845.569
181887.228
181928.891
181970.550
182012.207
182053.868
182095.533
182137.191
182178.855
182220.507
182262.169
182303.830
182345.490
182387.151
182428.809
182470.468
182512.130
182553.789
182595.450
182637.107
182678.769
182720.427
182762.088
182803.748
182845.409
182887.068
182928.731
182970.388
183012.048
183053.710
183095.368
183137.029
183178.688
183220.348
183262.007
183303.667
183345.330
183386.987
183428.649
183470.310
183511.966
183553.626
183595.287
183636.948
183678.607
183720.266
183761.926
183803.587
183845.248
183886.906
183928.566
183970.226
184011.888
184053.547
184095.210
184136.870
184178.528
184220.187
184261.845
184303.506
184345.165
184386.826
184428.488
184470.147
184511.806
184553.466
184595.125
184636.786
184678.449
184720.105
184761.767
184803.426
184845.086
184886.746
184928.407
184970.065
185011.725
185053.385
185095.047
185136.705
185178.365
185220.025
185261.685
185303.345
185345.006
185386.666
185428.324
185469.985
185511.644
185553.308
185594.964
185636.623
185678.284
185719.944
185761.607
185803.268
185844.927
185886.586
185928.245
185969.906
186011.565
186053.227
186094.886
186136.546
186178.204
186219.866
186261.524
186303.186
186344.847
186386.506
186428.165
186469.826
186511.483
186553.145
186594.804
186636.464
186678.123
186719.783
186761.444
186803.104
186844.763
186886.424
186928.086
186969.744
187011.406
187053.064
187094.724
187136.385
187178.043
187219.702
187261.365
187303.024
187344.683
187386.344
187428.002
187469.665
187511.323
187552.983
187594.644
187636.302
187677.964
187719.626
187761.284
187802.943
187844.604
187886.264
187927.924
187969.582
188011.243
188052.904
188094.563
188136.224
188177.884
188219.544
188261.204
188302.863
188344.523
188386.184
188427.842
188469.502
188511.164
188552.821
188594.483
188636.142
188677.800
188719.461
188761.121
188802.784
188844.442
188886.103
188927.760
188969.423
189011.084
189052.743
189094.402
189136.062
189177.723
189219.382
189261.044
189302.700
189344.363
189386.020
189427.681
189469.342
189511.003
189552.661
189594.323
189635.983
189677.642
189719.300
189760.961
189802.621
189844.281
189885.943
189927.601
189969.263
190010.924
190052.579
190094.240
190135.901
190177.561
190219.220
190260.879
190302.541
190344.201
190385.862
190427.519
190469.182
190510.840
190552.528
190594.161
190635.842
190677.481
190719.168
190760.802
190802.496
190844.122
190885.813
190927.439
190969.135
191010.764
191052.458
191094.079
191135.741
191177.399
191219.061
191260.721
191302.378
191344.038
191385.701
191427.364
191469.020
191510.678
191552.338
191594.000
191635.659
191677.320
191718.982
191760.644
191802.297
191843.959
191885.621
191927.280
191968.937
192010.600
192052.259
192093.919
192135.579
192177.240
192218.899
192260.560
192302.220
192343.880
192385.537
192427.199
192468.859
192510.520
192552.179
192593.837
192635.497
192677.160
192718.818
192760.477
192802.139
192843.798
192885.459
192927.119
192968.779
193010.439
193052.100
193093.761
193135.422
193177.077
193218.738
193260.398
193302.060
193343.719
193385.378
193427.035
193468.696
193510.359
193552.021
193593.678
193635.339
193676.998
193718.656
193760.316
193801.977
193843.638
193885.298
193926.957
193968.618
194010.292
194051.941
194093.598
194135.258
194176.917
194218.576
194260.236
194301.898
194343.558
194385.220
194426.875
194468.537
194510.197
194551.859
194593.518
194635.176
194676.837
194718.496
194760.156
194801.818
194843.478
194885.138
194926.798
194968.455
195010.117
195051.777
195093.437
195135.096
195176.754
195218.414
195260.073
195301.735
195343.400
195385.058
195426.716
195468.374
195510.037
195551.697
195593.356
195635.017
195676.678
195718.337
195759.994
195801.654
195843.317
195884.978
195926.635
195968.294
196009.958
196051.617
196093.275
196134.933
196176.595
196218.257
196259.917
196301.576
196343.235
196384.894
196426.555
196468.216
196509.873
196551.534
196593.194
196634.856
196676.516
196718.183
196759.834
196801.495
196843.155
196884.816
196926.475
196968.135
197009.796
197051.454
197093.115
197134.773
197176.436
197218.093
197259.756
197301.416
197343.073
197384.734
197426.392
197468.054
197509.712
197551.373
197593.036
197634.695
197676.353
197718.015
197759.673
197801.333
197842.995
197884.652
197926.312
197967.974
198009.635
198051.300
198092.955
198134.614
198176.274
198217.931
198259.591
198301.253
198342.914
198384.574
198426.233
198467.891
198509.552
198551.215
198592.873
198634.532
198676.191
198717.854
198759.512
198801.172
198842.832
198884.492
198926.152
198967.814
199009.474
199051.133
199092.795
199134.453
199176.110
199217.772
199259.433
199301.094
199342.752
199384.411
199426.072
199467.732
199509.391
199551.052
199592.710
199634.371
199676.032
199717.691
199759.352
199801.009
199842.669
199884.330
199925.991
199967.652
200009.313
200050.972
200092.631
200134.291
200175.950
200217.613
200259.272
200300.930
200342.590
200384.253
200425.911
200467.570
200509.229
200550.890
200592.551
200634.211
200675.870
200717.530
200759.191
200800.853
200842.510
200884.171
200925.829
200967.491
201009.153
201050.811
201092.470
201134.129
201175.792
201217.454
201259.111
201300.770
201342.429
201384.089
201425.749
201467.418
201509.070
201550.729
201592.389
201634.048
201675.710
201717.372
201759.029
201800.688
201842.349
201884.009
201925.669
201967.330
202008.990
202050.648
202092.310
202133.970
202175.629
202217.290
202258.953
202300.611
202342.270
202383.929
202425.588
202467.250
202508.907
202550.567
202592.228
202633.888
202675.548
202717.209
202758.869
202800.527
202842.188
202883.847
202925.507
202967.170
203008.830
203050.489
203092.151
203133.810
203175.470
203217.131
203258.790
203300.448
203342.109
203383.769
203425.428
203467.088
203508.748
203550.406
203592.067
203633.728
203675.387
203717.047
203758.706
203800.369
203842.029
203883.690
203925.348
203967.007
204008.669
204050.326
204091.987
204133.646
204175.308
204216.970
204258.627
204300.288
204341.948
204383.608
204425.267
204466.927
204508.584
204550.246
204591.906
204633.568
204675.226
204716.885
204758.546
204800.205
204841.866
204883.525
204925.185
204966.846
205008.507
205050.164
205091.827
205133.486
205175.146
205216.804
205258.466
205300.125
205341.785
205383.447
205425.106
205466.765
205508.428
205550.088
205591.745
205633.404
205675.068
205716.727
205758.387
205800.047
205841.707
205883.367
205925.025
205966.684
206008.346
206050.007
206091.664
206133.323
206174.986
206216.646
206258.306
206299.964
206341.626
206383.284
206424.945
206466.603
206508.267
206549.927
206591.584
206633.242
206674.904
206716.564
206758.226
206799.885
206841.545
206883.203
206924.865
206966.526
207008.184
207049.842
207091.504
207133.166
207174.828
207216.485
207258.144
207299.803
207341.464
207383.124
207424.785
207466.444
207508.103
207549.764
207591.426
207633.083
207674.744
207716.405
207758.066
207799.726
207841.382
207883.044
207924.704
207966.364
208008.024
208049.683
208091.343
208133.003
208174.664
208216.323
208257.982
208299.644
208341.303
208382.963
208424.623
208466.281
208507.941
208549.604
208591.266
208632.924
208674.582
208716.243
208757.904
208799.561
208841.224
208882.881
208924.541
208966.201
209007.863
209049.531
209091.184
209132.842
209174.501
209216.163
209257.824
209299.482
209341.142
209382.800
209424.461
209466.120
209507.782
209549.443
209591.101
209632.759
209674.431
209716.082
209757.742
209799.401
209841.062
209882.723
209924.381
209966.050
210007.701
210049.362
210091.021
210132.682
210174.340
210216.002
210257.663
210299.319
210340.981
210382.642
210424.310
210465.961
210507.620
210549.279
210590.942
210632.601
210674.260
210715.921
210757.580
210799.242
210840.899
210882.562
210924.220
210965.882
211007.541
211049.199
211090.861
211132.518
211174.180
211215.840
211257.501
211299.161
211340.822
211382.481
211424.138
211465.800
211507.460
211549.119
211590.778
211632.441
211674.098
211715.761
211757.419
211799.080
211840.739
211882.400
211924.061
211965.718
212007.379
212049.039
212090.699
212132.358
212174.020
212215.687
212257.340
212299.000
212340.659
212382.316
212423.978
212465.642
212507.300
212548.959
212590.618
212632.278
212673.940
212715.598
212757.259
212798.921
212840.579
212882.239
212923.898
212965.559
213007.219
213048.878
213090.537
213132.199
213173.858
213215.519
213257.178
213298.836
213340.499
213382.158
213423.817
213465.477
213507.139
213548.798
213590.458
213632.118
213673.778
213715.438
213757.098
213798.756
213840.416
213882.077
213923.738
213965.399
214007.061
214048.716
214090.377
214132.038
214173.697
214215.356
214257.017
214298.676
214340.337
214381.997
214423.655
214465.318
214506.978
214548.636
214590.297
214631.956
214673.616
214715.277
214756.937
214798.597
214840.256
214881.918
214923.577
214965.236
215006.897
215048.556
215090.215
215131.875
215173.535
215215.196
215256.855
215298.514
215340.177
215381.834
215423.495
215465.154
215506.815
215548.477
215590.134
215631.796
215673.456
215715.117
215756.777
215798.436
215840.095
215881.755
215923.420
215965.076
216006.735
216048.394
216090.056
216131.718
216173.373
216215.033
216256.694
216298.355
216340.016
216381.676
216423.337
216464.995
216506.655
216548.314
216589.975
216631.635
216673.294
216714.953
216756.613
216798.275
216839.936
216881.595
216923.253
216964.913
217006.574
217048.233
217089.893
217131.552
217173.215
217214.874
217256.533
217298.194
217339.855
217381.515
217423.173
217464.833
217506.495
217548.154
217589.814
217631.472
217673.135
217714.793
217756.453
217798.113
217839.774
217881.431
217923.092
217964.752
218006.414
218048.072
218089.734
218131.393
218173.054
218214.712
218256.372
218298.034
218339.691
218381.354
218423.013
218464.672
218506.331
218547.993
218589.652
218631.313
218672.974
218714.633
218756.291
218797.954
218839.614
218881.274
218922.933
218964.592
219006.252
219047.911
219089.573
219131.234
219172.893
219214.550
219256.212
219297.871
219339.533
219381.194
219422.851
219464.513
219506.172
219547.830
219589.491
219631.152
219672.814
219714.470
219756.132
219797.791
219839.452
219881.113
219922.771
219964.431
220006.093
220047.753
220089.411
220131.072
220172.730
220214.392
220256.053
220297.709
220339.369
220381.031
220422.691
220464.352
220506.011
220547.671
220589.332
220630.992
220672.651
220714.311
220755.971
220797.632
220839.290
220880.950
220922.610
220964.272
221005.930
221047.591
221089.250
221130.911
221172.569
221214.228
221255.890
221297.549
221339.211
221380.871
221422.529
221464.189
221505.849
221547.509
221589.170
221630.830
221672.490
221714.148
221755.810
221797.471
221839.129
221880.788
221922.450
221964.111
222005.769
222047.428
222089.088
222130.750
222172.408
222214.069
222255.731
222297.389
222339.050
222380.710
222422.371
222464.029
222505.689
222547.349
222589.007
222630.668
222672.328
222713.989
222755.648
222797.309
222838.966
222880.628
222922.288
222963.949
223005.609
223047.268
223088.928
223130.588
223172.246
223213.909
223255.569
223297.229
223338.887
223380.548
223422.207
223463.869
223505.528
223547.189
223588.846
223630.509
223672.175
223713.831
223755.486
223797.147
223838.808
223880.467
223922.128
223963.787
224005.448
224047.109
224088.769
224130.428
224172.086
224213.751
224255.411
224297.070
224338.728
224380.385
224422.048
224463.707
224505.366
224547.029
224588.688
224630.349
224672.008
224713.666
224755.326
224796.987
224838.647
224880.306
224921.967
224963.626
225005.285
225046.951
225088.607
225130.268
225171.926
225213.586
225255.249
225296.908
225338.565
225380.228
225421.885
225463.545
225505.216
225546.867
225588.527
225630.190
225671.846
225713.505
225755.166
225796.826
225838.487
225880.145
225921.805
225963.467
226005.124
226046.784
226088.445
226130.104
226171.763
226213.424
226255.085
226296.743
226338.406
226380.065
226421.727
226463.383
226505.045
226546.705
226588.365
226630.026
226671.683
226713.345
226755.004
226796.666
226838.325
226879.984
226921.644
226963.304
227004.965
227046.624
227088.283
227129.946
227171.606
227213.266
227254.923
227296.586
227338.244
227379.904
227421.564
227463.222
227504.884
227546.542
227588.203
227629.866
227671.523
227713.182
227754.848
227796.505
227838.166
227879.825
227921.484
227963.142
228004.802
228046.465
228088.123
228129.784
228171.442
228213.103
228254.761
228296.421
228338.084
228379.742
228421.404
228463.062
228504.722
228546.383
228588.043
228629.705
228671.364
228713.023
228754.686
228796.343
228838.001
228879.663
228921.321
228962.983
229004.641
229046.304
229087.963
229129.621
229171.283
229212.944
229254.604
229296.264
229337.926
229379.583
229421.243
229462.901
229504.560
229546.220
229587.881
229629.542
229671.200
229712.863
229754.522
229796.183
229837.842
229879.502
229921.162
229962.823
230004.480
230046.141
230087.802
230129.464
230171.123
230212.782
230254.439
230296.103
230337.763
230379.421
230421.083
230462.743
230504.402
230546.059
230587.721
230629.382
230671.040
230712.701
230754.359
230796.022
230837.680
230879.342
230921.000
230962.659
231004.321
231045.982
231087.640
231129.301
231170.961
231212.622
231254.279
231295.939
231337.601
231379.259
231420.922
231462.582
231504.240
231545.898
231587.560
231629.221
231670.879
231712.539
231754.199
231795.861
231837.519
231879.183
231920.839
231962.501
232004.159
232045.817
232087.479
232129.139
232170.798
232212.461
232254.122
232295.780
232337.440
232379.098
232420.760
232462.419
232504.078
232545.739
232587.397
232629.058
232670.717
232712.380
232754.038
232795.701
232837.359
232879.020
232920.678
232962.336
233003.999
233045.660
233087.319
233128.979
233170.639
233212.299
233253.957
233295.617
233337.278
233378.944
233420.600
233462.260
233503.920
233545.577
233587.238
233628.899
233670.558
233712.220
233753.879
233795.537
233837.198
233878.858
233920.518
233962.179
234003.838
234045.498
234087.156
234128.820
234170.480
234212.140
234253.798
234295.457
234337.120
234378.777
234420.437
234462.097
234503.757
234545.417
234587.078
234628.738
234670.396
234712.057
234753.717
234795.377
234837.037
234878.699
234920.357
234962.017
235003.676
235045.337
235086.997
235128.657
235170.314
235211.977
235253.637
235295.296
235336.956
235378.615
235420.277
235461.936
235503.597
235545.254
235586.914
235628.577
235670.237
235711.897
235753.554
235795.214
235836.876
235878.536
235920.196
235961.855
236003.515
236045.174
236086.834
236128.495
236170.156
236211.817
236253.476
236295.134
236336.794
236378.455
236420.114
236461.773
236503.436
236545.095
236586.755
236628.414
236670.074
236711.736
236753.394
236795.053
236836.715
236878.377
236920.034
236961.693
237003.354
237045.014
237086.674
237128.335
237169.995
237211.652
237253.314
237294.973
237336.634
237378.293
237419.952
237461.616
237503.273
237544.935
237586.594
237628.254
237669.914
237711.574
237753.232
237794.894
237836.555
237878.216
237919.873
237961.534
238003.192
238044.854
238086.513
238128.173
238169.835
238211.494
238253.152
238294.812
238336.475
238378.133
238419.793
238461.451
238503.111
238544.774
238586.432
238628.093
238669.751
238711.419
238753.075
238794.735
238836.391
238878.054
238919.713
238961.372
239003.032
239044.693
239086.352
239128.012
239169.672
239211.341
239252.993
239294.652
239336.313
239377.971
239419.632
239461.293
239502.953
239544.612
239586.271
239627.931
239669.596
239711.253
239752.911
239794.572
239836.231
239877.894
239919.551
239961.212
240002.871
240044.531
240086.191
240127.856
240169.511
240211.172
240252.832
240294.492
240336.151
240377.812
240419.472
240461.130
240502.790
240544.453
240586.110
240627.771
240669.431
240711.093
240752.749
240794.410
240836.070
240877.731
240919.391
240961.053
241002.710
241044.370
241086.031
241127.690
241169.351
241211.008
241252.670
241294.332
241335.991
241377.649
241419.310
241460.981
241502.630
241544.291
241585.951
241627.609
241669.271
241710.930
241752.590
241794.250
241835.910
241877.570
241919.235
241960.892
242002.550
242044.210
242085.869
242127.531
242169.189
242210.850
242252.509
242294.172
242335.832
242377.491
242419.148
242460.812
242502.472
242544.129
242585.787
242627.447
242669.109
242710.770
242752.429
242794.086
242835.749
242877.411
242919.068
242960.730
243002.390
243044.048
243085.709
243127.370
243169.029
243210.687
243252.349
243294.008
243335.670
243377.328
243418.987
243460.649
243502.306
243543.968
243585.627
243627.287
243668.960
243710.609
243752.269
243793.928
243835.586
243877.246
243918.908
243960.570
244002.230
244043.889
244085.547
244127.207
244168.867
244210.529
244252.186
244293.849
244335.507
244377.168
244418.828
244460.485
244502.148
244543.805
244585.465
244627.126
244668.787
244710.445
244752.107
244793.766
244835.428
244877.089
244918.748
244960.407
245002.067
245043.727
245085.386
245127.049
245168.706
245210.367
245252.024
245293.686
245335.346
245377.007
245418.664
245460.327
245501.987
245543.648
245585.305
245626.968
245668.627
245710.286
245751.946
245793.606
245835.267
245876.926
245918.587
245960.245
246001.908
246043.566
246085.229
246126.886
246168.546
246210.205
246251.867
246293.527
246335.186
246376.846
246418.503
246460.167
246501.824
246543.488
246585.147
246626.806
246668.464
246710.125
246751.787
246793.446
246835.107
246876.766
246918.426
246960.085
247001.747
247043.405
247085.064
247126.725
247168.385
247210.045
247251.704
247293.365
247335.035
247376.684
247418.345
247460.004
247501.664
247543.323
247584.982
247626.644
247668.305
247709.965
247751.623
247793.285
247834.946
247876.607
247918.268
247959.927
248001.586
248043.246
248084.905
248126.567
248168.225
248209.885
248251.543
248293.204
248334.865
248376.523
248418.184
248459.844
248501.504
248543.166
248584.827
248626.485
248668.142
248709.804
248751.466
248793.124
248834.787
248876.445
248918.104
248959.764
249001.421
249043.085
249084.744
249126.403
249168.063
249209.722
249251.382
249293.043
249334.702
249376.362
249418.023
249459.682
249501.342
249543.003
249584.666
249626.322
249667.982
249709.643
249751.303
249792.962
249834.621
249876.281
249917.941
249959.603
250001.263
250042.924
250084.582
250126.241
250167.901
250209.564
250251.224
250292.881
250334.541
250376.204
250417.864
250459.521
250501.182
250542.843
250584.503
250626.163
250667.823
250709.481
250751.142
250792.802
250834.463
250876.122
250917.781
250959.442
251001.102
251042.760
251084.422
251126.085
251167.740
251209.401
251251.059
251292.721
251334.382
251376.043
251417.699
251459.360
251501.024
251542.683
251584.340
251625.999
251667.662
251709.323
251750.978
251792.639
251834.301
251875.961
251917.621
251959.279
252000.941
252042.601
252084.261
252125.922
252167.580
252209.240
252250.899
252292.562
252334.221
252375.880
252417.539
252459.202
252500.860
252542.518
252584.179
252625.840
252667.500
252709.158
252750.820
252792.479
252834.140
252875.800
252917.458
252959.123
253000.778
253042.440
253084.099
253125.760
253167.421
253209.081
253250.740
253292.400
253334.062
253375.721
253417.383
253459.042
253500.711
253542.360
253584.019
253625.680
253667.341
253709.001
253750.659
253792.321
253833.980
253875.646
253917.298
253958.959
254000.619
254042.280
254083.944
254125.598
254167.259
254208.917
254250.577
254292.241
254333.900
254375.560
254417.220
254458.879
254500.538
254542.198
254583.860
254625.517
254667.178
254708.837
254750.495
254792.158
254833.816
254875.477
254917.136
254958.795
255000.460
255042.119
255083.776
255125.439
255167.097
255208.760
255250.415
255292.077
255333.741
255375.398
255417.057
255458.722
255500.376
255542.037
255583.696
255625.357
255667.018
255708.677
255750.339
255791.999
255833.659
255875.317
255916.977
255958.639
256000.298
256041.956
256083.615
256125.276
256166.937
256208.596
256250.257
256291.918
256333.576
256375.235
256416.896
256458.556
256500.216
256541.874
256583.534
256625.196
256666.855
256708.516
256750.177
256791.836
256833.496
256875.157
256916.814
256958.476
257000.136
257041.796
257083.454
257125.118
257166.774
257208.436
257250.097
257291.757
257333.415
257375.076
257416.735
257458.393
257500.057
257541.713
257583.376
257625.034
257666.697
257708.355
257750.017
257791.676
257833.334
257874.995
257916.655
257958.315
257999.975
258041.635
258083.293
258124.954
258166.615
258208.274
258249.936
258291.596
258333.256
258374.913
258416.573
258458.233
258499.894
258541.555
258583.214
258624.874
258666.533
258708.194
258749.854
258791.513
258833.174
258874.834
258916.494
258958.155
258999.814
259041.474
259083.134
259124.794
259166.454
259208.113
259249.773
259291.433
259333.092
259374.755
259416.415
259458.073
259499.733
259541.394
259583.054
259624.713
259666.372
259708.034
259749.692
259791.354
259833.013
259874.672
259916.333
259957.994
259999.654
260041.311
260082.973
260124.632
260166.296
260207.952
260249.610
260291.271
260332.933
260374.592
260416.253
260457.911
260499.571
260541.231
260582.891
260624.553
260666.211
260707.873
260749.534
260791.193
260832.852
260874.511
260916.170
260957.831
260999.491
261041.151
261082.810
261124.471
261166.132
261207.791
261249.451
261291.109
261332.771
261374.432
261416.091
261457.753
261499.417
261541.072
261582.731
261624.389
261666.052
261707.709
261749.373
261791.033
261832.692
261874.352
261916.010
261957.672
261999.332
262040.991
262082.652
262124.309
262165.971
262207.631
262249.291
262290.950
262332.610
262374.271
262415.931
262457.589
262499.250
262540.909
262582.571
262624.231
262665.889
262707.549
262749.210
262790.871
262832.530
262874.190
262915.848
262957.511
262999.171
263040.831
263082.488
263124.149
263165.811
263207.469
263249.130
263290.790
263332.449
263374.108
263415.768
263457.427
263499.103
263540.750
263582.409
263624.069
263665.727
263707.391
263749.052
263790.718
263832.370
263874.028
263915.689
263957.348
263999.013
264040.667
264082.329
264123.989
264165.654
264207.310
264248.969
264290.628
264332.287
264373.947
264415.608
264457.273
264498.932
264540.590
264582.248
264623.909
264665.569
264707.227
264748.887
264790.547
264832.207
264873.867
264915.533
264957.192
264998.850
265040.511
265082.167
265123.828
265165.486
265207.148
265248.809
265290.469
265332.128
265373.796
265415.447
265457.108
265498.768
265540.427
265582.089
265623.748
265665.408
265707.068
265748.728
265790.386
265832.047
265873.707
265915.368
265957.027
265998.688
266040.348
266082.006
266123.664
266165.326
266206.987
266248.647
266290.306
266331.968
266373.628
266415.288
266456.946
266498.607
266540.266
266581.927
266623.586
266665.245
266706.906
266748.572
266790.228
266831.886
266873.546
266915.207
266956.865
266998.525
267040.187
267081.847
267123.505
267165.174
267206.826
267248.488
267290.148
267331.807
267373.469
267415.128
267456.786
267498.449
267540.106
267581.767
267623.430
267665.088
267706.744
267748.404
267790.065
267831.725
267873.385
267915.046
267956.705
267998.367
268040.029
268081.688
268123.344
268165.004
268206.663
268248.325
268289.986
268331.645
268373.307
268414.963
268456.624
268498.283
268539.944
268581.605
268623.265
268664.927
268706.585
268748.244
268789.905
268831.565
268873.225
268914.882
268956.545
268998.204
269039.863
269081.522
269123.184
269164.843
269206.504
269248.164
269289.824
269331.482
269373.144
269414.803
269456.464
269498.122
269539.783
269581.444
269623.103
269664.766
269706.423
269748.085
269789.743
269831.404
269873.063
269914.723
269956.382
269998.044
270039.702
270081.364
270123.022
270164.681
270206.343
270248.003
270289.662
270331.322
270372.983
270414.643
270456.305
270497.966
270539.623
270581.283
270622.941
270664.602
270706.262
270747.922
270789.583
270831.243
270872.901
270914.564
270956.223
270997.884
271039.542
271081.204
271122.864
271164.523
271206.182
271247.842
271289.503
271331.164
271372.822
271414.482
271456.142
271497.800
271539.462
271581.122
271622.783
271664.441
271706.101
271747.762
271789.422
271831.085
271872.743
271914.400
271956.062
271997.720
272039.382
272081.042
272122.700
272164.362
272206.022
272247.683
272289.341
272331.001
272372.661
272414.328
272455.982
272497.639
272539.302
272580.964
272622.622
272664.282
272705.941
272747.600
272789.260
272830.920
272872.581
272914.240
272955.902
272997.563
273039.221
273080.880
273122.542
273164.201
273205.861
273247.520
273289.180
273330.840
273372.498
273414.161
273455.819
273497.479
273539.139
273580.798
273622.458
273664.121
273705.781
273747.439
273789.099
273830.759
273872.420
273914.080
273955.740
273997.400
274039.061
274080.721
274122.381
274164.038
274205.701
274247.360
274289.020
274330.680
274372.339
274414.000
274455.659
274497.319
274538.977
274580.640
274622.300
274663.959
274705.618
274747.277
274788.938
274830.598
274872.259
274913.919
274955.577
274997.238
275038.899
275080.560
275122.219
275163.876
275205.537
275247.199
275288.859
275330.516
275372.178
275413.839
275455.498
275497.159
275538.817
275580.477
275622.138
275663.797
275705.458
275747.118
275788.777
275830.438
275872.099
275913.758
275955.422
275997.077
276038.739
276080.398
276122.058
276163.717
276205.378
276247.036
276288.697
276330.357
276372.018
276413.677
276455.338
276496.997
276538.657
276580.317
276621.977
276663.636
276705.297
276746.958
276788.617
276830.277
276871.936
276913.598
276955.256
276996.918
277038.576
277080.237
277121.897
277163.557
277205.217
277246.877
277288.534
277330.197
277371.857
277413.519
277455.178
277496.836
277538.495
277580.157
277621.819
277663.474
277705.135
277746.795
277788.457
277830.117
277871.775
277913.434
277955.095
277996.755
278038.417
278080.074
278121.735
278163.397
278205.056
278246.713
278288.376
278330.036
278371.695
278413.353
278455.015
278496.676
278538.336
278579.996
278621.654
278663.315
278704.975
278746.636
278788.294
278829.955
278871.615
278913.275
278954.934
278996.595
279038.255
279079.915
279121.575
279163.236
279204.895
279246.554
279288.214
279329.874
279371.535
279413.195
279454.854
279496.515
279538.172
279579.834
279621.494
279663.154
279704.813
279746.473
279788.134
279829.794
279871.454
279913.114
279954.773
279996.434
280038.093
280079.754
280121.414
280163.073
280204.734
280246.392
280288.053
280329.713
280371.374
280413.032
280454.694
280496.355
280538.015
280579.672
280621.335
280662.994
280704.651
280746.312
280787.974
280829.635
280871.293
280912.952
280954.612
280996.273
281037.934
281079.591
281121.251
281162.915
281204.574
281246.232
281287.893
281329.554
281371.213
281412.870
281454.531
281496.194
281537.853
281579.511
281621.172
281662.830
281704.494
281746.151
281787.813
281829.471
281871.132
281912.790
281954.452
281996.110
282037.770
282079.431
282121.091
282162.753
282204.412
282246.070
282287.733
282329.394
282371.051
282412.712
282454.371
282496.032
282537.690
282579.352
282621.015
282662.672
282704.332
282745.992
282787.651
282829.309
282870.971
282912.632
282954.292
282995.951
283037.611
283079.269
283120.931
283162.591
283204.251
283245.910
283287.571
283329.231
283370.892
283412.550
283454.210
283495.871
283537.532
283579.191
283620.850
283662.509
283704.169
283745.828
283787.490
283829.150
283870.812
283912.470
283954.127
283995.790
284037.452
284079.110
284120.770
284162.430
284204.090
284245.751
284287.414
284329.069
284370.728
284412.390
284454.051
284495.709
284537.368
284579.027
284620.691
284662.349
284704.009
284745.668
284787.328
284828.988
284870.648
284912.307
284953.968
284995.627
285037.290
285078.948
285120.610
285162.268
285203.928
285245.586
285287.248
285328.909
285370.571
285412.230
285453.889
285495.547
285537.209
285578.870
285620.527
285662.188
285703.849
285745.510
285787.167
285828.830
285870.491
285912.151
285953.810
285995.466
286037.129
286078.789
286120.449
286162.109
286203.767
286245.428
286287.085
286328.747
286370.407
286412.069
286453.728
286495.388
286537.048
286578.708
286620.368
286662.028
286703.687
286745.346
286787.012
286828.669
286870.327
286911.987
286953.647
286995.308
287036.968
287078.628
287120.287
287161.948
287203.608
287245.266
287286.925
287328.584
287370.245
287411.905
287453.567
287495.229
287536.887
287578.544
287620.207
287661.870
287703.528
287745.186
287786.845
287828.508
287870.167
287911.827
287953.483
287995.146
288036.805
288078.468
288120.127
288161.784
288203.447
288245.108
288286.766
288328.427
288370.088
288411.746
288453.404
288495.065
288536.725
288578.387
288620.046
288661.721
288703.364
288745.028
288786.686
288828.345
288870.008
288911.666
288953.326
288994.985
289036.646
289078.305
289119.966
289161.627
289203.286
289244.946
289286.609
289328.264
289369.923
289411.586
289453.246
289494.906
289536.565
289578.224
289619.884
289661.543
289703.205
289744.863
289786.524
289828.182
289869.845
289911.504
289953.164
289994.824
290036.486
290078.144
290119.805
290161.462
290203.124
290244.782
290286.446
290328.104
290369.764
290411.423
290453.085
290494.745
290536.403
290578.062
290619.725
290661.383
290703.045
290744.703
