0.000
41.654
83.319
124.979
166.639
208.299
249.959
291.617
333.279
374.951
416.597
458.259
499.917
541.576
583.235
624.896
666.555
708.215
749.873
791.534
833.191
874.853
916.511
958.173
999.832
1041.491
1083.150
1124.810
1166.469
1208.130
1249.788
1291.448
1333.110
1374.770
1416.429
1458.089
1499.748
1541.407
1583.065
1624.726
1666.384
1708.046
1749.704
1791.365
1833.023
1874.686
1916.342
1958.004
1999.661
2041.324
2082.981
2124.641
2166.300
2207.962
2249.619
2291.280
2332.941
2374.602
2416.260
2457.920
2499.579
2541.239
2582.896
2624.558
2666.217
2707.878
2749.536
2791.197
2832.854
2874.515
2916.173
2957.835
2999.493
3041.154
3082.812
3124.472
3166.131
3207.791
3249.450
3291.110
3332.771
3374.430
3416.090
3457.751
3499.409
3541.069
3582.728
3624.388
3666.047
3707.709
3749.366
3791.028
3832.686
3874.347
3916.005
3957.666
3999.324
4040.984
4082.643
4124.304
4165.962
4207.622
4249.282
4290.948
4332.602
4374.263
4415.924
4457.583
4499.242
4540.902
4582.560
4624.221
4665.878
4707.540
4749.199
4790.859
4832.519
4874.179
4915.837
4957.498
4999.157
5040.817
5082.475
5124.136
5165.796
5207.456
5249.114
5290.775
5332.435
5374.096
5415.755
5457.415
5499.074
5540.733
5582.395
5624.053
5665.713
5707.372
5749.034
5790.691
5832.351
5874.010
5915.670
5957.330
5998.990
6040.649
6082.308
6123.968
6165.627
6207.285
6248.947
6290.609
6332.267
6373.926
6415.586
6457.246
6498.905
6540.565
6582.223
6623.884
6665.545
6707.203
6748.863
6790.522
6832.181
6873.841
6915.500
6957.161
6998.820
7040.479
7082.140
7123.799
7165.459
7207.118
7248.779
7290.437
7332.098
7373.757
7415.417
7457.077
7498.736
7540.396
7582.054
7623.715
7665.373
7707.034
7748.692
7790.355
7832.011
7873.673
7915.331
7956.993
7998.650
8040.311
8081.970
8123.630
8165.289
8206.952
8248.608
8290.269
8331.931
8373.589
8415.247
8456.907
8498.567
8540.227
8581.888
8623.547
8665.205
8706.867
8748.525
8790.185
8831.845
8873.504
8915.165
8956.824
8998.484
9040.143
9081.803
9123.462
9165.121
9206.782
9248.440
9290.102
9331.760
9373.419
9415.079
9456.738
9498.400
9540.060
9581.717
9623.378
9665.039
9706.698
9748.357
9790.017
9831.676
9873.335
9914.994
9956.655
9998.315
10039.975
10081.634
10123.294
10164.954
10206.616
10248.273
10289.947
10331.593
10373.254
10414.912
10456.572
10498.233
10539.891
10581.550
10623.209
10664.869
10706.531
10748.189
10789.849
10831.507
10873.170
10914.827
10956.488
10998.145
11039.807
11081.466
11123.126
11164.785
11206.446
11248.103
11289.765
11331.424
11373.085
11414.746
11456.404
11498.064
11539.723
11581.380
11623.041
11664.701
11706.362
11748.020
11789.680
11831.339
11873.000
11914.659
11956.317
11997.978
12039.638
12081.298
12122.958
12164.616
12206.276
12247.937
12289.597
12331.256
12372.916
12414.576
12456.234
12497.895
12539.554
12581.214
12622.872
12664.533
12706.192
12747.851
12789.512
12831.172
12872.832
12914.491
12956.150
12997.811
13039.469
13081.130
13122.789
13164.449
13206.110
13247.768
13289.427
13331.086
13372.747
13414.407
13456.067
13497.727
13539.385
13581.044
13622.703
13664.365
13706.023
13747.683
13789.341
13831.003
13872.661
13914.323
13955.981
13997.642
14039.302
14080.962
14122.620
14164.282
14205.939
14247.599
14289.259
14330.919
14372.579
14414.240
14455.899
14497.558
14539.218
14580.876
14622.537
14664.196
14705.857
14747.515
14789.176
14830.833
14872.495
14914.155
14955.814
14997.474
15039.135
15080.794
15122.454
15164.113
15205.773
15247.432
15289.092
15330.751
15372.411
15414.071
15455.730
15497.389
15539.050
15580.710
15622.370
15664.029
15705.687
15747.346
15789.010
15830.667
15872.326
15913.985
15955.645
15997.306
16038.964
16080.626
16122.285
16163.945
16205.605
16247.264
16288.923
16330.584
16372.243
16413.904
16455.562
16497.221
16538.897
16580.540
16622.201
16663.859
16705.519
16747.178
16788.838
16830.497
16872.158
16913.817
16955.478
16997.135
17038.795
17080.455
17122.117
17163.775
17205.435
17247.094
17288.755
17330.414
17372.075
17413.734
17455.394
17497.054
17538.714
17580.374
17622.034
17663.692
17705.366
17747.011
17788.671
17830.331
17871.991
17913.652
17955.310
17996.968
18038.627
18080.288
18121.948
18163.608
18205.268
18246.929
18288.586
18330.247
18371.907
18413.567
18455.226
18496.891
18538.547
18580.204
18621.865
18663.522
18705.184
18746.842
18788.503
18830.161
18871.823
18913.483
18955.142
18996.800
19038.460
19080.118
19121.791
19163.440
19205.099
19246.758
19288.418
19330.080
19371.739
19413.400
19455.058
19496.719
19538.378
19580.038
19621.699
19663.356
19705.015
19746.674
19788.333
19829.995
19871.655
19913.314
19954.973
19996.633
20038.292
20079.954
20121.612
20163.273
20204.932
20246.592
20288.250
20329.910
20371.571
20413.231
20454.894
20496.550
20538.211
20579.870
20621.529
20663.188
20704.847
20746.507
20788.169
20829.829
20871.488
20913.146
20954.805
20996.465
21038.126
21079.785
21121.444
21163.107
21204.764
21246.425
21288.083
21329.757
21371.404
21413.063
21454.723
21496.382
21538.043
21579.702
21621.360
21663.030
21704.679
21746.339
21787.998
21829.659
21871.319
21912.981
21954.638
21996.298
22037.956
22079.619
22121.277
22162.939
22204.595
22246.255
22287.913
22329.575
22371.235
22412.895
22454.553
22496.213
22537.874
22579.531
22621.193
22662.852
22704.512
22746.170
22787.832
22829.490
22871.151
22912.809
22954.470
22996.129
23037.790
23079.447
23121.109
23162.768
23204.428
23246.087
23287.748
23329.408
23371.067
23412.726
23454.386
23496.045
23537.713
23579.365
23621.024
23662.684
23704.342
23746.003
23787.664
23829.325
23870.982
23912.643
23954.302
23995.962
24037.621
24079.282
24120.941
24162.600
24204.259
24245.919
24287.581
24329.239
24370.900
24412.558
24454.220
24495.878
24537.537
24579.198
24620.858
24662.518
24704.176
24745.836
24787.494
24829.157
24870.815
24912.474
24954.134
24995.795
25037.454
25079.114
25120.773
25162.431
25204.091
25245.753
25287.414
25329.073
25370.733
25412.391
25454.051
25495.709
25537.371
25579.030
25620.691
25662.354
25704.008
25745.668
25787.328
25828.987
25870.648
25912.307
25953.968
25995.625
26037.287
26078.947
26120.606
26162.266
26203.926
26245.586
26287.248
26328.905
26370.564
26412.224
26453.884
26495.543
26537.201
26578.864
26620.523
26662.183
26703.841
26745.502
26787.160
26828.821
26870.479
26912.141
26953.801
26995.460
27037.118
27078.780
27120.441
27162.100
27203.759
27245.420
27287.078
27328.737
27370.399
27412.057
27453.717
27495.376
27537.034
27578.695
27620.354
27662.015
27703.672
27745.334
27786.992
27828.654
27870.312
27911.973
27953.632
27995.292
28036.951
28078.611
28120.271
28161.931
28203.590
28245.250
28286.909
28328.569
28370.229
28411.889
28453.549
28495.208
28536.868
28578.527
28620.187
28661.846
28703.506
28745.166
28786.824
28828.486
28870.144
28911.806
28953.463
28995.126
29036.784
29078.445
29120.103
29161.763
29203.422
29245.081
29286.741
29328.400
29370.062
29411.722
29453.385
29495.041
29536.700
29578.363
29620.020
29661.681
29703.340
29745.000
29786.659
29828.319
29869.976
29911.639
29953.297
29994.958
30036.615
30078.276
30119.937
30161.597
30203.256
30244.917
30286.575
30328.234
30369.893
30411.558
30453.215
30494.874
30536.532
30578.193
30619.852
30661.512
30703.171
30744.831
30786.490
30828.152
30869.810
30911.470
30953.129
30994.788
31036.450
31078.109
31119.769
31161.429
31203.088
31244.748
31286.408
31328.068
31369.728
31411.387
31453.047
31494.708
31536.366
31578.027
31619.685
31661.345
31703.003
31744.664
31786.323
31827.985
31869.643
31911.306
31952.962
31994.622
32036.280
32077.942
32119.601
32161.262
32202.922
32244.581
32286.241
32327.902
32369.561
32411.219
32452.880
32494.540
32536.199
32577.858
32619.517
32661.177
32702.836
32744.497
32786.155
32827.815
32869.476
32911.135
32952.794
32994.457
33036.113
33077.775
33119.435
33161.094
33202.755
33244.414
33286.074
33327.734
33369.392
33411.053
33452.713
33494.373
33536.031
33577.690
33619.349
33661.011
33702.669
33744.330
33785.989
33827.649
33869.308
33910.967
33952.629
33994.289
34035.946
34077.625
34119.267
34160.928
34202.588
34244.246
34285.906
34327.564
34369.223
34410.886
34452.543
34494.205
34535.863
34577.524
34619.183
34660.844
34702.503
34744.162
34785.821
34827.481
34869.140
34910.802
34952.461
34994.122
35035.780
35077.440
35119.100
35160.760
35202.419
35244.079
35285.740
35327.399
35369.060
35410.719
35452.377
35494.036
35535.696
35577.358
35619.016
35660.677
35702.334
35743.996
35785.655
35827.315
35868.973
35910.635
35952.293
35993.954
36035.611
36077.274
36118.933
36160.592
36202.252
36243.913
36285.576
36327.232
36368.891
36410.551
36452.211
36493.869
36535.528
36577.190
36618.848
36660.510
36702.168
36743.827
36785.487
36827.148
36868.807
36910.469
36952.126
36993.786
37035.445
37077.106
37118.767
37160.426
37202.086
37243.745
37285.404
37327.064
37368.723
37410.384
37452.044
37493.703
37535.361
37577.024
37618.681
37660.342
37702.000
37743.662
37785.320
37826.981
37868.639
37910.300
37951.959
37993.620
38035.278
38076.939
38118.599
38160.259
38201.918
38243.578
38285.238
38326.899
38368.558
38410.218
38451.890
38493.537
38535.195
38576.854
38618.515
38660.175
38701.834
38743.494
38785.153
38826.814
38868.473
38910.132
38951.791
38993.453
39035.111
39076.772
39118.433
39160.092
39201.753
39243.412
39285.072
39326.731
39368.392
39410.052
39451.710
39493.369
39535.027
39576.689
39618.347
39660.008
39701.667
39743.330
39784.986
39826.646
39868.307
39909.969
39951.625
39993.287
40034.946
40076.605
40118.265
40159.927
40201.587
40243.245
40284.905
40326.566
40368.224
40409.885
40451.542
40493.203
40534.861
40576.522
40618.180
40659.841
40701.500
40743.160
40784.819
40826.481
40868.138
40909.800
40951.458
40993.120
41034.781
41076.438
41118.098
41159.758
41201.418
41243.078
41284.739
41326.398
41368.058
41409.716
41451.376
41493.037
41534.697
41576.355
41618.018
41659.676
41701.335
41742.995
41784.656
41826.314
41867.975
41909.633
41951.294
41992.953
42034.614
42076.271
42117.932
42159.593
42201.252
42242.912
42284.571
42326.230
42367.891
42409.551
42451.209
42492.870
42534.530
42576.190
42617.850
42659.507
42701.170
42742.828
42784.486
42826.149
42867.808
42909.467
42951.126
42992.787
43034.447
43076.105
43117.765
43159.424
43201.085
43242.744
43284.403
43326.064
43367.724
43409.385
43451.043
43492.704
43534.361
43576.022
43617.680
43659.341
43701.002
43742.662
43784.319
43825.981
43867.639
43909.299
43950.958
43992.620
44034.278
44075.938
44117.600
44159.259
44200.917
44242.578
44284.238
44325.897
44367.558
44409.218
44450.880
44492.537
44534.194
44575.855
44617.513
44659.175
44700.833
44742.495
44784.152
44825.814
44867.473
44909.134
44950.792
44992.453
45034.111
45075.772
45117.432
45159.092
45200.751
45242.412
45284.072
45325.730
45367.390
45409.051
45450.709
45492.369
45534.022
45575.690
45617.342
45659.008
45700.661
45742.328
45783.981
45825.647
45867.302
45908.967
45950.620
45992.286
46033.939
46075.607
46117.267
46158.927
46200.584
46242.244
46283.904
46325.567
46367.224
46408.885
46450.546
46492.203
46533.864
46575.521
46617.183
46658.843
46700.501
46742.161
46783.821
46825.481
46867.140
46908.800
46950.462
46992.120
47033.780
47075.438
47117.098
47158.759
47200.418
47242.079
47283.737
47325.398
47367.058
47408.719
47450.377
47492.036
47533.695
47575.356
47617.015
47658.676
47700.335
47741.995
47783.655
47825.315
47866.975
47908.646
47950.294
47991.953
48033.612
48075.273
48116.939
48158.594
48200.253
48241.912
48283.572
48325.232
48366.890
48408.550
48450.210
48491.869
48533.530
48575.196
48616.848
48658.508
48700.167
48741.828
48783.488
48825.149
48866.821
48908.466
48950.127
48991.787
49033.446
49075.105
49116.768
49158.425
49200.086
49241.745
49283.406
49325.066
49366.725
49408.384
49450.045
49491.703
49533.362
49575.023
49616.684
49658.342
49700.003
49741.662
49783.322
49824.981
49866.642
49908.301
49949.960
49991.621
50033.280
50074.953
50116.600
50158.260
50199.918
50241.578
50283.237
50324.907
50366.557
50408.218
50449.877
50491.540
50533.197
50574.857
50616.517
50658.175
50699.836
50741.495
50783.159
50824.815
50866.474
50908.134
50949.795
50991.453
51033.114
51074.772
51116.433
51158.093
51199.754
51241.414
51283.072
51324.732
51366.394
51408.053
51449.712
51491.371
51533.032
51574.695
51616.351
51658.018
51699.670
51741.328
51782.990
51824.648
51866.309
51907.969
51949.630
51991.287
52032.949
52074.606
52116.274
52157.928
52199.588
52241.245
52282.905
52324.564
52366.225
52407.884
52449.545
52491.204
52532.864
52574.524
52616.184
52657.843
52699.502
52741.162
52782.822
52824.482
52866.143
52907.801
52949.462
52991.122
53032.782
53074.441
53116.101
53157.760
53199.422
53241.078
53282.742
53324.400
53366.061
53407.720
53449.379
53491.038
53532.698
53574.357
53616.017
53657.676
53699.337
53740.997
53782.656
53824.315
53865.975
53907.634
53949.295
53990.955
54032.616
54074.276
54115.933
54157.593
54199.252
54240.913
54282.573
54324.232
54365.891
54407.553
54449.213
54490.874
54532.532
54574.191
54615.852
54657.511
54699.171
54740.829
54782.491
54824.149
54865.809
54907.469
54949.129
54990.788
55032.448
55074.109
55115.768
55157.428
55199.087
55240.747
55282.406
55324.067
55365.726
55407.385
55449.044
55490.704
55532.365
55574.023
55615.684
55657.344
55699.002
55740.662
55782.324
55823.983
55865.653
55907.301
55948.962
55990.624
56032.283
56073.941
56115.601
56157.260
56198.921
56240.581
56282.240
56323.899
56365.559
56407.219
56448.878
56490.539
56532.198
56573.858
56615.519
56657.178
56698.838
56740.497
56782.158
56823.817
56865.477
56907.136
56948.795
56990.455
57032.114
57073.774
57115.435
57157.096
57198.757
57240.415
57282.074
57323.736
57365.394
57407.053
57448.713
57490.372
57532.048
57573.691
57615.351
57657.011
57698.671
57740.330
57781.990
57823.651
57865.312
57906.970
57948.630
57990.291
58031.950
58073.609
58115.269
58156.929
58198.591
58240.249
58281.909
58323.567
58365.226
58406.887
58448.547
58490.206
58531.865
58573.525
58615.184
58656.845
58698.504
58740.165
58781.825
58823.483
58865.143
58906.806
58948.464
58990.126
59031.786
59073.443
59115.102
59156.762
59198.422
59240.081
59281.742
59323.401
59365.062
59406.722
59448.382
59490.041
59531.699
59573.360
59615.018
59656.679
59698.339
59739.997
59781.659
59823.317
59864.980
59906.637
59948.297
59989.957
60031.617
60073.277
60114.935
60156.593
60198.253
60281.599
60364.896
60406.555
60448.227
60489.874
60531.533
60573.193
60614.852
60656.512
60698.173
60739.832
60781.492
60823.150
60864.811
60906.470
60948.131
60989.795
61031.452
61073.112
61114.772
61156.431
61198.090
61239.750
61281.409
61323.069
61364.730
61406.390
61448.048
61489.709
61531.367
61573.028
61614.687
61656.348
61698.009
61739.676
61781.324
61822.985
61864.646
61906.305
61947.965
61989.624
62031.286
62072.943
62114.604
62156.264
62197.925
62239.583
62281.242
62322.903
62364.564
62406.224
62447.881
62489.542
62531.200
62572.860
62614.524
62656.182
62697.842
62739.499
62781.160
62822.820
62864.478
62906.138
62947.800
62989.458
63031.120
63072.778
63114.438
63156.098
63197.757
63239.417
63281.076
63322.737
63364.396
63406.058
63447.717
63489.375
63531.034
63572.693
63614.355
63656.012
63697.673
63739.333
63780.995
63822.653
63864.313
63905.976
63947.635
63989.293
64030.955
64072.613
64114.273
64155.932
64197.592
64239.252
64280.916
64322.572
64364.230
64405.908
64447.550
64489.210
64530.870
64572.530
64614.189
64655.848
64697.509
64739.168
64780.829
64822.487
64864.147
64905.806
64947.468
64989.126
65030.786
65072.446
65114.107
65155.769
65197.428
65239.084
65280.755
65322.404
65364.064
65405.726
65447.384
65489.044
65530.702
65572.361
65614.022
65655.682
65697.342
65739.004
65780.662
65822.321
65863.982
65905.643
65947.301
65988.960
66030.620
66072.278
66113.939
66155.599
66197.259
66238.926
66280.595
66322.239
66363.898
66405.557
66447.217
66488.877
66530.540
66572.196
66613.857
66655.517
66697.176
66738.855
66780.496
66822.156
66863.813
66905.473
66947.134
66988.794
67030.454
67072.114
67113.778
67155.433
67197.092
67238.753
67280.413
67322.072
67363.732
67405.391
67447.052
67488.710
67530.373
67572.030
67613.690
67655.349
67697.011
67738.670
67780.331
67821.988
67863.646
67905.307
67946.970
67988.628
68030.288
68071.946
68113.607
68155.267
68196.928
68238.588
68280.246
68321.907
68363.566
68405.226
68446.885
68488.547
68530.207
68571.863
68613.523
68655.183
68696.844
68738.505
68780.167
68821.822
68863.482
68905.140
68946.803
68988.463
69030.122
69071.780
69113.440
69155.099
69196.761
69238.420
69280.080
69321.741
69363.399
69405.060
69446.719
69488.378
69530.039
69571.698
69613.359
69655.018
69696.678
69738.335
69779.998
69821.657
69863.317
69904.977
69946.638
69988.295
70029.957
70071.615
70113.275
70154.936
70196.595
70238.253
70279.914
70321.574
70363.233
70404.892
70446.553
70488.212
70529.871
70571.532
70613.194
70654.851
70696.511
70738.171
70779.830
70821.490
70863.150
70904.810
70946.471
70988.129
71029.790
71071.450
71113.109
71154.769
71196.429
71238.087
71279.747
71321.417
71363.067
71404.726
71446.388
71488.046
71529.706
71571.364
71613.026
71654.686
71696.346
71738.006
71779.666
71821.325
71862.985
71904.661
71946.305
71987.963
72029.626
72071.285
72112.944
72154.604
72196.262
72237.922
72279.582
72321.243
72362.902
72404.562
72446.223
72487.882
72529.543
72571.199
72612.859
72654.519
72696.179
72737.842
72779.499
72821.158
72862.818
72904.476
72946.138
72987.798
73029.459
73071.117
73112.778
73154.442
73196.097
73237.757
73279.416
73321.077
73362.737
73404.397
73446.055
73487.716
73529.373
73571.033
73612.694
73654.363
73696.013
73737.672
73779.332
73820.991
73862.656
73904.313
73945.964
73987.632
74029.293
74070.953
74112.612
74154.272
74195.932
74237.590
74279.250
74320.910
74362.569
74404.230
74445.888
74487.564
74529.209
74570.867
74612.527
74654.188
74695.849
74737.508
74779.177
74820.826
74862.485
74904.146
74945.807
74987.465
75029.126
75070.785
75112.445
75154.104
75195.764
75237.425
75279.086
75320.744
75362.404
75404.064
75445.724
75487.383
75529.045
75570.704
75612.362
75654.021
75695.682
75737.342
75779.001
75820.660
75862.320
75903.980
75945.640
75987.302
76028.959
76070.619
76112.279
76153.940
76195.599
76237.257
76278.919
76320.578
76362.237
76403.897
76445.559
76487.218
76528.876
76570.536
76612.196
76653.856
76695.517
76737.175
76778.834
76820.494
76862.153
76903.812
76945.475
76987.134
77028.794
77070.455
77112.114
77153.775
77195.436
77237.092
77278.754
77320.413
77362.073
77403.732
77445.389
77487.050
77528.709
77570.370
77612.029
77653.688
77695.350
77737.008
77778.668
77820.329
77861.988
77903.649
77945.307
77986.967
78028.628
78070.302
78111.949
78153.608
78195.266
78236.927
78278.587
78320.247
78361.906
78403.565
78445.227
78486.886
78528.545
78570.223
78611.864
78653.522
78695.182
78736.844
78778.503
78820.163
78861.824
78903.482
78945.144
78986.803
79028.463
79070.121
79111.781
79153.441
79195.102
79236.761
79278.421
79320.079
79361.739
79403.398
79445.058
79486.719
79528.379
79570.038
79611.698
79653.357
79695.018
79736.677
79778.338
79819.998
79861.657
79903.316
79944.976
79986.636
80028.296
80069.958
80111.617
80153.276
80194.941
80236.595
80278.255
80319.915
80361.582
80403.233
80444.893
80486.552
80528.212
80569.872
80611.531
80653.191
80694.862
80736.512
80778.171
80819.829
80861.489
80903.150
80944.809
80986.481
81028.131
81069.793
81111.450
81153.108
81194.769
81236.451
81278.088
81319.748
81361.409
81403.068
81444.743
81486.387
81528.045
81569.705
81611.366
81653.026
81694.689
81736.348
81778.007
81819.665
81861.325
81902.984
81944.644
81986.306
82027.977
82069.636
82111.283
82152.955
82194.602
82236.262
82277.923
82319.584
82361.242
82402.901
82444.561
82486.222
82527.881
82569.540
82611.201
82652.859
82694.519
82736.179
82777.840
82819.497
82861.158
82902.818
82944.478
82986.138
83027.798
83069.456
83111.116
83152.777
83194.437
83236.099
83277.756
83319.416
83361.076
83402.736
83444.395
83486.058
83527.715
83569.372
83611.033
83652.694
83694.355
83736.015
83777.674
83819.334
83860.995
83902.651
83944.313
83985.972
84027.634
84069.291
84110.956
84152.610
84194.271
84235.932
84277.593
84319.250
84360.911
84402.569
84444.229
84485.891
84527.550
84569.209
84610.868
84652.527
84694.190
84735.850
84777.509
84819.164
84860.826
84902.486
84944.147
84985.805
85027.466
85069.124
85110.787
85152.445
85194.105
85235.763
85277.423
85319.084
85360.743
85402.404
85444.063
85485.723
85527.382
85569.042
85610.703
85652.360
85694.022
85735.681
85777.341
85819.000
85860.661
85902.319
85943.980
85985.640
86027.301
86068.962
86110.620
86152.279
86193.940
86235.598
86277.259
86318.918
86360.580
86402.237
86443.899
86485.558
86527.216
86568.875
86610.536
86652.196
86693.856
86735.515
86777.175
86818.833
86860.495
86902.154
86943.814
86985.473
87027.136
87068.793
87110.453
87152.113
87193.773
87235.432
87277.093
87318.751
87360.410
87402.072
87443.731
87485.393
87527.051
87568.710
87610.372
87652.028
87693.691
87735.349
87777.010
87818.669
87860.331
87901.987
87943.648
87985.306
88026.969
88068.641
88110.288
88151.946
88193.607
88235.267
88276.928
88318.588
88360.246
88401.906
88443.564
88485.225
88526.887
88568.544
88610.204
88651.863
88693.525
88735.184
88776.844
88818.502
88860.164
88901.823
88943.482
88985.141
89026.802
89068.460
89110.124
89151.783
89193.443
89235.099
89276.760
89318.421
89360.081
89401.740
89443.399
89485.058
89526.721
89568.379
89610.040
89651.697
89693.358
89735.018
89776.677
89818.338
89859.998
89901.655
89943.318
89984.977
90026.639
90068.296
90109.956
90151.616
90193.275
90234.939
90276.597
90318.256
90359.915
90401.575
90443.233
90484.893
90526.556
90568.212
90609.875
90651.532
90693.193
90734.851
90776.512
90818.170
90859.832
90901.491
90943.150
90984.809
91026.469
91068.129
91109.791
91151.450
91193.110
91234.785
91276.430
91318.090
91359.748
91401.408
91443.067
91484.726
91526.388
91568.046
91609.709
91651.366
91693.027
91734.687
91776.346
91818.005
91859.678
91901.324
91942.987
91984.645
92026.305
92067.963
92109.624
92151.283
92192.950
92234.603
92276.263
92317.925
92359.583
92401.241
92442.903
92484.563
92526.221
92567.880
92609.541
92651.201
92692.863
92734.520
92776.180
92817.839
92859.501
92901.161
92942.819
92984.478
93026.140
93067.798
93109.461
93151.118
93192.778
93234.439
93276.098
93317.758
93359.416
93401.077
93442.738
93484.398
93526.057
93567.714
93609.374
93651.033
93692.695
93734.354
93776.014
93817.672
93859.344
93900.991
93942.654
93984.312
94025.973
94067.631
94109.294
94150.954
94192.613
94234.272
94275.934
94317.592
94359.252
94400.911
94442.583
94484.232
94525.900
94567.599
94609.211
94650.922
94692.530
94734.245
94775.848
94817.557
94859.169
94900.885
94942.487
94984.149
95025.808
95067.467
95109.127
95150.787
95192.448
95234.107
95275.766
95317.426
95359.085
95400.745
95442.407
95484.065
95525.724
95567.383
95609.045
95650.702
95692.363
95734.023
95775.685
95817.342
95859.003
95900.660
95942.321
95983.981
96025.641
96067.299
96108.963
96150.623
96192.282
96233.946
96275.602
96317.260
96358.921
96400.580
96442.241
96483.901
96525.559
96567.216
96608.877
96650.535
96692.197
96733.865
96775.518
96817.175
96858.837
96900.496
96942.157
96983.823
97025.476
97067.134
97108.795
97150.456
97192.115
97233.774
97275.435
97317.095
97358.753
97400.420
97442.075
97483.733
97525.393
97567.051
97608.710
97650.369
97692.031
97733.692
97775.353
97817.011
97858.675
97900.329
97941.991
97983.649
98025.312
98066.977
98108.628
98150.289
98191.949
98233.608
98275.276
98316.928
98358.588
98400.248
98441.908
98483.567
98525.227
98566.885
98608.546
98650.206
98691.865
98733.525
98775.186
98816.845
98858.504
98900.164
98941.826
98983.483
99025.144
99066.802
99108.466
99150.126
99191.783
99233.442
99275.103
99316.765
99358.423
99400.095
99441.742
99483.401
99525.061
99566.765
99608.382
99650.100
99691.702
99733.409
99775.021
99816.679
99858.340
99899.999
99941.659
99983.320
100024.978
100066.640
100108.298
100149.958
100191.617
100233.279
100274.941
100316.598
100358.257
100399.917
100441.576
100483.237
100524.898
100566.554
100608.216
100649.873
100691.535
100733.192
100774.855
100816.512
100858.174
100899.831
100941.494
100983.152
101024.814
101066.471
101108.134
101149.793
101191.451
101233.111
101274.771
101316.431
101358.091
101399.751
101441.413
101483.073
101524.731
101566.393
101608.050
101649.710
101691.369
101733.028
101774.688
101816.349
101858.008
101899.669
101941.327
101982.987
102024.647
102066.308
102107.969
102149.633
102191.286
102232.946
102274.606
102316.265
102357.924
102399.583
102441.247
102482.907
102524.570
102566.217
102607.883
102649.536
102691.203
102732.856
102774.524
102816.176
102857.842
102899.497
102941.162
102982.817
103024.482
103066.136
103107.800
103149.460
103191.120
103232.780
103274.441
103316.101
103357.760
103399.418
103441.080
103482.739
103524.396
103566.061
103607.719
103649.381
103691.039
103732.698
103774.357
103816.017
103857.676
103899.337
103940.995
103982.657
104024.315
104065.977
104107.633
104149.296
104190.957
104232.616
104274.274
104315.934
104357.594
104399.253
104440.913
104482.573
104524.231
104565.894
104607.552
104649.213
104690.870
104732.532
104774.191
104815.853
104857.511
104899.170
104940.830
104982.490
105024.150
105065.812
105107.471
105149.128
105190.789
105232.450
105274.110
105315.773
105357.428
105399.088
105440.748
105482.408
105524.067
105565.726
105607.386
105649.044
105690.705
105732.365
105774.026
105815.686
105857.345
105899.004
105940.665
105982.327
106023.985
106065.644
106107.301
106148.963
106190.622
106232.282
106273.943
106315.613
106357.263
106398.924
106440.582
106482.243
106523.901
106565.560
106607.218
106648.880
106690.540
106732.199
106773.862
106815.522
106857.181
106898.840
106940.497
106982.158
107023.819
107065.480
107107.138
107148.799
107190.457
107232.118
107273.776
107315.436
107357.095
107398.756
107440.416
107482.077
107523.737
107565.395
107607.055
107648.726
107690.374
107732.036
107773.694
107815.356
107857.013
107898.674
107940.333
107981.994
108023.654
108065.311
108106.982
108148.632
108190.292
108231.958
108273.612
108315.271
108356.931
108398.592
108440.250
108481.911
108523.569
108565.247
108606.891
108648.549
108690.208
108731.868
108773.529
108815.189
108856.847
108898.508
108940.166
108981.830
109023.488
109065.147
109106.807
109148.465
109190.130
109231.787
109273.446
109315.106
109356.766
109398.425
109440.089
109481.746
109523.405
109565.067
109606.723
109648.383
109690.043
109731.703
109773.363
109815.028
109856.683
109898.354
109940.001
109981.662
110023.320
110064.981
110106.641
110148.300
110189.961
110231.620
110273.280
110314.955
110356.599
110398.262
110439.920
110481.580
110523.239
110564.898
110606.561
110648.218
110689.879
110731.538
110773.197
110814.860
110856.517
110898.190
110939.836
110981.496
111023.159
111064.814
111106.476
111148.137
111189.796
111231.454
111273.114
111314.774
111356.435
111398.094
111439.753
111481.414
111523.073
111564.734
111606.391
111648.053
111689.711
111731.373
111773.031
111814.691
111856.351
111898.013
111939.670
111981.332
112022.989
112064.650
112106.312
112147.969
112189.628
112231.290
112272.950
112314.609
112356.269
112397.927
112439.588
112481.247
112522.907
112564.567
112606.226
112647.886
112689.545
112731.206
112772.865
112814.526
112856.184
112897.845
112939.505
112981.166
113022.840
113064.483
113106.142
113147.804
113189.464
113231.123
113272.785
113314.444
113356.106
113397.764
113439.419
113481.080
113522.740
113564.402
113606.060
113647.720
113689.380
113731.040
113772.699
113814.360
113856.019
113897.680
113939.337
113980.999
114022.658
114064.319
114105.979
114147.639
114189.300
114230.957
114272.617
114314.278
114355.937
114397.596
114439.258
114480.916
114522.576
114564.235
114605.894
114647.555
114689.215
114730.875
114772.534
114814.193
114855.853
114897.514
114939.172
114980.833
115022.493
115064.153
115105.813
115147.471
115189.132
115230.791
115272.452
115314.113
115355.771
115397.431
115439.093
115480.753
115522.411
115564.070
115605.729
115647.388
115689.049
115730.710
115772.369
115814.029
115855.689
115897.347
115939.009
115980.672
116022.342
116063.987
116105.646
116147.309
116188.967
116230.627
116272.287
116313.945
116355.606
116397.265
116438.924
116480.584
116522.244
116563.904
116605.565
116647.226
116688.885
116730.544
116772.201
116813.863
116855.523
116897.183
116938.848
116980.502
117022.161
117063.822
117105.482
117147.142
117188.801
117230.461
117272.121
117313.780
117355.439
117397.099
117438.759
117480.420
117522.078
117563.753
117605.397
117647.058
117688.717
117730.377
117772.047
117813.698
117855.356
117897.016
117938.677
117980.336
118021.994
118063.657
118105.317
118146.977
118188.635
118230.296
118271.955
118313.616
118355.276
118396.950
118438.595
118480.255
118521.914
118563.573
118605.231
118646.892
118688.551
118730.212
118771.871
118813.532
118855.191
118896.859
118938.510
118980.172
119021.831
119063.490
119105.151
119146.808
119188.468
119230.129
119271.790
119313.452
119355.109
119396.768
119438.428
119480.087
119521.747
119563.408
119605.064
119646.725
119688.387
119730.049
119771.707
119813.366
119855.026
119896.686
119938.347
119980.004
120021.665
120063.326
120104.986
120146.644
120188.303
120229.965
120271.623
120313.283
120354.949
120396.604
120438.265
120479.924
120521.582
120563.242
120604.900
120646.560
120688.221
120729.900
120771.539
120813.200
120854.865
120896.522
120938.182
120979.844
121021.498
121063.159
121104.820
121146.490
121188.138
121229.798
121271.457
121313.127
121354.778
121396.442
121438.100
121479.755
121521.415
121563.075
121604.735
121646.396
121688.054
121729.715
121771.373
121813.035
121854.694
121896.354
121938.013
121979.672
122021.333
122062.994
122104.653
122146.312
122187.972
122229.631
122271.294
122312.952
122354.612
122396.270
122437.931
122479.590
122521.260
122562.912
122604.570
122646.240
122687.890
122729.550
122771.210
122812.870
122854.529
122896.189
122937.849
122979.510
123021.170
123062.829
123104.488
123146.157
123187.806
123229.469
123271.124
123312.785
123354.447
123396.104
123437.765
123479.426
123521.087
123562.746
123604.404
123646.063
123687.723
123729.385
123771.043
123812.702
123854.362
123896.021
123937.685
123979.343
124021.002
124062.661
124104.322
124145.982
124187.645
124229.301
124270.960
124312.623
124354.282
124395.941
124437.602
124479.259
124520.917
124562.578
124604.238
124645.900
124687.570
124729.220
124770.877
124812.539
124854.198
124895.860
124937.517
124979.177
125020.838
125062.498
125104.157
125145.816
125187.478
125229.135
125270.794
125312.455
125354.128
125395.775
125437.434
125479.097
125520.755
125562.427
125604.073
125645.732
125687.393
125729.053
125770.711
125812.372
125854.031
125895.691
125937.353
125979.012
126020.671
126062.332
126103.992
126145.651
126187.310
126228.970
126270.633
126312.292
126353.950
126395.608
126437.269
126478.932
126520.587
126562.249
126603.908
126645.568
126687.227
126728.887
126770.546
126812.207
126853.865
126895.527
126937.196
126978.845
127020.505
127062.165
127103.826
127145.485
127187.144
127228.806
127270.469
127312.125
127353.784
127395.443
127437.104
127478.764
127520.421
127562.083
127603.740
127645.403
127687.060
127728.721
127770.381
127812.040
127853.701
127895.360
127937.021
127978.680
128020.338
128062.001
128103.660
128145.320
128186.979
128228.639
128270.299
128311.958
128353.617
128395.277
128436.950
128478.596
128520.255
128561.919
128603.577
128645.236
128686.895
128728.555
128770.215
128811.876
128853.534
128895.196
128936.852
128978.515
129020.175
129061.837
129103.491
129145.155
129186.815
129228.473
129270.135
129311.802
129353.452
129395.112
129436.773
129478.434
129520.092
129561.753
129603.410
129645.073
129686.730
129728.407
129770.048
129811.709
129853.371
129895.038
129936.688
129978.349
130020.007
130061.670
130103.329
130144.987
130186.647
130228.307
130269.968
130311.628
130353.286
130394.948
130436.608
130478.272
130519.927
130561.586
130603.244
130644.906
130686.564
130728.225
130769.886
130811.543
130853.204
130894.865
130936.523
130978.183
131019.842
131061.502
131103.165
131144.823
131186.482
131228.142
131269.817
131311.464
131353.121
131394.781
131436.440
131478.100
131519.760
131561.418
131603.078
131644.740
131686.399
131728.060
131769.717
131811.377
131853.038
131894.698
131936.358
131978.017
132019.679
132061.338
132103.007
132144.667
132186.317
132227.977
132269.636
132311.295
132352.954
132394.614
132436.275
132477.935
132519.592
132561.253
132602.919
132644.575
132686.233
132727.895
132769.552
132811.212
132852.872
132894.532
132936.190
132977.851
133019.509
133061.172
133102.832
133144.491
133186.150
133227.811
133269.471
133311.138
133352.790
133394.449
133436.108
133477.769
133519.427
133561.090
133602.754
133644.419
133686.070
133727.728
133769.387
133811.047
133852.706
133894.366
133936.025
133977.687
134019.346
134061.006
134102.665
134144.325
134185.985
134227.645
134269.305
134310.964
134352.624
134394.285
134435.945
134477.603
134519.281
134560.922
134602.582
134644.241
134685.900
134727.571
134769.222
134810.881
134852.540
134894.202
134935.861
134977.523
135019.178
135060.841
135102.501
135144.160
135185.824
135227.477
135269.138
135310.799
135352.459
135394.121
135435.779
135477.437
135519.096
135560.759
135602.416
135644.078
135685.745
135727.395
135769.055
135810.716
135852.378
135894.045
135935.694
135977.355
136019.014
136060.675
136102.339
136143.995
136185.654
136227.314
136268.974
136310.635
136352.293
136393.955
136435.614
136477.272
136518.930
136560.592
136602.250
136643.912
136685.570
136727.232
136768.890
136810.552
136852.209
136893.869
136935.528
136977.191
137018.848
137060.509
137102.169
137143.829
137185.489
137227.148
137268.806
137310.469
137352.127
137393.787
137435.448
137477.108
137518.766
137560.426
137602.089
137643.745
137685.405
137727.065
137768.726
137810.383
137852.045
137893.705
137935.364
137977.027
138018.686
138060.343
138102.003
138143.663
138185.325
138226.986
138268.645
138310.304
138351.971
138393.621
138435.281
138476.941
138518.600
138560.260
138601.918
138643.580
138685.239
138726.901
138768.564
138810.219
138851.877
138893.541
138935.198
138976.858
139018.515
139060.180
139101.846
139143.499
139185.157
139226.831
139268.477
139310.137
139351.797
139393.455
139435.116
139476.777
139518.434
139560.094
139601.753
139643.414
139685.073
139726.736
139768.395
139810.055
139851.713
139893.373
139935.035
139976.694
140018.352
140060.014
140101.673
140143.332
140184.994
140226.652
140268.312
140309.971
140351.634
140393.307
140434.971
140476.610
140518.268
140559.931
140601.588
140643.248
140684.907
140726.570
140768.227
140809.887
140851.547
140893.208
140934.867
140976.527
141018.186
141059.863
141101.507
141143.167
141184.827
141226.488
141268.145
141309.805
141351.466
141393.125
141434.786
141476.445
141518.102
141559.768
141601.422
141643.084
141684.741
141726.403
141768.060
141809.722
141851.381
141893.042
141934.700
141976.364
142018.019
142059.681
142101.341
142143.011
142184.661
142226.321
142267.980
142309.640
142351.300
142392.961
142434.619
142476.280
142517.937
142559.601
142601.257
142642.919
142684.575
142726.237
142767.896
142809.556
142851.215
142892.877
142934.535
142976.196
143017.854
143059.516
143101.175
143142.835
143184.497
143226.155
143267.816
143309.475
143351.135
143392.794
143434.455
143476.115
143517.783
143559.433
143601.091
143642.751
143684.410
143726.073
143767.730
143809.392
143851.050
143892.712
143934.369
143976.031
144017.689
144059.352
144101.012
144142.671
144184.331
144225.990
144267.651
144309.309
144350.973
144392.628
144434.289
144475.947
144517.608
144559.267
144600.927
144642.587
144684.247
144725.907
144767.565
144809.226
144850.886
144892.547
144934.208
144975.864
145017.524
145059.184
145100.854
145142.505
145184.165
145225.825
145267.484
145309.143
145350.802
145392.464
145434.123
145475.782
145517.442
145559.104
145600.763
145642.422
145684.081
145725.740
145767.401
145809.060
145850.722
145892.379
145934.042
145975.701
146017.361
146059.020
146100.678
146142.339
146183.999
146225.661
146267.319
146308.978
146350.639
146392.298
146433.957
146475.617
146517.275
146558.937
146600.594
146642.255
146683.914
146725.576
146767.234
146808.894
146850.553
146892.215
146933.873
146975.533
147017.191
147058.854
147100.513
147142.174
147183.835
147225.496
147267.152
147308.812
147350.470
147392.134
147433.793
147475.452
147517.109
147558.771
147600.429
147642.090
147683.748
147725.409
147767.067
147808.730
147850.387
147892.048
147933.713
147975.369
148017.026
148058.687
148100.348
148142.007
148183.666
148225.326
148266.992
148308.648
148350.309
148391.967
148433.628
148475.286
148516.982
148558.619
148600.307
148641.925
148683.633
148725.246
148766.956
148808.565
148850.268
148891.884
148933.592
148975.201
149016.861
149058.522
149100.182
149141.842
149183.501
149225.161
149266.821
149308.483
149350.143
149391.801
149433.460
149475.121
149516.780
149558.441
149600.100
149641.760
149683.419
149725.078
149766.739
149808.399
149850.059
149891.718
149933.377
149975.038
150016.698
150058.357
150100.018
150141.678
150183.337
150224.997
150266.657
150308.314
150349.976
150391.635
150433.296
150474.954
150516.613
150558.273
150599.934
150641.594
150683.255
150724.913
150766.574
150808.232
150849.893
150891.552
150933.214
150974.874
151016.532
151058.191
151099.860
151141.512
151183.172
151224.831
151266.490
151308.150
151349.809
151391.471
151433.129
151474.790
151516.450
151558.114
151599.771
151641.430
151683.090
151724.747
151766.409
151808.066
151849.729
151891.386
151933.046
151974.706
152016.367
152058.026
152099.687
152141.346
152183.004
152224.665
152266.342
152307.996
152349.645
152391.304
152432.965
152474.625
152516.299
152557.943
152599.601
152641.262
152682.925
152724.583
152766.244
152807.901
152849.563
152891.222
152932.882
152974.540
153016.201
153057.863
153099.521
153141.180
153182.841
153224.501
153266.160
153307.820
153349.478
153391.138
153432.797
153474.458
153516.118
153557.778
153599.436
153641.098
153682.758
153724.416
153766.077
153807.734
153849.396
153891.056
153932.716
153974.375
154016.036
154057.697
154099.355
154141.014
154182.674
154224.334
154265.994
154307.654
154349.313
154390.972
154432.633
154474.294
154515.952
154557.611
154599.271
154640.931
154682.590
154724.250
154765.910
154807.570
154849.230
154890.891
154932.556
154974.210
155015.869
155057.530
155099.191
155140.849
155182.508
155224.169
155265.844
155307.489
155349.151
155390.810
155432.469
155474.127
155515.788
155557.446
155599.105
155640.767
155682.427
155724.084
155765.744
155807.405
155849.064
155890.723
155932.384
155974.044
156015.705
156057.363
156099.023
156140.684
156182.345
156224.014
156265.661
156307.321
156348.982
156390.644
156432.301
156473.970
156515.620
156557.281
156598.944
156640.601
156682.263
156723.920
156765.583
156807.240
156848.900
156890.560
156932.219
156973.879
157015.540
157057.198
157098.858
157140.517
157182.176
157223.835
157265.496
157307.156
157348.816
157390.476
157432.135
157473.796
157515.456
157557.116
157598.775
157640.435
157682.096
157723.756
157765.415
157807.075
157848.734
157890.393
157932.052
157973.713
158015.373
158057.034
158098.695
158140.354
158182.014
158223.673
158265.333
158306.990
158348.654
158390.311
158431.971
158473.631
158515.290
158556.949
158598.610
158640.270
158681.931
158723.587
158765.251
158806.910
158848.568
158890.230
158931.888
158973.546
159015.207
159056.878
159098.540
159140.188
159181.847
159223.507
159265.167
159306.843
159348.488
159390.146
159431.803
159473.467
159515.126
159556.787
159598.444
159640.103
159681.767
159723.425
159765.085
159806.742
159848.402
159890.062
159931.723
159973.384
160015.042
160056.702
160098.364
160140.023
160181.681
160223.341
160265.008
160306.663
160348.321
160389.979
160431.639
160473.298
160514.956
160556.618
160598.278
160639.937
160681.600
160723.259
160764.920
160806.579
160848.237
160889.900
160931.558
160973.218
161014.877
161056.537
161098.197
161139.857
161181.514
161223.175
161264.835
161306.495
161348.155
161389.830
161431.476
161473.133
161514.796
161556.454
161598.115
161639.779
161681.432
161723.091
161764.752
161806.412
161848.072
161889.731
161931.392
161973.050
162014.712
162056.373
162098.030
162139.690
162181.350
162223.009
162264.669
162306.329
162347.987
162389.647
162431.310
162472.970
162514.630
162556.288
162597.947
162639.606
162681.268
162722.927
162764.598
162806.248
162847.906
162889.568
162931.227
162972.886
163014.545
163056.203
163097.864
163139.525
163181.185
163222.843
163264.505
163306.164
163347.823
163389.483
163431.142
163472.803
163514.462
163556.121
163597.782
163639.441
163681.102
163722.762
163764.421
163806.080
163847.740
163889.400
163931.060
163972.720
164014.380
164056.040
164097.699
164139.360
164181.020
164222.680
164264.339
164305.998
164347.660
164389.321
164430.978
164472.637
164514.300
164555.958
164597.616
164639.275
164680.936
164722.595
164764.257
164805.916
164847.576
164889.236
164930.895
164972.554
165014.215
165055.875
165097.534
165139.193
165180.856
165222.516
165264.173
165305.831
165347.497
165389.153
165430.815
165472.471
165514.132
165555.793
165597.466
165639.120
165680.772
165722.432
165764.093
165805.752
165847.409
165889.070
165930.729
165972.388
166014.050
166055.707
166097.368
166139.030
166180.689
166222.349
166264.007
166305.668
166347.327
166388.985
166430.646
166472.305
166513.967
166555.626
166597.287
166638.951
166680.605
166722.265
166763.924
166805.584
166847.244
166888.904
166930.564
166972.223
167013.886
167055.544
167097.204
167138.863
167180.525
167222.190
167263.842
167305.502
167347.174
167388.821
167430.482
167472.141
167513.801
167555.459
167597.122
167638.781
167680.439
167722.098
167763.759
167805.419
167847.079
167888.739
167930.401
167972.059
168013.731
168055.388
168097.039
168138.698
168180.358
168222.039
168263.678
168305.337
168346.997
168388.657
168430.316
168471.976
168513.636
168555.295
168596.954
168638.613
168680.275
168721.934
168763.592
168805.253
168846.921
168888.573
168930.233
168971.892
169013.551
169055.210
169096.872
169138.531
169180.191
169221.851
169263.511
169305.170
169346.830
169388.491
169430.150
169471.812
169513.473
169555.137
169596.788
169638.448
169680.108
169721.768
169763.428
169805.087
169846.750
169888.408
169930.069
169971.726
170013.387
170055.046
170096.709
170138.368
170180.025
170221.686
170263.344
170305.005
170346.665
170388.326
170429.986
170471.644
170513.305
170554.965
170596.625
170638.286
170679.943
170721.604
170763.273
170804.924
170846.581
170888.235
170929.902
170971.561
171013.220
171054.879
171096.540
171138.200
171179.873
171221.523
171263.181
171304.841
171346.499
171388.160
171429.819
171471.480
171513.139
171554.798
171596.457
171638.119
171679.777
171721.436
171763.097
171804.757
171846.418
171888.074
171929.736
171971.395
172013.057
172054.715
172096.375
172138.036
172179.696
172221.356
172263.017
172304.674
172346.333
172388.002
172429.654
172471.314
172512.975
172554.634
172596.293
172637.952
172679.613
172721.280
172762.933
172804.591
172846.252
172887.911
172929.571
172971.241
173012.890
173054.550
173096.210
173137.870
173179.529
173221.189
173262.849
173304.508
173346.170
173387.829
173429.488
173471.160
173512.807
173554.470
173596.127
173637.785
173679.447
173721.106
173762.766
173804.425
173846.085
173887.745
173929.406
173971.064
174012.737
174054.384
174096.045
174137.722
174179.365
174221.025
174262.685
174304.344
174346.003
174387.663
174429.322
174470.983
174512.643
174554.302
174595.961
174637.620
174679.281
174720.944
174762.622
174804.260
174845.921
174887.578
174929.241
174970.904
175012.560
175054.217
175095.879
175137.540
175179.197
175220.858
175262.518
175304.178
175345.839
175387.498
175429.158
175470.816
175512.478
175554.138
175595.798
175637.457
175679.115
175720.774
175762.436
175804.096
175845.756
175887.415
175929.074
175970.732
176012.393
176054.054
176095.713
176137.371
176179.032
176220.692
176262.353
176304.012
176345.672
176387.332
176428.993
176470.651
176512.323
176553.973
176595.631
176637.289
176678.949
176720.610
176762.273
176803.930
176845.593
176887.249
176928.909
176970.570
177012.227
177053.889
177095.549
177137.208
177178.867
177220.528
177262.188
177303.859
177345.507
177387.166
177428.827
177470.487
177512.148
177553.806
177595.465
177637.124
177678.786
177720.449
177762.105
177803.763
177845.424
177887.083
177928.742
177970.404
178012.064
178053.723
178095.382
178137.046
178178.703
178220.361
178262.023
178303.684
178345.358
178387.000
178428.676
178470.320
178511.979
178553.638
178595.299
178636.960
178678.620
178720.279
178761.941
178803.599
178845.258
178886.916
178928.579
178970.237
179011.899
179053.558
179095.218
179136.878
179178.553
179220.198
179261.858
179303.515
179345.180
179386.839
179428.498
179470.157
179511.814
179553.476
179595.137
179636.794
179678.455
179720.114
179761.773
179803.430
179845.097
179886.756
179928.413
179970.072
180011.739
180053.392
180095.053
180136.712
180178.371
180220.033
180261.690
180303.352
180345.011
180386.671
180428.330
180469.991
180511.651
180553.311
180594.971
180636.628
180678.289
180719.956
180761.610
180803.269
180844.928
180886.586
180928.247
180969.909
181011.567
181053.224
181094.886
181136.546
181178.208
181219.872
181261.525
181303.185
181344.845
181386.509
181428.166
181469.826
181511.482
181553.142
181594.804
181636.462
181678.124
181719.781
181761.443
181803.101
181844.763
181886.423
181928.083
181969.739
182011.399
182053.060
182094.722
182136.381
182178.039
182219.699
182261.360
182303.020
182344.685
182386.339
182428.000
182469.661
182511.326
182552.978
182594.638
182636.297
182677.957
182719.615
182761.279
182802.936
182844.599
182886.261
182927.931
182969.587
183011.235
183052.893
183094.556
183136.215
183177.875
183219.534
183261.195
183302.858
183344.516
183386.175
183427.834
183469.496
183511.153
183552.813
183594.474
183636.134
183677.804
183719.449
183761.111
183802.770
183844.433
183886.092
183927.752
183969.412
184011.072
184052.729
184094.393
184136.052
184177.709
184219.369
184261.029
184302.690
184344.350
184386.012
184427.661
184469.339
184510.987
184552.645
184594.307
184635.967
184677.627
184719.285
184760.945
184802.604
184844.267
184885.926
184927.584
184969.242
185010.906
185052.564
185094.224
185135.885
185177.544
185219.204
185260.864
185302.524
185344.184
185385.844
185427.502
185469.163
185510.824
185552.482
185594.141
185635.799
185677.460
185719.121
185760.801
185802.440
185844.102
185885.765
185927.420
185969.077
186010.740
186052.399
186094.060
186135.719
186177.379
186219.038
186260.699
186302.358
186344.018
186385.678
186427.337
186468.996
186510.656
186552.314
186593.975
186635.633
186677.295
186718.954
186760.615
186802.276
186843.935
186885.594
186927.255
186968.912
187010.574
187052.233
187093.894
187135.553
187177.213
187218.874
187260.532
187302.207
187343.851
187385.511
187427.172
187468.832
187510.494
187552.149
187593.809
187635.470
187677.135
187718.788
187760.449
187802.108
187843.770
187885.429
187927.088
187968.748
188010.408
188052.065
188093.729
188135.388
188177.050
188218.708
188260.382
188302.028
188343.687
188385.348
188427.008
188468.667
188510.326
188551.984
188593.644
188635.302
188676.965
188718.622
188760.285
188801.943
188843.603
188885.261
188926.924
188968.583
189010.243
189051.902
189093.561
189135.221
189176.882
189218.542
189260.200
189301.861
189343.520
189385.180
189426.843
189468.500
189510.161
189551.819
189593.480
189635.139
189676.797
189718.458
189760.119
189801.778
189843.439
189885.097
189926.758
189968.419
190010.078
190051.735
190093.396
190135.057
190176.717
190218.376
190260.036
190301.696
190343.356
190385.016
190426.676
190468.335
190510.010
190551.654
190593.313
190634.974
190676.634
190718.295
190759.953
190801.613
190843.273
190884.933
190926.594
190968.254
191009.913
191051.570
191093.232
191134.891
191176.551
191218.212
191259.871
191301.531
191343.192
191384.852
191426.512
191468.169
191509.831
191551.489
191593.148
191634.809
191676.469
191718.130
191759.789
191801.446
191843.108
191884.782
191926.428
191968.086
192009.747
192051.405
192093.065
192134.727
192176.397
192218.046
192259.707
192301.366
192343.023
192384.684
192426.344
192468.006
192509.663
192551.323
192592.982
192634.643
192676.313
192717.962
192759.622
192801.280
192842.950
192884.601
192926.264
192967.919
193009.580
193051.241
193092.903
193134.577
193176.219
193217.879
193259.540
193301.202
193342.861
193384.517
193426.177
193467.838
193509.498
193551.157
193592.822
193634.489
193676.136
193717.795
193759.459
193801.119
193842.778
193884.434
193926.096
193967.757
194009.419
194051.075
194092.736
194134.395
194176.054
194217.714
194259.374
194301.033
194342.694
194384.353
194426.024
194467.675
194509.334
194550.993
194592.667
194634.311
194675.972
194717.631
194759.292
194800.950
194842.613
194884.285
194925.934
194967.591
195009.252
195050.914
195092.570
195134.229
195175.889
195217.549
195259.209
195300.872
195342.531
195384.188
195425.848
195467.508
195509.172
195550.827
195592.489
195634.147
195675.806
195717.465
195759.126
195800.784
195842.449
195884.106
195925.765
195967.425
196009.086
196050.745
196092.404
196134.064
196175.724
196217.385
196259.057
196300.703
196342.362
196384.022
196425.691
196467.343
196509.001
196550.659
196592.322
196633.981
196675.654
196717.301
196758.961
196800.627
196842.285
196883.939
196925.599
196967.257
197008.921
197050.593
197092.239
197133.904
197175.560
197217.220
197258.884
197300.538
197342.197
197383.857
197425.518
197467.175
197508.836
197550.495
197592.156
197633.814
197675.476
197717.133
197758.794
197800.453
197842.116
197883.772
197925.445
197967.092
198008.755
198050.415
198092.076
198133.735
198175.391
198217.054
198258.722
198300.373
198342.033
198383.694
198425.351
198467.018
198508.674
198550.330
198591.992
198633.649
198675.322
198716.969
198758.629
198800.289
198841.952
198883.609
198925.271
198966.927
199008.589
199050.246
199091.911
199133.568
199175.238
199216.888
199258.548
199300.207
199341.866
199383.526
199425.186
199466.854
199508.505
199550.163
199591.824
199633.483
199675.145
199716.804
199758.464
199800.122
199841.783
199883.447
199925.104
199966.765
200008.423
200050.081
200091.743
200133.402
200175.064
200216.722
200258.381
200300.042
200341.701
200383.364
200425.021
200466.681
200508.359
200550.000
200591.660
200633.318
200674.978
200716.640
200758.300
200799.968
200841.618
200883.276
200924.939
200966.599
201008.258
201049.917
201091.577
201133.238
201174.901
201216.556
201258.216
201299.876
201341.534
201383.194
201424.855
201466.519
201508.174
201549.833
201591.494
201633.152
201674.815
201716.487
201758.133
201799.791
201841.452
201883.112
201924.782
201966.431
202008.092
202049.753
202091.413
202133.071
202174.731
202216.392
202258.053
202299.710
202341.371
202383.029
202424.690
202466.350
202508.026
202549.668
202591.327
202632.987
202674.650
202716.306
202757.968
202799.627
202841.290
202882.947
202924.609
202966.266
203007.927
203049.586
203091.257
203132.907
203174.567
203216.225
203257.885
203299.546
203341.214
203382.871
203424.527
203466.183
203507.843
203549.510
203591.173
203632.822
203674.482
203716.140
203757.805
203799.461
203841.122
203882.781
203924.443
203966.099
204007.761
204049.419
204091.080
204132.742
204174.402
204216.061
204257.721
204299.379
204341.041
204382.700
204424.359
204466.018
204507.678
204549.337
204590.997
204632.656
204674.317
204715.976
204757.639
204799.295
204840.957
204882.614
204924.276
204965.934
205007.596
205049.254
205090.916
205132.575
205174.234
205215.895
205257.557
205299.216
205340.873
205382.533
205424.193
205465.854
205507.514
205549.166
205590.849
205632.486
205674.154
205715.806
205757.474
205799.125
205840.793
205882.445
205924.109
205965.767
206007.433
206049.087
206090.748
206132.409
206174.070
206215.729
206257.391
206299.062
206340.711
206382.369
206424.027
206465.689
206507.350
206549.008
206590.667
206632.327
206673.988
206715.648
206757.307
206798.966
206840.625
206882.288
206923.948
206965.605
207007.263
207048.923
207090.587
207132.244
207173.909
207215.563
207257.223
207298.883
207340.542
207382.203
207423.860
207465.523
207507.191
207548.841
207590.503
207632.159
207673.820
207715.474
207757.142
207798.794
207840.460
207882.118
207923.780
207965.433
208007.098
208048.752
208090.419
208132.092
208173.738
208215.397
208257.059
208298.718
208340.378
208382.037
208423.695
208465.354
208507.017
208548.678
208590.336
208631.996
208673.656
208715.316
208756.976
208798.634
208840.296
208881.954
208923.613
208965.274
209006.934
209048.596
209090.252
209131.912
209173.574
209215.241
209256.892
209298.552
209340.211
209381.872
209423.533
209465.203
209506.864
209548.512
209590.171
209631.840
209673.504
209715.150
209756.810
209798.470
209840.130
209881.789
209923.447
209965.108
210006.774
210048.428
210090.087
210131.750
210173.408
210215.068
210256.727
210298.390
210340.048
210381.707
210423.366
210465.026
210506.685
210548.346
210590.006
210631.666
210673.325
210714.992
210756.646
210798.303
210839.963
210881.624
210923.284
210964.946
211006.605
211048.264
211089.922
211131.581
211173.241
211214.901
211256.561
211298.225
211339.881
211381.540
211423.202
211464.861
211506.520
211548.180
211589.841
211631.499
211673.158
211714.821
211756.479
211798.142
211839.800
211881.473
211923.117
211964.777
212006.438
212048.099
212089.765
212131.417
212173.077
212214.737
212256.398
212298.056
212339.714
212381.379
212423.049
212464.697
212506.357
212548.016
212589.677
212631.334
212672.996
212714.655
212756.315
212797.974
212839.632
212881.293
212922.956
212964.614
213006.272
213047.931
213089.596
213131.251
213172.911
213214.571
213256.229
213297.890
213339.555
213381.214
213422.873
213464.531
213506.190
213547.854
213589.508
213631.170
213672.830
213714.490
213756.148
213797.808
213839.471
213881.129
213922.789
213964.449
214006.108
214047.769
214089.428
214131.085
214172.744
214214.406
214256.065
214297.726
214339.384
214381.044
214422.705
214464.365
214506.025
214547.684
214589.343
214631.011
214672.679
214714.330
214755.982
214797.641
214839.311
214880.961
214922.621
214964.281
215005.941
215047.602
215089.276
215130.927
215172.580
215214.240
215255.900
215297.561
215339.220
215380.879
215422.540
215464.201
215505.860
215547.532
215589.177
215630.838
215672.499
215714.155
215755.816
215797.477
215839.137
215880.798
215922.458
215964.115
216005.775
216047.435
216089.097
216130.756
216172.415
216214.077
216255.735
216297.396
216339.056
216380.714
216422.374
216464.032
216505.693
216547.353
216589.013
216630.672
216672.331
216713.992
216755.652
216797.311
216838.970
216880.631
216922.289
216963.951
217005.610
217047.271
217088.930
217130.591
217172.249
217213.908
217255.569
217297.239
217338.889
217380.549
217422.208
217463.868
217505.529
217547.188
217588.847
217630.521
217672.167
217713.827
217755.486
217797.162
217838.805
217880.464
217922.126
217963.785
218005.445
218047.107
218088.766
218130.436
218172.085
218213.744
218255.405
218297.066
218338.728
218380.384
218422.047
218463.702
218505.362
218547.032
218588.682
218630.341
218672.000
218713.659
218755.321
218796.981
218838.642
218880.300
218921.959
218963.618
219005.278
219046.950
219088.600
219130.259
219171.917
219213.577
219255.238
219296.899
219338.558
219380.219
219421.879
219463.537
219505.197
219546.859
219588.518
219630.181
219671.837
219713.496
219755.156
219796.817
219838.477
219880.135
219921.793
219963.455
220005.115
220046.779
220088.434
220130.093
220171.753
220213.413
220255.072
220296.734
220338.393
220380.053
220421.713
220463.371
220505.031
220546.691
220588.350
220630.012
220671.671
220713.339
220754.992
220796.650
220838.308
220879.969
220921.629
220963.290
221004.948
221046.610
221088.267
221129.928
221171.588
221213.247
221254.908
221296.569
221338.228
221379.887
221421.546
221463.206
221504.868
221546.526
221588.186
221629.845
221671.504
221713.166
221754.826
221796.485
221838.143
221879.805
221921.465
221963.125
222004.782
222046.445
222088.103
222129.764
222171.425
222213.083
222254.742
222296.401
222338.061
222379.737
222421.382
222463.041
222504.701
222546.359
222588.018
222629.680
222671.338
222713.000
222754.660
222796.318
222837.977
222879.639
222921.299
222962.959
223004.618
223046.278
223087.937
223129.595
223171.256
223212.928
223254.579
223296.235
223337.896
223379.556
223421.217
223462.877
223504.534
223546.193
223587.854
223629.516
223671.175
223712.835
223754.494
223796.155
223837.813
223879.474
223921.132
223962.793
224004.452
224046.115
224087.772
224129.446
224171.092
224212.752
224254.412
224296.084
224337.731
224379.391
224421.051
224462.711
224504.372
224546.031
224587.690
224629.353
224671.010
224712.668
224754.327
224795.989
224837.651
224879.310
224920.966
224962.627
225004.287
225045.947
225087.607
225129.266
225170.926
225212.587
225254.246
225295.908
225337.564
225379.225
225420.886
225462.546
225504.205
225545.867
225587.525
225629.183
225670.844
225712.504
225754.166
225795.824
225837.482
225879.142
225920.804
225962.465
226004.140
226045.783
226087.442
226129.103
226170.764
226212.421
226254.081
226295.741
226337.401
226379.059
226420.718
226462.379
226504.038
226545.699
226587.358
226629.017
226670.684
226712.339
226753.998
226795.658
226837.316
226878.976
226920.637
226962.304
227003.956
227045.617
227087.275
227128.939
227170.599
227212.254
227253.914
227295.575
227337.234
227378.905
227420.553
227462.214
227503.872
227545.533
227587.196
227628.854
227670.512
227712.191
227753.833
227795.493
227837.152
227878.812
227920.471
227962.134
228003.791
228045.450
228087.109
228128.770
228170.430
228212.088
228253.748
228295.409
228337.070
228378.729
228420.388
228462.048
228503.707
228545.370
228587.028
228628.689
228670.358
228712.007
228753.667
228795.328
228836.985
228878.646
228920.306
228961.967
229003.626
229045.285
229086.946
229128.605
229170.264
229211.926
229253.586
229295.247
229336.904
229378.564
229420.223
229461.883
229503.542
229545.203
229586.863
229628.521
229670.181
229711.841
229753.506
229795.161
229836.822
229878.483
229920.154
229961.799
230003.459
230045.121
230086.783
230128.440
230170.099
230211.760
230253.420
230295.080
230336.741
230378.400
230420.060
230461.721
230503.376
230545.037
230586.715
230628.358
230670.015
230711.675
230753.335
230795.006
230836.678
230878.316
230919.974
230961.636
231003.306
231044.954
231086.614
231128.274
231169.933
231211.595
231253.255
231294.913
231336.573
231378.232
231419.891
231461.552
231503.211
231544.871
231586.529
231628.191
231669.850
231711.510
231753.170
231794.834
231836.490
231878.150
231919.810
231961.469
232003.126
232044.788
232086.449
232128.115
232169.770
232211.431
232253.089
232294.748
232336.407
232378.083
232419.728
232461.397
232503.045
232544.705
232586.364
232628.025
232669.687
232711.358
232753.008
232794.665
232836.325
232877.984
232919.645
232961.305
233002.972
233044.623
233086.300
233127.942
233169.604
233211.264
233252.922
233294.581
233336.248
233377.918
233419.575
233461.223
233502.881
233544.541
233586.202
233627.862
233669.520
233711.180
233752.838
233794.500
233836.158
233877.819
233919.478
233961.139
234002.797
234044.457
234086.119
234127.780
234169.438
234211.097
234252.758
234294.418
234336.077
234377.736
234419.395
234461.056
234502.716
234544.384
234586.034
234627.707
234669.355
234711.016
234752.674
234794.336
234835.994
234877.653
234919.313
234960.973
235002.634
235044.293
235085.951
235127.611
235169.271
235210.931
235252.590
235294.250
235335.910
235377.572
235419.243
235460.890
235502.549
235544.210
235585.864
235627.532
235669.191
235710.848
235752.506
235794.169
235835.827
235877.489
235919.145
235960.807
236002.467
236044.127
236085.786
236127.448
236169.107
236210.767
236252.425
236294.086
236335.749
236377.404
236419.065
236460.725
236502.386
236544.049
236585.719
236627.365
236669.022
236710.685
236752.345
236794.020
236835.663
236877.323
236918.980
236960.641
237002.301
237043.974
237085.621
237127.281
237168.939
237210.600
237252.262
237293.936
237335.580
237377.239
237418.901
237460.560
237502.222
237543.878
237585.538
237627.200
237668.870
237710.517
237752.177
237793.835
237835.509
237877.158
237918.816
237960.476
238002.135
238043.798
238085.457
238127.116
238168.775
238210.435
238252.096
238293.756
238335.414
238377.076
238418.733
238460.393
238502.054
238543.715
238585.390
238627.033
238668.692
238710.354
238752.013
238793.678
238835.334
238876.991
238918.651
238960.312
239001.983
239043.630
239085.289
239126.951
239168.614
239210.287
239251.929
239293.588
239335.249
239376.914
239418.581
239460.229
239501.888
239543.548
239585.205
239626.869
239668.528
239710.187
239751.845
239793.506
239835.166
239876.828
239918.484
239960.146
240001.804
240043.466
240085.124
240126.788
240168.445
240210.106
240251.765
240293.424
240335.093
240376.744
240418.405
240460.064
240501.724
240543.388
240585.042
240626.703
240668.363
240710.035
240751.681
240793.340
240835.004
240876.662
240918.328
240959.981
241001.641
241043.307
241084.972
241126.625
241168.279
241209.939
241251.600
241293.258
241334.918
241376.577
241418.237
241459.897
241501.557
241543.218
241584.877
241626.557
241668.195
241709.856
241751.517
241793.176
241834.836
241876.496
241918.156
241959.814
242001.473
242043.135
242084.796
242126.456
242168.114
242209.774
242251.435
242293.096
242334.756
242376.413
242418.074
242459.733
242501.395
242543.052
242584.713
242626.374
242668.031
242709.692
242751.349
242793.010
242834.670
242876.330
242917.990
242959.648
243001.307
243042.971
243084.639
243126.290
243167.948
243209.608
243251.269
243292.928
243334.587
243376.249
243417.908
243459.566
243501.226
243542.886
243584.545
243626.207
243667.865
243709.526
243751.187
243792.845
243834.503
243876.180
243917.817
243959.485
244001.144
244042.802
244084.463
244126.124
244167.783
244209.443
244251.103
244292.764
244334.438
244376.082
244417.740
244459.400
244501.059
244542.720
244584.379
244626.041
244667.697
244709.360
244751.020
244792.681
244834.346
244875.999
244917.657
244959.320
245000.977
245042.639
245084.303
245125.960
245167.616
245209.277
245250.937
245292.598
245334.260
245375.917
245417.577
245459.240
245500.899
245542.554
245584.216
245625.897
245667.536
245709.194
245750.853
245792.515
245834.172
245875.843
245917.510
245959.155
246000.813
246042.474
246084.133
246125.793
246167.453
246209.113
246250.774
246292.433
246334.106
246375.751
246417.411
246459.071
246500.731
246542.394
246584.049
246625.709
246667.370
246709.031
246750.689
246792.351
246834.008
246875.668
246917.327
246958.989
247000.647
247042.306
247083.966
247125.628
247167.287
247208.958
247250.609
247292.266
247333.938
247375.596
247417.244
247458.907
247500.563
247542.225
247583.884
247625.546
247667.203
247708.863
247750.521
247792.184
247833.844
247875.504
247917.161
247958.824
248000.482
248042.144
248083.803
248125.464
248167.132
248208.793
248250.444
248292.101
248333.761
248375.420
248417.080
248458.739
248500.401
248542.060
248583.719
248625.380
248667.038
248708.700
248750.358
248792.019
248833.677
248875.338
248916.996
248958.658
249000.316
249041.979
249083.637
249125.296
249166.955
249208.615
249250.277
249291.935
249333.595
249375.255
249416.915
249458.573
249500.235
249541.894
249583.556
249625.216
249666.871
249708.534
249750.205
249791.853
249833.511
249875.171
249916.831
249958.511
250000.150
250041.811
250083.469
250125.131
250166.792
250208.450
250250.108
250291.770
250333.431
250375.091
250416.751
250458.410
250500.070
250541.729
250583.387
250625.064
250666.722
250708.367
250750.025
250791.686
250833.346
250875.022
250916.664
250958.325
250999.984
251041.647
251083.309
251124.979
251166.624
251208.285
251249.944
251291.603
251333.264
251374.929
251416.586
251458.245
251499.905
251541.563
251583.220
251624.883
251666.541
251708.210
251749.860
251791.523
251833.180
251874.843
251916.499
251958.160
251999.819
252041.481
252083.141
252124.799
252166.459
252208.118
252249.780
252291.440
252333.099
252374.756
252416.420
252458.082
252499.741
252541.410
252583.056
252624.717
252666.375
252708.037
252749.696
252791.364
252833.014
252874.674
252916.334
252958.004
252999.654
253041.314
253082.975
253124.635
253166.302
253207.957
253249.614
253291.273
253332.935
253374.597
253416.255
253457.915
253499.574
253541.231
253582.890
253624.553
253666.212
253707.878
253749.532
253791.204
253832.849
253874.530
253916.168
253957.835
253999.488
254041.160
254082.809
254124.468
254166.146
254207.802
254249.450
254291.118
254332.771
254374.429
254416.088
254457.747
254499.407
254541.068
254582.727
254624.387
254666.046
254707.705
254749.364
254791.025
254832.683
254874.345
254916.004
254957.666
254999.323
255040.992
255082.645
255124.305
255165.963
255207.624
255249.293
255290.967
255332.614
255374.270
255415.923
255457.590
255499.241
255540.902
255582.560
255624.220
255665.879
255707.541
255749.199
255790.862
255832.529
255874.181
255915.838
255957.514
255999.156
256040.820
256082.481
256124.139
256165.802
256207.459
256249.121
256290.776
256332.436
256374.096
256415.756
256457.416
256499.076
256540.738
256582.395
256624.054
256665.714
256707.375
256749.050
256790.700
256832.356
256874.014
256915.673
256957.335
256998.994
257040.670
257082.311
257123.973
257165.635
257207.294
257248.954
257290.626
257332.273
257373.931
257415.591
257457.253
257498.915
257540.583
257582.269
257623.889
257665.581
257707.211
257748.904
257790.530
257832.228
257873.851
257915.555
257957.170
257998.866
258040.488
258082.148
258123.808
258165.481
258207.129
258248.789
258290.448
258332.106
258373.765
258415.426
258457.087
258498.760
258540.406
258582.063
258623.723
258665.383
258707.044
258748.702
258790.363
258832.021
258873.684
258915.341
258957.003
258998.660
259040.321
259081.982
259123.642
259165.302
259206.962
259248.620
259290.282
259331.942
259373.602
259415.260
259456.921
259498.581
259540.251
259581.900
259623.559
259665.219
259706.887
259748.540
259790.198
259831.858
259873.519
259915.179
259956.840
259998.499
260040.157
260081.816
260123.478
260165.138
260206.793
260248.455
260290.117
260331.775
260373.435
260415.094
260456.754
260498.416
260540.074
260581.734
260623.393
260665.054
260706.714
260748.373
260790.032
260831.693
260873.352
260915.014
260956.671
260998.331
261039.991
261081.651
261123.324
261164.986
261206.630
261248.288
261289.953
261331.611
261373.271
261414.930
261456.589
261498.250
261539.909
261581.568
261623.227
261664.889
261706.550
261748.209
261789.869
261831.527
261873.186
261914.848
261956.507
261998.166
262039.824
262081.486
262123.149
262164.806
262206.465
262248.126
262289.786
262331.444
262373.120
262414.764
262456.428
262498.084
262539.743
262581.408
262623.062
262664.722
262706.382
262748.043
262789.702
262831.361
262873.020
262914.682
262956.342
262998.002
263039.659
263081.318
263122.981
263164.641
263206.302
263247.960
263289.619
263331.280
263372.937
263414.596
263456.259
263497.918
263539.578
263581.238
263622.894
263664.558
263706.219
263747.877
263789.536
263831.197
263872.855
263914.515
263956.186
263997.836
264039.496
264081.165
264122.817
264164.488
264206.137
264247.794
264289.455
264331.115
264372.777
264414.436
264456.095
264497.752
264539.413
264581.072
264622.733
264664.392
264706.058
264747.710
264789.370
264831.029
264872.694
264914.352
264956.011
264997.672
265039.329
265080.988
265122.650
265164.310
265205.976
265247.628
265289.287
265330.947
265372.607
265414.268
265455.927
265497.589
265539.246
265580.923
265622.577
265664.227
265705.885
265747.544
265789.217
265830.865
265872.525
265914.187
265955.844
265997.505
266039.163
266080.821
266122.483
266164.145
266205.804
266247.463
266289.122
266330.784
266372.444
266414.113
266455.772
266497.425
266539.081
266580.743
266622.416
266664.060
266705.722
266747.384
266789.040
266830.705
266872.373
266914.021
266955.679
266997.346
267039.002
267080.658
267122.317
267163.977
267205.642
267247.299
267288.977
267330.618
267372.278
267413.956
267455.596
267497.260
267538.917
267580.577
267622.237
267663.895
267705.555
267747.215
267788.874
267830.534
267872.194
267913.854
267955.514
267997.174
268038.834
268080.508
268122.153
268163.813
268205.482
268247.133
268288.793
268330.451
268372.109
268413.770
268455.437
268497.094
268538.751
268580.410
268622.072
268663.730
268705.388
268747.050
268788.710
268830.369
268872.028
268913.689
268955.355
268997.009
269038.667
269080.327
269121.987
269163.647
269205.311
269246.968
269288.626
269330.286
269371.962
269413.631
269455.267
269496.925
269538.583
269580.246
269621.906
269663.565
269705.224
269746.885
269788.544
269830.203
269871.863
269913.522
269955.182
269996.843
270038.514
270080.161
270121.820
270163.481
270205.141
270246.801
270288.473
270330.121
270371.781
270413.443
270455.103
270496.761
270538.420
270580.078
270621.739
270663.401
270705.060
270746.730
270788.378
270830.037
270871.697
270913.359
270955.024
270996.677
271038.344
271079.997
271121.666
271163.332
271204.975
271246.636
271288.296
271329.954
271371.613
271413.275
271454.937
271496.594
271538.253
271579.913
271621.572
271663.232
271704.893
271746.569
271788.213
271829.874
271871.529
271913.191
271954.849
271996.511
272038.170
272079.833
272121.491
272163.150
272204.817
272246.473
272288.131
272329.791
272371.449
272413.109
272454.770
272496.430
272538.088
272579.761
272621.406
272663.067
272704.726
272746.388
272788.048
272829.707
272871.368
272913.028
272954.685
272996.354
273038.006
273079.667
273121.336
273162.986
273204.643
273246.303
273287.962
273329.623
273371.282
273412.944
273454.608
273496.263
273537.921
273579.582
273621.242
273662.904
273704.560
273746.220
273787.880
273829.542
273871.200
273912.860
273954.518
273996.181
274037.839
274079.505
274121.165
274162.822
274204.480
274246.139
274287.800
274329.460
274371.117
274412.777
274454.438
274496.097
274537.759
274579.418
274621.077
274662.740
274704.396
274746.059
274787.718
274829.383
274871.036
274912.694
274954.354
274996.015
275037.676
275079.339
275120.993
275162.653
275204.327
275245.975
275287.633
275329.293
275370.953
275412.614
275454.280
275495.931
275537.591
275579.250
275620.914
275662.573
275704.229
275745.890
275787.549
275829.209
275870.870
275912.531
275954.187
275995.851
276037.510
276079.182
276120.830
276162.489
276204.149
276245.808
276287.468
276329.128
276370.803
276412.447
276454.123
276495.768
276537.426
276579.086
276620.747
276662.411
276704.077
276745.723
276787.384
276829.045
276870.706
276912.377
276954.028
276995.695
277037.341
277079.004
277120.663
277162.325
277203.981
277245.641
277287.302
277328.961
277370.624
277412.282
277453.943
277495.601
277537.262
277578.923
277620.582
277662.242
277703.901
277745.561
277787.231
277828.879
277870.537
277912.197
277953.860
277995.518
278037.177
278078.837
278120.497
278162.159
278203.815
278245.477
278287.136
278328.795
278370.455
278412.114
278453.777
278495.448
278537.095
278578.754
278620.418
278662.078
278703.742
278745.395
278787.056
278828.729
278870.371
278912.032
278953.691
278995.353
279037.012
279078.672
279120.330
279161.992
279203.662
279245.313
279286.973
279328.632
279370.293
279411.955
279453.612
279495.270
279536.930
279578.602
279620.263
279661.908
279703.567
279745.228
279786.889
279828.549
279870.208
279911.867
279953.527
279995.186
280036.847
280078.508
280120.180
280161.829
280203.484
280245.146
280286.805
280328.465
280370.123
280411.784
280453.446
280495.105
280536.766
280578.426
280620.087
280661.745
280703.403
280745.064
280786.724
280828.387
280870.043
280911.701
280953.364
280995.022
281036.682
281078.340
281120.003
281161.664
281203.328
281244.981
281286.642
281328.299
281369.958
281411.619
281453.279
281494.953
281536.598
281578.259
281619.916
281661.578
281703.237
281744.899
281786.570
281828.218
281869.875
281911.536
281953.195
281994.857
282036.515
282078.176
282119.834
282161.494
282203.155
282244.814
282286.478
282328.136
282369.796
282411.455
282453.114
282494.773
282536.433
282578.091
282619.754
282661.411
282703.082
282744.730
282786.390
282828.050
282869.711
282911.371
282953.031
282994.696
283036.351
283078.009
283119.682
283161.328
283202.988
283244.649
283286.310
283327.971
283369.631
283411.287
283452.948
283494.609
283536.268
283577.929
283619.587
283661.249
283702.907
283744.567
283786.236
283827.889
283869.545
283911.204
283952.865
283994.526
284036.187
284077.846
284119.506
284161.164
284202.829
284244.491
284286.143
284327.801
284369.461
284411.133
284452.783
284494.443
284536.103
284577.763
284619.423
284661.081
284702.740
284744.398
284786.062
284827.720
284869.381
284911.038
284952.700
284994.360
285036.019
285077.679
285119.338
285160.998
285202.656
285244.317
285285.977
285327.640
285369.298
285410.957
285452.617
285494.278
285535.935
285577.596
285619.254
285660.916
285702.575
285744.236
285785.894
285827.557
285869.215
285910.875
285952.533
285994.196
286035.853
286077.517
286119.173
286160.836
286202.491
286244.152
286285.813
286327.476
286369.133
286410.791
286452.450
286494.111
286535.771
286577.433
286619.090
286660.749
286702.411
286744.072
286785.731
286827.390
286869.059
286910.709
286952.367
286994.030
287035.688
287077.350
287119.016
287160.669
287202.339
287243.984
287285.647
287327.308
287368.968
287410.627
287452.289
287493.944
287535.607
287577.263
287618.929
287660.584
287702.245
287743.902
287785.564
287827.231
287868.885
287910.541
287952.202
287993.861
288035.524
288077.181
288118.842
288160.501
288202.163
288243.828
288285.482
288327.144
288368.803
288410.460
288452.120
288493.780
288535.439
288577.105
288618.771
288660.419
288702.083
288743.739
288785.402
288827.058
288868.720
288910.379
288952.036
288993.697
289035.357
289077.016
289118.680
289160.339
289201.998
289243.655
289285.315
289326.976
289368.636
289410.309
289451.970
289493.615
289535.274
289576.933
289618.594
289660.254
289701.912
289743.585
289785.235
289826.892
289868.554
289910.223
289951.873
289993.534
290035.193
290076.850
290118.511
290160.169
290201.830
290243.502
290285.151
290326.810
290368.469
290410.131
290451.791
290493.453
290535.108
290576.768
290618.429
290660.088
290701.763
