0.000
41.664
83.332
124.996
166.661
208.325
249.991
291.656
333.320
374.986
416.652
458.317
499.984
541.649
583.314
624.980
666.643
708.310
749.974
791.639
833.306
874.971
916.635
958.302
999.967
1041.632
1083.297
1124.964
1166.629
1208.295
1249.960
1291.625
1333.291
1374.956
1416.621
1458.288
1499.952
1541.617
1583.282
1624.948
1666.612
1708.280
1749.943
1791.609
1833.273
1874.940
1916.604
1958.272
1999.936
2041.602
2083.267
2124.931
2166.598
2208.263
2249.927
2291.592
2333.258
2374.923
2416.589
2458.254
2499.921
2541.586
2583.252
2624.917
2666.581
2708.248
2749.912
2791.578
2833.242
2874.908
2916.573
2958.239
2999.905
3041.570
3083.235
3124.903
3166.565
3208.232
3249.898
3291.563
3333.228
3374.894
3416.559
3458.224
3499.890
3541.555
3583.220
3624.886
3666.550
3708.217
3749.880
3791.547
3833.211
3874.877
3916.541
3958.207
3999.874
4041.540
4083.204
4124.870
4166.535
4208.200
4249.864
4291.532
4333.196
4374.861
4416.527
4458.192
4499.858
4541.524
4583.190
4624.866
4666.519
4708.184
4749.850
4791.515
4833.179
4874.846
4916.510
4958.176
4999.842
5041.508
5083.173
5124.839
5166.503
5208.163
5249.833
5291.499
5333.166
5374.831
5416.496
5458.161
5499.827
5541.493
5583.157
5624.828
5666.487
5708.153
5749.820
5791.485
5833.149
5874.814
5916.479
5958.145
5999.810
6041.477
6083.142
6124.808
6166.473
6208.138
6249.804
6291.469
6333.134
6374.800
6416.465
6458.131
6499.796
6541.462
6583.126
6624.792
6666.455
6708.122
6749.787
6791.453
6833.117
6874.783
6916.448
6958.113
6999.779
7041.446
7083.111
7124.777
7166.442
7208.108
7249.773
7291.438
7333.104
7374.768
7416.434
7458.098
7499.765
7541.430
7583.096
7624.767
7666.425
7708.092
7749.755
7791.423
7833.086
7874.754
7916.417
7958.084
7999.749
8041.414
8083.080
8124.745
8166.411
8208.076
8249.742
8291.407
8333.072
8374.738
8416.403
8458.068
8499.734
8541.399
8583.065
8624.730
8666.393
8708.060
8749.723
8791.389
8833.054
8874.722
8916.385
8958.052
8999.718
9041.383
9083.049
9124.714
9166.379
9208.044
9249.710
9291.376
9333.041
9374.706
9416.371
9458.037
9499.705
9541.368
9583.030
9624.706
9666.361
9708.028
9749.692
9791.358
9833.023
9874.689
9916.353
9958.020
9999.686
10041.351
10083.017
10124.682
10166.348
10208.014
10249.680
10291.344
10333.009
10374.675
10416.340
10458.005
10499.670
10541.336
10583.001
10624.674
10666.331
10707.997
10749.661
10791.328
10832.992
10874.657
10916.323
10957.989
10999.655
11041.320
11082.985
11124.651
11166.318
11207.981
11249.646
11291.312
11332.978
11374.642
11416.308
11457.973
11499.639
11541.304
11582.969
11624.644
11666.299
11707.965
11749.631
11791.298
11832.961
11874.625
11916.291
11957.959
11999.623
12041.288
12082.954
12124.620
12166.285
12207.950
12249.617
12291.281
12332.946
12374.612
12416.277
12457.942
12499.607
12541.273
12582.938
12624.610
12666.268
12707.934
12749.599
12791.267
12832.929
12874.596
12916.260
12957.926
12999.592
13041.257
13082.923
13124.589
13166.254
13207.919
13249.584
13291.249
13332.915
13374.580
13416.245
13457.910
13499.577
13541.241
13582.906
13624.584
13666.237
13707.903
13749.567
13791.233
13832.897
13874.563
13916.229
13957.895
13999.560
14041.227
14082.891
14124.556
14166.221
14207.887
14249.553
14291.218
14332.883
14374.549
14416.215
14457.880
14499.544
14541.211
14582.876
14624.547
14666.205
14707.871
14749.537
14791.201
14832.867
14874.532
14916.197
14957.863
14999.529
15041.195
15082.860
15124.526
15166.191
15207.857
15249.522
15291.187
15332.853
15374.519
15416.184
15457.849
15499.512
15541.180
15582.845
15624.511
15666.174
15707.835
15749.506
15791.171
15832.835
15874.501
15916.166
15957.833
15999.497
16041.164
16082.829
16124.493
16166.159
16207.825
16249.491
16291.155
16332.821
16374.486
16416.151
16457.816
16499.483
16541.148
16582.813
16624.487
16666.143
16707.810
16749.474
16791.140
16832.804
16874.469
16916.135
16957.801
16999.467
17041.132
17082.798
17124.463
17166.127
17207.793
17249.459
17291.125
17332.788
17374.454
17416.119
17457.785
17499.451
17541.116
17582.781
17624.455
17666.111
17707.779
17749.442
17791.108
17832.773
17874.438
17916.104
17957.768
17999.436
18041.100
18082.765
18124.431
18166.094
18207.762
18249.427
18291.092
18332.757
18374.422
18416.089
18457.753
18499.420
18541.084
18582.749
18624.430
18666.080
18707.747
18749.411
18791.077
18832.741
18874.406
18916.072
18957.736
18999.403
19041.069
19082.734
19124.399
19166.066
19207.731
19249.395
19291.062
19332.725
19374.391
19416.057
19457.723
19499.389
19541.054
19582.719
19624.392
19666.049
19707.715
19749.381
19791.047
19832.710
19874.375
19916.040
19957.708
19999.374
20041.039
20082.704
20124.369
20166.032
20207.706
20249.365
20291.031
20332.695
20374.361
20416.025
20457.691
20499.357
20541.023
20582.688
20624.360
20666.017
20707.685
20749.348
20791.014
20832.678
20874.343
20916.010
20957.675
20999.342
21041.007
21082.672
21124.337
21166.003
21207.668
21249.334
21290.999
21332.665
21374.331
21415.995
21457.660
21499.326
21540.990
21582.656
21624.327
21665.986
21707.653
21749.317
21790.983
21832.647
21874.312
21915.977
21957.644
21999.311
22040.975
22082.641
22124.307
22165.971
22207.637
22249.300
22290.966
22332.631
22374.298
22415.963
22457.630
22499.295
22540.960
22582.624
22624.295
22665.954
22707.619
22749.285
22790.953
22832.616
22874.282
22915.947
22957.612
22999.277
23040.944
23082.609
23124.274
23165.940
23207.606
23249.270
23290.934
23332.600
23374.267
23415.931
23457.596
23499.264
23540.929
23582.594
23624.267
23665.923
23707.588
23749.254
23790.919
23832.585
23874.251
23915.915
23957.581
23999.247
24040.913
24082.579
24124.243
24165.909
24207.574
24249.239
24290.905
24332.568
24374.234
24415.899
24457.564
24499.231
24540.897
24582.562
24624.234
24665.892
24707.557
24749.223
24790.889
24832.553
24874.219
24915.883
24957.550
24999.217
25040.882
25082.547
25124.212
25165.878
25207.544
25249.210
25290.874
25332.539
25374.204
25415.869
25457.535
25499.200
25540.866
25582.531
25624.203
25665.861
25707.527
25749.192
25790.859
25832.521
25874.189
25915.853
25957.519
25999.185
26040.850
26082.516
26124.181
26165.847
26207.512
26249.178
26290.843
26332.509
26374.174
26415.839
26457.504
26499.170
26540.835
26582.500
26624.173
26665.829
26707.494
26749.160
26790.824
26832.491
26874.155
26915.820
26957.486
26999.152
27040.818
27082.483
27124.148
27165.813
27207.480
27249.145
27290.810
27332.475
27374.141
27415.806
27457.471
27499.136
27540.803
27582.467
27624.140
27665.797
27707.462
27749.127
27790.794
27832.459
27874.124
27915.790
27957.455
27999.121
28040.786
28082.452
28124.118
28165.783
28207.449
28249.113
28290.779
28332.444
28374.110
28415.774
28457.439
28499.107
28540.770
28582.437
28624.108
28665.766
28707.433
28749.099
28790.764
28832.428
28874.093
28915.758
28957.425
28999.089
29040.756
29082.420
29124.085
29165.751
29207.416
29249.081
29290.747
29332.414
29374.079
29415.745
29457.410
29499.076
29540.741
29582.406
29624.076
29665.735
29707.402
29749.067
29790.733
29832.396
29874.064
29915.726
29957.394
29999.060
30040.725
30082.391
30124.056
30165.721
30207.386
30249.052
30290.717
30332.382
30374.048
30415.713
30457.380
30499.045
30540.710
30582.374
30624.040
30665.703
30707.371
30749.034
30790.700
30832.365
30874.032
30915.696
30957.357
30999.026
31040.691
31082.356
31124.017
31165.687
31207.354
31249.013
31290.680
31332.350
31374.015
31415.675
31457.347
31499.012
31540.679
31582.343
31624.026
31665.671
31707.339
31749.003
31790.668
31832.333
31874.000
31915.664
31957.330
31998.996
32040.661
32082.326
32123.991
32165.656
32207.322
32248.987
32290.654
32332.320
32373.984
32415.650
32457.314
32498.982
32540.647
32582.310
32623.982
32665.641
32707.308
32748.971
32790.638
32832.302
32873.966
32915.632
32957.299
32998.965
33040.630
33082.295
33123.961
33165.626
33207.292
33248.956
33290.623
33332.288
33373.952
33415.616
33457.282
33498.950
33540.614
33582.279
33623.951
33665.609
33707.277
33748.941
33790.607
33832.271
33873.937
33915.601
33957.267
33998.933
34040.598
34082.263
34123.928
34165.594
34207.260
34248.925
34290.590
34332.255
34373.921
34415.587
34457.252
34498.916
34540.583
34582.247
34623.913
34665.578
34707.244
34748.908
34790.574
34832.239
34873.905
34915.570
34957.236
34998.902
35040.568
35082.233
35123.898
35165.563
35207.229
35248.894
35290.559
35332.224
35373.890
35415.555
35457.220
35498.887
35540.552
35582.217
35623.888
35665.547
35707.213
35748.877
35790.544
35832.208
35873.874
35915.539
35957.204
35998.869
36040.536
36082.201
36123.866
36165.531
36207.197
36248.862
36290.527
36332.193
36373.859
36415.525
36457.190
36498.856
36540.521
36582.187
36623.852
36665.515
36707.182
36748.846
36790.513
36832.176
36873.844
36915.507
36957.174
36998.840
37040.505
37082.170
37123.836
37165.501
37207.167
37248.832
37290.497
37332.162
37373.828
37415.494
37457.159
37498.824
37540.490
37582.155
37623.820
37665.484
37707.150
37748.814
37790.482
37832.145
37873.812
37915.475
37957.143
37998.809
38040.474
38082.139
38123.804
38165.481
38207.135
38248.801
38290.466
38332.132
38373.797
38415.462
38457.128
38498.793
38540.458
38582.123
38623.807
38665.452
38707.119
38748.782
38790.450
38832.113
38873.780
38915.444
38957.110
38998.778
39040.441
39082.106
39123.772
39165.438
39207.102
39248.768
39290.434
39332.099
39373.765
39415.429
39457.094
39498.761
39540.426
39582.091
39623.762
39665.421
39707.086
39748.752
39790.418
39832.082
39873.749
39915.413
39957.079
39998.744
40040.409
40082.075
40123.741
40165.406
40207.072
40248.737
40290.402
40332.067
40373.732
40415.397
40457.063
40498.730
40540.393
40582.059
40623.726
40665.390
40707.057
40748.720
40790.387
40832.050
40873.717
40915.381
40957.047
40998.713
41040.379
41082.044
41123.709
41165.375
41207.041
41248.705
41290.370
41332.036
41373.701
41415.367
41457.034
41498.698
41540.364
41582.029
41623.715
41665.359
41707.025
41748.690
41790.355
41832.020
41873.687
41915.351
41957.017
41998.683
42040.346
42082.012
42123.678
42165.343
42207.010
42248.675
42290.339
42332.004
42373.669
42415.335
42457.000
42498.667
42540.332
42581.996
42623.668
42665.327
42706.994
42748.658
42790.323
42831.988
42873.654
42915.319
42956.985
42998.651
43040.317
43081.981
43123.647
43165.311
43206.977
43248.642
43290.307
43331.972
43373.638
43415.303
43456.969
43498.636
43540.300
43581.965
43623.633
43665.295
43706.962
43748.626
43790.291
43831.956
43873.622
43915.288
43956.953
43998.619
44040.284
44081.950
44123.615
44165.281
44206.945
44248.611
44290.278
44331.942
44373.606
44415.272
44456.937
44498.604
44540.269
44581.934
44623.603
44665.264
44706.930
44748.594
44790.260
44831.924
44873.590
44915.256
44956.923
44998.588
45040.253
45081.918
45123.584
45165.249
45206.915
45248.580
45290.244
45331.910
45373.575
45415.240
45456.906
45498.573
45540.238
45581.902
45623.574
45665.232
45706.898
45748.564
45790.231
45831.893
45873.559
45915.224
45956.892
45998.557
46040.222
46081.887
46123.553
46165.218
46206.884
46248.549
46290.214
46331.879
46373.545
46415.210
46456.876
46498.542
46540.205
46581.871
46623.544
46665.201
46706.867
46748.532
46790.197
46831.862
46873.528
46915.193
46956.859
46998.526
47040.191
47081.857
47123.521
47165.187
47206.853
47248.518
47290.182
47331.847
47373.512
47415.178
47456.843
47498.510
47540.174
47581.839
47623.506
47665.170
47706.836
47748.500
47790.165
47831.831
47873.497
47915.161
47956.828
47998.493
48040.158
48081.822
48123.488
48165.155
48206.821
48248.486
48290.152
48331.817
48373.483
48415.148
48456.813
48498.480
48540.142
48581.809
48623.493
48665.139
48706.805
48748.470
48790.135
48831.799
48873.467
48915.130
48956.797
48998.463
49040.126
49081.794
49123.459
49165.124
49206.790
49248.455
49290.121
49331.785
49373.451
49415.117
49456.782
49498.447
49540.111
49581.778
49623.451
49665.107
49706.773
49748.437
49790.103
49831.769
49873.434
49915.099
49956.765
49998.431
50040.095
50081.763
50123.428
50165.093
50206.758
50248.424
50290.089
50331.755
50373.420
50415.085
50456.751
50498.417
50540.074
50581.745
50623.420
50665.075
50706.741
50748.406
50790.073
50831.737
50873.402
50915.067
50956.733
50998.400
51040.066
51081.731
51123.396
51165.061
51206.727
51248.392
51290.058
51331.724
51373.389
51415.054
51456.719
51498.386
51540.049
51581.716
51623.387
51665.043
51706.709
51748.375
51790.040
51831.705
51873.371
51915.036
51956.702
51998.368
52040.034
52081.699
52123.365
52165.030
52206.695
52248.361
52290.026
52331.692
52373.358
52415.023
52456.688
52498.354
52540.019
52581.684
52623.349
52665.013
52706.678
52748.343
52790.009
52831.674
52873.339
52915.005
52956.670
52998.338
53040.003
53081.668
53123.333
53164.999
53206.665
53248.329
53289.995
53331.660
53373.326
53414.991
53456.656
53498.323
53539.988
53581.652
53623.322
53664.981
53706.646
53748.312
53789.978
53831.642
53873.308
53914.973
53956.639
53998.306
54039.972
54081.637
54123.302
54164.967
54206.632
54248.299
54289.964
54331.628
54373.294
54414.959
54456.625
54498.291
54539.955
54581.621
54623.292
54664.945
54706.615
54748.275
54789.947
54831.611
54873.277
54914.941
54956.608
54998.275
55039.939
55081.605
55123.270
55164.935
55206.601
55248.267
55289.931
55331.596
55373.262
55414.927
55456.592
55498.259
55539.923
55581.589
55623.260
55664.919
55706.584
55748.250
55789.916
55831.580
55873.245
55914.910
55956.576
55998.243
56039.908
56081.574
56123.239
56164.904
56206.570
56248.235
56289.900
56331.565
56373.231
56414.896
56456.561
56498.230
56539.892
56581.557
56623.229
56664.887
56706.553
56748.218
56789.884
56831.548
56873.213
56914.879
56956.545
56998.211
57039.875
57081.541
57123.207
57164.872
57206.536
57248.202
57289.867
57331.533
57373.198
57414.865
57456.530
57498.197
57539.862
57581.527
57623.200
57664.855
57706.522
57748.186
57789.853
57831.517
57873.183
57914.848
57956.513
57998.180
58039.845
58081.511
58123.176
58164.842
58206.508
58248.173
58289.838
58331.503
58373.169
58414.834
58456.500
58498.165
58539.830
58581.495
58623.167
58664.824
58706.491
58748.155
58789.822
58831.485
58873.151
58914.817
58956.482
58998.148
59039.814
59081.478
59123.143
59164.809
59206.474
59248.139
59289.805
59331.470
59373.135
59414.801
59456.466
59498.135
59539.798
59581.463
59623.135
59664.793
59706.459
59748.124
59789.789
59831.454
59873.120
59914.784
59956.451
59998.118
60039.783
60081.448
60123.114
60164.779
60206.444
60248.110
60289.775
60331.439
60373.105
60414.769
60456.435
60498.102
60539.767
60581.432
60623.103
60664.762
60706.427
60748.092
60789.758
60831.423
60873.088
60914.753
60956.419
60998.086
61039.752
61081.416
61123.081
61164.746
61206.411
61248.077
61289.742
61331.408
61373.073
61414.738
61456.404
61498.069
61539.735
61581.400
61623.072
61664.730
61706.397
61748.061
61789.729
61831.391
61873.057
61914.722
61956.390
61998.055
62039.719
62081.383
62123.051
62164.716
62206.374
62248.040
62289.705
62331.376
62373.041
62414.702
62456.372
62498.033
62539.698
62581.363
62623.036
62664.693
62706.364
62748.030
62789.697
62831.361
62873.026
62914.691
62956.358
62998.024
63039.690
63081.355
63123.021
63164.685
63206.351
63248.015
63289.681
63331.347
63373.011
63414.677
63456.342
63498.008
63539.674
63581.338
63623.008
63664.668
63706.333
63747.999
63789.665
63831.328
63872.994
63914.659
63956.326
63997.990
64039.657
64081.321
64122.986
64164.652
64206.317
64247.983
64289.649
64331.314
64372.980
64414.646
64456.310
64497.976
64539.640
64581.305
64622.979
64664.636
64706.302
64747.966
64789.632
64831.297
64872.963
64914.628
64956.294
64997.959
65039.624
65081.290
65122.955
65164.621
65206.286
65247.951
65289.616
65331.282
65372.947
65414.614
65456.277
65497.945
65539.610
65581.274
65622.944
65664.605
65706.271
65747.934
65789.601
65831.265
65872.931
65914.596
65956.262
65997.928
66039.593
66081.259
66122.923
66164.589
66206.255
66247.920
66289.586
66331.251
66372.917
66414.582
66456.247
66497.912
66539.579
66581.244
66622.915
66664.573
66706.239
66747.904
66789.570
66831.234
66872.900
66914.568
66956.231
66997.897
67039.563
67081.228
67122.893
67164.558
67206.223
67247.888
67289.555
67331.219
67372.884
67414.550
67456.215
67497.882
67539.548
67581.212
67622.885
67664.542
67706.207
67747.873
67789.539
67831.204
67872.868
67914.534
67956.201
67997.867
68039.532
68081.197
68122.862
68164.527
68206.193
68247.858
68289.524
68331.188
68372.854
68414.519
68456.185
68497.850
68539.516
68581.181
68622.853
68664.519
68706.177
68747.842
68789.507
68831.168
68872.840
68914.498
68956.168
68997.836
69039.501
69081.165
69122.831
69164.497
69206.162
69247.827
69289.493
69331.158
69372.823
69414.489
69456.154
69497.820
69539.484
69581.151
69622.821
69664.482
69706.146
69747.811
69789.477
69831.141
69872.806
69914.473
69956.137
69997.803
70039.469
70081.133
70122.798
70164.463
70206.129
70247.795
70289.460
70331.125
70372.791
70414.456
70456.121
70497.788
70539.454
70581.117
70622.791
70664.449
70706.114
70747.780
70789.444
70831.109
70872.774
70914.441
70956.105
70997.771
71039.438
71081.102
71122.767
71164.431
71206.097
71247.763
71289.428
71331.096
71372.760
71414.425
71456.090
71497.756
71539.422
71581.086
71622.752
71664.417
71706.081
71747.747
71789.412
71831.078
71872.743
71914.410
71956.074
71997.741
72039.405
72081.069
72122.735
72164.400
72206.066
72247.730
72289.398
72331.062
72372.728
72414.394
72456.058
72497.725
72539.390
72581.054
72622.726
72664.387
72706.051
72747.717
72789.383
72831.047
72872.711
72914.379
72956.043
72997.708
73039.375
73081.040
73122.704
73164.370
73206.036
73247.699
73289.365
73331.030
73372.696
73414.361
73456.027
73497.694
73539.358
73581.022
73622.695
73664.355
73706.020
73747.686
73789.350
73831.018
73872.682
73914.347
73956.010
73997.676
74039.342
74081.007
74122.674
74164.339
74206.004
74247.669
74289.333
74330.997
74372.665
74414.331
74455.996
74497.661
74539.327
74580.992
74622.663
74664.323
74705.989
74747.654
74789.319
74830.985
74872.648
74914.316
74955.979
74997.647
75039.312
75080.976
75122.642
75164.306
75205.973
75247.638
75289.303
75330.968
75372.633
75414.298
75455.964
75497.631
75539.296
75580.960
75622.633
75664.292
75705.956
75747.622
75789.287
75830.953
75872.618
75914.285
75955.949
75997.615
76039.279
76080.944
76122.610
76164.274
76205.940
76247.606
76289.271
76330.937
76372.601
76414.267
76455.933
76497.598
76539.263
76580.928
76622.601
76664.259
76705.925
76747.591
76789.257
76830.920
76872.586
76914.252
76955.917
76997.584
77039.249
77080.913
77122.580
77164.246
77205.911
77247.576
77289.242
77330.907
77372.572
77414.238
77455.901
77497.568
77539.233
77580.898
77622.570
77664.228
77705.894
77747.559
77789.226
77830.890
77872.555
77914.220
77955.885
77997.551
78039.216
78080.882
78122.547
78164.213
78205.878
78247.544
78289.209
78330.874
78372.539
78414.206
78455.870
78497.535
78539.201
78580.866
78622.527
78664.197
78705.862
78747.527
78789.194
78830.858
78872.525
78914.188
78955.855
78997.521
79039.186
79080.850
79122.516
79164.182
79205.848
79247.512
79289.178
79330.843
79372.510
79414.175
79455.841
79497.505
79539.171
79580.835
79622.502
79664.165
79705.831
79747.496
79789.162
79830.826
79872.492
79914.157
79955.822
79997.489
80039.154
80080.820
80122.486
80164.151
80205.815
80247.481
80289.146
80330.812
80372.478
80414.143
80455.808
80497.474
80539.140
80580.803
80622.479
80664.134
80705.800
80747.465
80789.131
80830.795
80872.462
80914.126
80955.793
80997.457
81039.123
81080.789
81122.454
81164.120
81205.785
81247.449
81289.115
81330.780
81372.446
81414.112
81455.777
81497.443
81539.107
81580.773
81622.445
81664.103
81705.769
81747.433
81789.099
81830.763
81872.430
81914.095
81955.759
81997.426
82039.092
82080.757
82122.423
82164.087
82205.753
82247.417
82289.083
82330.750
82372.414
82414.080
82455.745
82497.412
82539.076
82580.742
82622.419
82664.071
82705.739
82747.402
82789.067
82830.733
82872.398
82914.063
82955.729
82997.396
83039.061
83080.726
83122.391
83164.056
83205.724
83247.387
83289.053
83330.717
83372.383
83414.049
83455.715
83497.381
83539.045
83580.710
83622.380
83664.040
83705.706
83747.374
83789.037
83830.701
83872.367
83914.032
83955.699
83997.364
84039.030
84080.695
84122.360
84164.025
84205.691
84247.355
84289.021
84330.686
84372.351
84414.017
84455.682
84497.347
84539.014
84580.678
84622.348
84664.049
84705.674
84747.359
84789.007
84830.683
84872.335
84914.008
84955.666
84997.333
85038.999
85080.664
85122.329
85163.994
85205.659
85247.324
85288.989
85330.654
85372.321
85413.986
85455.650
85497.317
85538.982
85580.648
85622.321
85663.988
85705.642
85747.315
85788.974
85830.633
85872.304
85913.965
85955.636
85997.301
86038.966
86080.632
86122.297
86163.963
86205.629
86247.294
86288.959
86330.624
86372.290
86413.955
86455.621
86497.285
86538.951
86580.617
86622.288
86663.947
86705.612
86747.323
86788.944
86830.646
86872.272
86913.966
86955.604
86997.269
87038.935
87080.601
87122.266
87163.931
87205.597
87247.263
87288.927
87330.593
87372.258
87413.924
87455.589
87497.255
87538.920
87580.586
87622.256
87663.917
87705.580
87747.250
87788.910
87830.577
87872.241
87913.908
87955.573
87997.238
88038.904
88080.569
88122.235
88163.899
88205.565
88247.230
88288.894
88330.560
88372.226
88413.892
88455.557
88497.224
88538.889
88580.554
88622.226
88663.884
88705.548
88747.217
88788.879
88830.546
88872.210
88913.877
88955.540
88997.208
89038.873
89080.538
89122.203
89163.869
89205.532
89247.200
89288.865
89330.531
89372.196
89413.861
89455.526
89497.192
89538.858
89580.523
89622.195
89663.854
89705.520
89747.185
89788.849
89830.515
89872.179
89913.845
89955.509
89997.176
90038.842
90080.508
90122.172
90163.838
90205.505
90247.167
90288.833
90330.499
90372.165
90413.830
90455.495
90497.161
90538.826
90580.491
90622.164
90663.822
90705.486
90747.153
90788.817
90830.483
90872.147
90913.814
90955.477
90997.145
91038.811
91080.476
91122.141
91163.806
91205.472
91247.137
91288.801
91330.468
91372.134
91413.798
91455.464
91497.130
91538.794
91580.460
91622.133
91663.790
91705.454
91747.122
91788.785
91830.452
91872.116
91913.782
91955.447
91997.114
92038.779
92080.444
92122.110
92163.775
92205.441
92247.106
92288.772
92330.434
92372.102
92413.767
92455.432
92497.098
92538.764
92580.429
92622.101
92663.759
92705.422
92747.090
92788.753
92830.421
92872.084
92913.751
92955.415
92997.082
93038.747
93080.413
93122.078
93163.744
93205.409
93247.074
93288.739
93330.405
93372.068
93413.731
93455.399
93497.059
93538.726
93580.392
93622.064
93663.723
93705.386
93747.059
93788.722
93830.384
93872.048
93913.720
93955.384
93997.051
94038.716
94080.381
94122.048
94163.713
94205.379
94247.043
94288.709
94330.374
94372.039
94413.702
94455.368
94497.036
94538.701
94580.366
94622.037
94663.697
94705.361
94747.028
94788.693
94830.359
94872.024
94913.689
94955.354
94997.020
95038.685
95080.350
95122.016
95163.681
95205.346
95247.012
95288.677
95330.343
95372.008
95413.673
95455.339
95497.005
95538.669
95580.335
95622.000
95663.666
95705.329
95746.996
95788.659
95830.327
95871.991
95913.657
95955.321
95996.988
96038.654
96080.319
96121.984
96163.650
96205.315
96246.981
96288.645
96330.312
96371.977
96413.641
96455.307
96496.972
96538.638
96580.303
96621.974
96663.634
96705.300
96746.966
96788.628
96830.295
96871.959
96913.626
96955.290
96996.957
97038.622
97080.288
97121.953
97163.618
97205.284
97246.949
97288.615
97330.280
97371.945
97413.611
97455.276
97496.942
97538.607
97580.272
97621.941
97663.624
97705.260
97746.933
97788.597
97830.264
97871.928
97913.595
97955.258
97996.926
98038.590
98080.251
98121.921
98163.587
98205.252
98246.917
98288.583
98330.248
98371.912
98413.579
98455.245
98496.910
98538.575
98580.241
98621.911
98663.571
98705.235
98746.904
98788.567
98830.233
98871.896
98913.563
98955.227
98996.895
99038.559
99080.225
99121.889
99163.555
99205.220
99246.885
99288.551
99330.216
99371.882
99413.547
99455.212
99496.878
99538.543
99580.209
99621.881
99663.538
99705.204
99746.873
99788.535
99830.201
99871.865
99913.532
99955.195
99996.862
100038.527
100080.192
100121.858
100163.524
100205.191
100246.854
100288.519
100330.185
100371.850
100413.515
100455.180
100496.847
100538.512
100580.177
100621.848
100663.508
100705.172
100746.840
100788.503
100830.168
100871.835
100913.500
100955.164
100996.830
101038.497
101080.161
101121.827
101163.491
101205.156
101246.823
101288.489
101330.154
101371.819
101413.484
101455.150
101496.815
101538.480
101580.145
101621.815
101663.476
101705.140
101746.807
101788.473
101830.137
101871.802
101913.468
101955.132
101996.798
102038.464
102080.130
102121.795
102163.460
102205.126
102246.790
102288.456
102330.122
102371.786
102413.453
102455.117
102496.782
102538.448
102580.114
102621.785
102663.446
102705.109
102746.774
102788.440
102830.105
102871.771
102913.437
102955.102
102996.767
103038.432
103080.098
103121.764
103163.429
103205.094
103246.759
103288.425
103330.090
103371.755
103413.420
103455.087
103496.752
103538.418
103580.082
103621.754
103663.414
103705.078
103746.744
103788.408
103830.074
103871.740
103913.405
103955.070
103996.737
104038.401
104080.066
104121.733
104163.397
104205.062
104246.728
104288.393
104330.058
104371.723
104413.388
104455.054
104496.720
104538.385
104580.051
104621.720
104663.382
104705.047
104746.714
104788.377
104830.043
104871.708
104913.374
104955.038
104996.705
105038.371
105080.035
105121.702
105163.366
105205.031
105246.698
105288.362
105330.028
105371.693
105413.358
105455.023
105496.690
105538.355
105580.020
105621.689
105663.352
105705.017
105746.682
105788.348
105830.013
105871.677
105913.343
105955.007
105996.673
106038.340
106080.005
106121.670
106163.336
106205.001
106246.668
106288.332
106329.998
106371.662
106413.327
106454.992
106496.658
106538.325
106579.990
106621.658
106663.319
106704.983
106746.650
106788.314
106829.982
106871.645
106913.312
106954.977
106996.642
107038.308
107079.972
107121.640
107163.303
107204.969
107246.633
107288.299
107329.964
107371.632
107413.296
107454.962
107496.627
107538.293
107579.959
107621.628
107663.289
107704.953
107746.619
107788.285
107829.950
107871.615
107913.282
107954.946
107996.611
108038.276
108079.942
108121.606
108163.272
108204.937
108246.602
108288.266
108329.934
108371.600
108413.263
108454.928
108496.596
108538.261
108579.925
108621.596
108663.258
108704.920
108746.589
108788.253
108829.918
108871.583
108913.250
108954.913
108996.580
109038.245
109079.911
109121.576
109163.241
109204.907
109246.572
109288.237
109329.902
109371.569
109413.232
109454.898
109496.564
109538.230
109579.895
109621.564
109663.225
109704.890
109746.557
109788.223
109829.888
109871.551
109913.219
109954.883
109996.548
110038.213
110079.878
110121.546
110163.209
110204.874
110246.541
110288.205
110329.871
110371.535
110413.200
110454.866
110496.534
110538.199
110579.862
110621.533
110663.194
110704.859
110746.525
110788.189
110829.855
110871.520
110913.185
110954.850
110996.517
111038.182
111079.847
111121.512
111163.178
111204.843
111246.508
111288.173
111329.839
111371.504
111413.170
111454.835
111496.502
111538.167
111579.832
111621.499
111663.162
111704.827
111746.494
111788.157
111829.823
111871.488
111913.154
111954.818
111996.485
112038.150
112079.816
112121.480
112163.147
112204.812
112246.478
112288.143
112329.808
112371.474
112413.139
112454.803
112496.469
112538.137
112579.800
112621.468
112663.132
112704.797
112746.462
112788.128
112829.792
112871.458
112913.125
112954.789
112996.453
113038.119
113079.785
113121.451
113163.115
113204.782
113246.446
113288.111
113329.777
113371.443
113413.108
113454.773
113496.437
113538.103
113579.769
113621.441
113663.101
113704.765
113746.431
113788.095
113829.762
113871.427
113913.092
113954.757
113996.423
114038.088
114079.753
114121.418
114163.085
114204.750
114246.414
114288.080
114329.745
114371.410
114413.076
114454.741
114496.407
114538.073
114579.738
114621.410
114663.070
114704.733
114746.398
114788.065
114829.730
114871.395
114913.060
114954.726
114996.391
115038.057
115079.723
115121.387
115163.052
115204.719
115246.384
115288.049
115329.714
115371.380
115413.045
115454.710
115496.377
115538.042
115579.706
115621.377
115663.038
115704.703
115746.369
115788.033
115829.699
115871.364
115913.030
115954.694
115996.360
116038.026
116079.691
116121.356
116163.020
116204.687
116246.352
116288.017
116329.685
116371.348
116413.013
116454.680
116496.345
116538.010
116579.676
116621.346
116663.006
116704.671
116746.338
116788.001
116829.668
116871.333
116912.997
116954.663
116996.329
117037.994
117079.659
117121.324
117162.989
117204.655
117246.320
117287.987
117329.651
117371.319
117412.982
117454.647
117496.315
117537.978
117579.643
117621.318
117662.975
117704.640
117746.305
117787.970
117829.635
117871.301
117912.968
117954.631
117996.298
118037.964
118079.629
118121.295
118162.960
118204.626
118246.290
118287.956
118329.622
118371.288
118412.952
118454.618
118496.283
118537.948
118579.614
118621.285
118662.944
118704.607
118746.275
118787.938
118829.606
118871.271
118912.936
118954.600
118996.267
119037.933
119079.598
119121.263
119162.928
119204.594
119246.259
119287.925
119329.591
119371.256
119412.921
119454.586
119496.251
119537.915
119579.575
119621.243
119662.907
119704.576
119746.238
119787.903
119829.572
119871.233
119912.903
119954.569
119996.234
120037.900
120079.566
120121.230
120162.896
120204.561
120246.226
120287.891
120329.556
120371.222
120412.888
120454.552
120496.220
120537.884
120579.549
120621.222
120662.882
120704.545
120746.211
120787.877
120829.543
120871.206
120912.873
120954.538
120996.203
121037.868
121079.533
121121.199
121162.865
121204.531
121246.196
121287.861
121329.526
121371.191
121412.858
121454.522
121496.188
121537.853
121579.519
121621.188
121662.850
121704.515
121746.182
121787.846
121829.511
121871.175
121912.842
121954.506
121996.172
122037.836
122079.504
122121.168
122162.833
122204.500
122246.165
122287.831
122329.495
122371.161
122412.826
122454.492
122496.157
122537.823
122579.488
122621.156
122662.818
122704.483
122746.148
122787.814
122829.480
122871.143
122912.810
122954.474
122996.140
123037.805
123079.471
123121.138
123162.803
123204.467
123246.132
123287.798
123329.463
123371.129
123412.794
123454.460
123496.125
123537.791
123579.456
123621.128
123662.787
123704.451
123746.119
123787.783
123829.447
123871.112
123912.779
123954.445
123996.109
124037.774
124079.438
124121.104
124162.772
124204.437
124246.101
124287.766
124329.432
124371.097
124412.763
124454.429
124496.094
124537.759
124579.423
124621.097
124662.756
124704.421
124746.087
124787.751
124829.417
124871.082
124912.747
124954.413
124996.078
125037.743
125079.410
125121.074
125162.738
125204.405
125246.071
125287.736
125329.401
125371.067
125412.731
125454.396
125496.062
125537.727
125579.393
125621.064
125662.725
125704.390
125746.056
125787.719
125829.384
125871.051
125912.717
125954.380
125996.046
126037.711
126079.376
126121.042
126162.709
126204.372
126246.040
126287.704
126329.368
126371.036
126412.700
126454.365
126496.031
126537.697
126579.361
126621.035
126662.693
126704.357
126746.024
126787.689
126829.354
126871.018
126912.684
126954.351
126996.017
127037.681
127079.347
127121.012
127162.678
127204.343
127246.008
127287.673
127329.339
127371.002
127412.669
127454.335
127496.001
127537.666
127579.332
127621.001
127662.661
127704.325
127745.992
127787.657
127829.322
127870.987
127912.654
127954.317
127995.985
128037.650
128079.315
128120.980
128162.645
128204.311
128245.977
128287.642
128329.308
128370.973
128412.636
128454.304
128495.968
128537.635
128579.301
128620.973
128662.631
128704.295
128745.963
128787.625
128829.292
128870.956
128912.623
128954.287
128995.954
129037.619
129079.285
129120.950
129162.616
129204.281
129245.946
129287.611
129329.277
129370.942
129412.608
129454.273
129495.938
129537.604
129579.268
129620.939
129662.599
129704.262
129745.928
129787.594
129829.261
129870.924
129912.592
129954.256
129995.921
130037.586
130079.252
130120.917
130162.585
130204.249
130245.913
130287.579
130329.244
130370.909
130412.574
130454.240
130495.906
130537.571
130579.235
130620.909
130662.567
130704.232
130745.901
130787.563
130829.228
130870.892
130912.559
130954.223
130995.889
131037.555
131079.221
131120.886
131162.552
131204.216
131245.881
131287.546
131329.213
131370.878
131412.544
131454.209
131495.874
131537.539
131579.204
131620.878
131662.537
131704.201
131745.867
131787.532
131829.198
131870.863
131912.528
131954.194
131995.859
132037.525
132079.190
132120.855
132162.519
132204.185
132245.852
132287.518
132329.182
132370.848
132412.513
132454.178
132495.844
132537.509
132579.173
132620.843
132662.505
132704.168
132745.835
132787.500
132829.165
132870.830
132912.496
132954.161
132995.827
133037.492
133079.157
133120.823
133162.488
133204.154
133245.819
133287.484
133329.150
133370.817
133412.481
133454.146
133495.811
133537.477
133579.142
133620.809
133662.472
133704.138
133745.804
133787.470
133829.135
133870.801
133912.467
133954.130
133995.796
134037.461
134079.127
134120.791
134162.457
134204.123
134245.789
134287.454
134329.120
134370.785
134412.450
134454.115
134495.781
134537.447
134579.111
134620.783
134662.442
134704.106
134745.776
134787.438
134829.103
134870.767
134912.436
134954.100
134995.764
135037.429
135079.095
135120.760
135162.427
135204.091
135245.757
135287.422
135329.088
135370.752
135412.417
135454.083
135495.748
135537.415
135579.080
135620.750
135662.410
135704.076
135745.740
135787.406
135829.073
135870.736
135912.403
135954.069
135995.733
136037.398
136079.063
136120.729
136162.394
136204.060
136245.726
136287.392
136329.056
136370.723
136412.388
136454.052
136495.718
136537.383
136579.048
136620.721
136662.380
136704.044
136745.710
136787.375
136829.040
136870.706
136912.371
136954.037
136995.704
137037.368
137079.032
137120.697
137162.364
137204.028
137245.693
137287.360
137329.025
137370.691
137412.355
137454.021
137495.688
137537.352
137579.017
137620.687
137662.348
137704.012
137745.677
137787.344
137829.009
137870.674
137912.341
137954.005
137995.670
138037.337
138079.002
138120.668
138162.331
138203.997
138245.663
138287.329
138328.994
138370.659
138412.324
138453.990
138495.656
138537.320
138578.986
138620.657
138662.317
138703.981
138745.648
138787.313
138828.978
138870.643
138912.310
138953.973
138995.640
139037.303
139078.969
139120.636
139162.299
139203.966
139245.630
139287.297
139328.962
139370.628
139412.293
139453.957
139495.625
139537.290
139578.954
139620.626
139662.285
139703.950
139745.614
139787.282
139828.946
139870.611
139912.278
139953.942
139995.608
140037.274
140078.939
140120.604
140162.269
140203.935
140245.600
140287.265
140328.931
140370.596
140412.262
140453.927
140495.593
140537.252
140578.924
140620.606
140662.249
140703.913
140745.582
140787.245
140828.915
140870.575
140912.248
140953.910
140995.576
141037.241
141078.906
141120.571
141162.237
141203.903
141245.570
141287.235
141328.900
141370.566
141412.231
141453.896
141495.562
141537.228
141578.893
141620.563
141662.222
141703.887
141745.555
141787.218
141828.884
141870.550
141912.215
141953.880
141995.545
142037.210
142078.877
142120.541
142162.206
142203.872
142245.538
142287.202
142328.868
142370.533
142412.200
142453.865
142495.532
142537.196
142578.860
142620.530
142662.192
142703.856
142745.524
142787.186
142828.853
142870.517
142912.183
142953.849
142995.513
143037.179
143078.844
143120.510
143162.175
143203.841
143245.507
143287.172
143328.838
143370.503
143412.169
143453.832
143495.498
143537.165
143578.830
143620.498
143662.159
143703.825
143745.492
143787.156
143828.821
143870.487
143912.153
143953.817
143995.484
144037.149
144078.814
144120.479
144162.145
144203.810
144245.476
144287.141
144328.806
144370.472
144412.138
144453.803
144495.468
144537.133
144578.797
144620.468
144662.130
144703.794
144745.459
144787.125
144828.789
144870.455
144912.122
144953.785
144995.450
145037.117
145078.782
145120.448
145162.114
145203.780
145245.444
145287.109
145328.776
145370.442
145412.104
145453.771
145495.436
145537.102
145578.766
145620.439
145662.098
145703.763
145745.431
145787.094
145828.758
145870.425
145912.091
145953.755
145995.421
146037.087
146078.752
146120.417
146162.083
146203.743
146245.414
146287.079
146328.744
146370.409
146412.075
146453.738
146495.406
146537.071
146578.736
146620.406
146662.067
146703.731
146745.396
146787.062
146828.727
146870.392
146912.060
146953.723
146995.389
147037.055
147078.721
147120.386
147162.051
147203.717
147245.381
147287.048
147328.712
147370.378
147412.043
147453.708
147495.373
147537.038
147578.704
147620.373
147662.035
147703.704
147745.365
147787.030
147828.697
147870.361
147912.028
147953.691
147995.358
148037.023
148078.689
148120.354
148162.018
148203.684
148245.350
148287.016
148328.681
148370.346
148412.010
148453.676
148495.343
148537.006
148578.671
148620.341
148662.005
148703.669
148745.334
148787.000
148828.665
148870.331
148911.997
148953.661
148995.326
149036.990
149078.656
149120.322
149161.986
149203.653
149245.318
149286.983
149328.649
149370.315
149411.980
149453.644
149495.311
149536.976
149578.640
149620.305
149661.973
149703.637
149745.303
149786.968
149828.633
149870.300
149911.964
149953.631
149995.294
150036.960
150078.626
150120.293
150161.956
150203.622
150245.287
150286.953
150328.617
150370.285
150411.949
150453.614
150495.280
150536.945
150578.609
150620.280
150661.942
150703.606
150745.273
150786.936
150828.601
150870.267
150911.935
150953.599
150995.263
151036.929
151078.596
151120.261
151161.926
151203.591
151245.255
151286.922
151328.586
151370.251
151411.916
151453.582
151495.248
151536.915
151578.579
151620.248
151661.911
151703.574
151745.240
151786.906
151828.571
151870.236
151911.903
151953.566
151995.233
152036.897
152078.563
152120.228
152161.893
152203.559
152245.224
152286.889
152328.555
152370.220
152411.885
152453.551
152495.217
152536.882
152578.546
152620.215
152661.879
152703.544
152745.208
152786.874
152828.538
152870.204
152911.871
152953.535
152995.202
153036.867
153078.531
153120.197
153161.863
153203.528
153245.194
153286.860
153328.523
153370.190
153411.855
153453.520
153495.186
153536.851
153578.516
153620.182
153661.848
153703.513
153745.179
153786.843
153828.508
153870.174
153911.840
153953.503
153995.169
154036.835
154078.500
154120.166
154161.831
154203.497
154245.161
154286.827
154328.492
154370.157
154411.824
154453.488
154495.154
154536.820
154578.484
154620.154
154661.816
154703.480
154745.146
154786.811
154828.477
154870.141
154911.807
154953.473
154995.139
155036.803
155078.469
155120.135
155161.799
155203.465
155245.130
155286.796
155328.461
155370.126
155411.792
155453.458
155495.123
155536.789
155578.455
155620.126
155661.785
155703.450
155745.117
155786.779
155828.447
155870.110
155911.778
155953.441
155995.107
156036.774
156078.439
156120.105
156161.769
156203.435
156245.101
156286.766
156328.432
156370.097
156411.762
156453.427
156495.093
156536.758
156578.424
156620.092
156661.754
156703.418
156745.086
156786.748
156828.416
156870.079
156911.746
156953.410
156995.077
157036.741
157078.407
157120.073
157161.739
157203.404
157245.069
157286.734
157328.400
157370.065
157411.730
157453.396
157495.061
157536.727
157578.392
157620.061
157661.723
157703.386
157745.054
157786.717
157828.384
157870.048
157911.715
157953.379
157995.046
158036.711
158078.374
158120.041
158161.708
158203.372
158245.038
158286.703
158328.369
158370.034
158411.700
158453.365
158495.030
158536.696
158578.361
158620.030
158661.692
158703.356
158745.022
158786.686
158828.353
158870.017
158911.684
158953.347
158995.014
159036.680
159078.345
159120.009
159161.676
159203.342
159245.007
159286.672
159328.338
159370.003
159411.668
159453.333
159494.999
159536.664
159578.329
159620.000
159661.660
159703.323
159744.991
159786.656
159828.322
159869.985
159911.653
159953.316
159994.983
160036.648
160078.314
160119.980
160161.642
160203.311
160244.975
160286.641
160328.306
160369.971
160411.637
160453.303
160494.967
160536.634
160578.298
160619.961
160661.629
160703.292
160744.959
160786.623
160828.291
160869.953
160911.621
160953.285
160994.952
161036.617
161078.282
161119.948
161161.613
161203.278
161244.941
161286.607
161328.268
161369.941
161411.604
161453.266
161494.931
161536.596
161578.260
161619.936
161661.597
161703.261
161744.928
161786.593
161828.259
161869.923
161911.590
161953.254
161994.920
162036.585
162078.251
162119.916
162161.582
162203.247
162244.912
162286.578
162328.244
162369.908
162411.573
162453.239
162494.905
162536.569
162578.234
162619.905
162661.566
162703.230
162744.895
162786.562
162828.227
162869.892
162911.558
162953.223
162994.888
163036.555
163078.219
163119.885
163161.550
163203.216
163244.881
163286.546
163328.211
163369.877
163411.542
163453.208
163494.873
163536.539
163578.203
163619.871
163661.534
163703.199
163744.865
163786.530
163828.195
163869.861
163911.527
163953.192
163994.857
164036.522
164078.188
164119.853
164161.518
164203.184
164244.849
164286.514
164328.179
164369.844
164411.511
164453.176
164494.841
164536.507
164578.172
164619.844
164661.503
164703.168
164744.835
164786.499
164828.165
164869.830
164911.495
164953.160
164994.825
165036.490
165078.156
165119.821
165161.486
165203.152
165244.817
165286.482
165328.147
165369.812
165411.478
165453.144
165494.811
165536.474
165578.140
165619.810
165661.472
165703.136
165744.802
165786.469
165828.132
165869.797
165911.464
165953.129
165994.794
166036.460
166078.125
166119.790
166161.456
166203.121
166244.786
166286.452
166328.117
166369.782
166411.448
166453.113
166494.780
166536.446
166578.109
166619.779
166661.442
166703.107
166744.770
166786.437
166828.102
166869.767
166911.432
166953.097
166994.763
167036.428
167078.094
167119.760
167161.425
167203.090
167244.756
167286.420
167328.086
167369.751
167411.418
167453.082
167494.748
167536.413
167578.078
167619.744
167661.408
167703.075
167744.739
167786.405
167828.069
167869.735
167911.402
167953.066
167994.732
168036.397
168078.063
168119.728
168161.393
168203.059
168244.724
168286.390
168328.054
168369.721
168411.386
168453.051
168494.717
168536.382
168578.046
168619.718
168661.377
168703.042
168744.708
168786.373
168828.040
168869.704
168911.371
168953.035
168994.700
169036.366
169078.032
169119.696
169161.362
169203.028
169244.693
169286.358
169328.024
169369.689
169411.355
169453.020
169494.687
169536.350
169578.015
169619.681
169661.345
169703.012
169744.676
169786.343
169828.008
169869.672
169911.338
169953.003
169994.668
170036.334
170077.999
170119.666
170161.331
170202.996
170244.660
170286.326
170327.991
170369.657
170411.322
170452.987
170494.654
170536.319
170577.984
170619.655
170661.316
170702.980
170744.647
170786.310
170827.978
170869.641
170911.309
170952.972
170994.639
171036.304
171077.970
171119.635
171161.300
171202.966
171244.631
171286.296
171327.962
171369.628
171411.292
171452.958
171494.623
171536.289
171577.954
171619.624
171661.285
171702.950
171744.615
171786.279
171827.946
171869.610
171911.277
171952.940
171994.607
172036.273
172077.938
172119.603
172161.270
172202.934
172244.600
172286.265
172327.931
172369.596
172411.261
172452.927
172494.592
172536.257
172577.923
172619.590
172661.253
172702.917
172744.584
172786.247
172827.915
172869.578
172911.246
172952.910
172994.575
173036.242
173077.907
173119.572
173161.238
173202.902
173244.569
173286.234
173327.899
173369.565
173411.230
173452.895
173494.561
173536.226
173577.891
173619.555
173661.222
173702.886
173744.553
173786.216
173827.884
173869.548
173911.212
173952.878
173994.545
174036.208
174077.876
174119.541
174161.207
174202.872
174244.537
174286.203
174327.868
174369.533
174411.198
174452.865
174494.529
174536.195
174577.861
174619.529
174661.192
174702.855
174744.522
174786.185
174827.852
174869.516
174911.184
174952.846
174994.514
175036.179
175077.843
175119.510
175161.176
175202.840
175244.507
175286.172
175327.837
175369.502
175411.168
175452.833
175494.498
175536.164
175577.829
175619.499
175661.159
175702.824
175744.490
175786.155
175827.819
175869.484
175911.152
175952.815
175994.481
176036.148
176077.813
176119.477
176161.144
176202.809
176244.475
176286.140
176327.805
176369.471
176411.137
176452.800
176494.466
176536.131
176577.796
176619.464
176661.128
176702.793
176744.458
176786.124
176827.788
176869.454
176911.120
176952.784
176994.450
177036.116
177077.781
177119.447
177161.111
177202.777
177244.443
177286.108
177327.773
177369.439
177411.104
177452.770
177494.435
177536.099
177577.765
177619.433
177661.097
177702.761
177744.427
177786.092
177827.757
177869.423
177911.089
177952.753
177994.418
178036.083
178077.749
178119.414
178161.080
178202.746
178244.411
178286.076
178327.742
178369.407
178411.072
178452.737
178494.404
178536.069
178577.734
178619.404
178661.066
178702.729
178744.396
178786.061
178827.727
178869.391
178911.057
178952.722
178994.387
179036.051
179077.718
179119.383
179161.048
179202.715
179244.378
179286.044
179327.710
179369.375
179411.041
179452.707
179494.373
179536.038
179577.702
179619.373
179661.034
179702.698
179744.365
179786.030
179827.695
179869.361
179911.027
179952.691
179994.356
180036.022
180077.688
180119.352
180161.017
180202.682
180244.348
180286.013
180327.678
180369.344
180411.010
180452.675
180494.341
180536.007
180577.672
180619.342
180661.003
180702.666
180744.333
180785.999
180827.663
180869.328
180910.996
180952.660
180994.325
181035.990
181077.656
181119.320
181160.985
181202.651
181244.316
181285.982
181327.647
181369.314
181410.978
181452.643
181494.310
181535.976
181577.640
181619.310
181660.971
181702.630
181744.302
181785.966
181827.632
181869.297
181910.964
181952.629
181994.294
182035.959
182077.625
182119.290
182160.955
182202.620
182244.288
182285.952
182327.616
182369.282
182410.947
182452.613
182494.279
182535.945
182577.610
182619.286
182660.940
182702.604
182744.271
182785.935
182827.602
182869.266
182910.933
182952.596
182994.263
183035.929
183077.592
183119.259
183160.925
183202.591
183244.256
183285.921
183327.586
183369.252
183410.917
183452.583
183494.248
183535.913
183577.577
183619.248
183660.909
183702.573
183744.240
183785.904
183827.571
183869.234
183910.902
183952.565
183994.232
184035.898
184077.563
184119.228
184160.894
184202.559
184244.225
184285.890
184327.555
184369.221
184410.886
184452.552
184494.218
184535.882
184577.547
184619.212
184660.879
184702.542
184744.208
184785.874
184827.538
184869.204
184910.871
184952.534
184994.200
185035.866
185077.531
185119.197
185160.862
185202.528
185244.193
185285.858
185327.523
185369.189
185410.853
185452.519
185494.185
185535.850
185577.516
185619.183
185660.845
185702.511
185744.176
185785.842
185827.507
185869.172
185910.839
185952.503
185994.169
186035.835
186077.500
186119.166
186160.830
186202.495
186244.160
186285.826
186327.490
186369.156
186410.822
186452.488
186494.153
186535.819
186577.484
186619.153
186660.815
186702.479
186744.145
186785.811
186827.476
186869.141
186910.808
186952.472
186994.136
187035.802
187077.468
187119.133
187160.799
187202.465
187244.129
187285.794
187327.460
187369.125
187410.791
187452.456
187494.123
187535.788
187577.454
187619.123
187660.785
187702.448
187744.112
187785.779
187827.445
187869.110
187910.776
187952.440
187994.106
188035.771
188077.437
188119.102
188160.767
188202.433
188244.098
188285.763
188327.429
188369.095
188410.760
188452.427
188494.091
188535.756
188577.422
188619.094
188660.753
188702.417
188744.084
188785.749
188827.413
188869.078
188910.746
188952.408
188994.076
189035.742
189077.407
189119.070
189160.738
189202.403
189244.068
189285.734
189327.399
189369.064
189410.729
189452.395
189494.060
189535.726
189577.391
189619.059
189660.722
189702.386
189744.052
189785.716
189827.381
189869.047
189910.714
189952.377
189994.045
190035.710
190077.376
190119.041
190160.706
190202.371
190244.037
190285.702
190327.368
190369.033
190410.699
190452.364
190494.030
190535.695
190577.360
190619.028
190660.691
190702.354
190744.022
190785.685
190827.353
190869.015
190910.683
190952.346
190994.013
191035.679
191077.344
191119.010
191160.675
191202.340
191244.006
191285.671
191327.337
191369.002
191410.667
191452.333
191493.998
191535.663
191577.328
191618.994
191660.659
191702.322
191743.991
191785.654
191827.321
191868.984
191910.652
191952.315
191993.982
192035.647
192077.313
192118.979
192160.643
192202.310
192243.967
192285.632
192327.303
192368.963
192410.634
192452.299
192493.965
192535.630
192577.290
192618.963
192660.621
192702.286
192743.959
192785.622
192827.290
192868.953
192910.620
192952.285
192993.951
193035.616
193077.283
193118.945
193160.611
193202.278
193243.942
193285.608
193327.273
193368.938
193410.604
193452.268
193493.934
193535.600
193577.266
193618.937
193660.596
193702.260
193743.927
193785.591
193827.257
193868.922
193910.589
193952.254
193993.919
194035.584
194077.250
194118.916
194160.580
194202.246
194243.911
194285.577
194327.242
194368.907
194410.572
194452.237
194493.903
194535.569
194577.234
194618.900
194660.565
194702.229
194743.894
194785.560
194827.227
194868.890
194910.557
194952.221
194993.888
195035.553
195077.218
195118.885
195160.548
195202.208
195243.880
195285.544
195327.210
195368.875
195410.540
195452.206
195493.872
195535.538
195577.204
195618.871
195660.534
195702.199
195743.864
195785.529
195827.194
195868.860
195910.524
195952.191
195993.856
196035.522
196077.187
196118.852
196160.517
196202.183
196243.847
196285.514
196327.180
196368.846
196410.510
196452.177
196493.842
196535.507
196577.172
196618.840
196660.503
196702.166
196743.833
196785.498
196827.165
196868.828
196910.495
196952.159
196993.825
197035.490
197077.155
197118.821
197160.485
197202.152
197243.818
197285.481
197327.148
197368.813
197410.479
197452.145
197493.810
197535.476
197577.141
197618.812
197660.472
197702.135
197743.802
197785.466
197827.134
197868.796
197910.464
197952.127
197993.795
198035.460
198077.125
198118.791
198160.456
198202.121
198243.788
198285.452
198327.116
198368.782
198410.449
198452.114
198493.779
198535.444
198577.110
198618.778
198660.440
198702.104
198743.772
198785.434
198827.102
198868.765
198910.432
198952.096
198993.765
199035.429
199077.094
199118.760
199160.425
199202.088
199243.756
199285.421
199327.086
199368.750
199410.415
199452.077
199493.748
199535.413
199577.078
199618.745
199660.409
199702.072
199743.740
199785.403
199827.070
199868.734
199910.401
199952.065
199993.732
200035.398
200077.063
200118.728
200160.393
200202.059
200243.724
200285.390
200327.055
200368.721
200410.384
200452.051
200493.716
200535.382
200577.047
200618.714
200660.378
200702.041
200743.709
200785.372
200827.041
200868.703
200910.371
200952.034
200993.701
201035.366
201077.031
201118.697
201160.362
201202.027
201243.693
201285.360
201327.024
201368.690
201410.354
201452.020
201493.685
201535.351
201577.017
201618.682
201660.347
201702.010
201743.676
201785.341
201827.006
201868.671
201910.336
201952.002
201993.668
202035.333
202076.999
202118.665
202160.331
202201.996
202243.662
202285.326
202326.992
202368.658
202410.323
202451.988
202493.654
202535.319
202576.984
202618.656
202660.315
202701.979
202743.646
202785.310
202826.977
202868.641
202910.308
202951.971
202993.638
203035.304
203076.969
203118.635
203160.299
203201.965
203243.630
203285.295
203326.962
203368.626
203410.292
203451.958
203493.622
203535.288
203576.954
203618.619
203660.284
203701.947
203743.615
203785.278
203826.946
203868.609
203910.276
203951.940
203993.607
204035.272
204076.938
204118.603
204160.268
204201.934
204243.600
204285.264
204326.931
204368.595
204410.261
204451.926
204493.591
204535.257
204576.923
204618.589
204660.253
204701.916
204743.582
204785.248
204826.915
204868.578
204910.245
204951.909
204993.576
205035.241
205076.907
205118.572
205160.237
205201.903
205243.568
205285.233
205326.899
205368.564
205410.229
205451.895
205493.560
205535.224
205576.890
205618.559
205660.220
205701.886
205743.552
205785.217
205826.882
205868.547
205910.214
205951.878
205993.544
206035.209
206076.874
206118.539
206160.205
206201.870
206243.535
206285.202
206326.868
206368.532
206410.197
206451.863
206493.528
206535.194
206576.859
206618.524
206660.188
206701.856
206743.521
206785.184
206826.850
206868.516
206910.182
206951.846
206993.513
207035.179
207076.844
207118.510
207160.175
207201.841
207243.505
207285.171
207326.836
207368.502
207410.167
207451.832
207493.497
207535.162
207576.828
207618.495
207660.159
207701.823
207743.490
207785.155
207826.819
207868.484
207910.151
207951.815
207993.481
208035.147
208076.811
208118.477
208160.143
208201.808
208243.473
208285.139
208326.804
208368.470
208410.134
208451.801
208493.466
208535.131
208576.797
208618.464
208660.127
208701.792
208743.458
208785.122
208826.789
208868.453
208910.118
208951.783
208993.451
209035.115
209076.781
209118.446
209160.111
209201.776
209243.443
209285.107
209326.773
209368.438
209410.103
209451.768
209493.434
209535.101
209576.765
209618.430
209660.097
209701.761
209743.428
209785.091
209826.757
209868.422
209910.088
209951.752
209993.417
210035.083
210076.750
210118.414
210160.080
210201.746
210243.409
210285.076
210326.741
210368.406
210410.072
210451.738
210493.404
210535.070
210576.733
210618.403
210660.065
210701.729
210743.395
210785.060
210826.727
210868.391
210910.057
210951.721
210993.389
211035.053
211076.719
211118.385
211160.050
211201.716
211243.379
211285.046
211326.712
211368.378
211410.043
211451.708
211493.373
211535.039
211576.704
211618.373
211660.035
211701.698
211743.364
211785.029
211826.696
211868.359
211910.027
211951.690
211993.357
212035.023
212076.687
212118.353
212160.018
212201.682
212243.349
212285.014
212326.680
212368.345
212410.011
212451.677
212493.341
212535.007
212576.673
212618.342
212660.003
212701.667
212743.333
212784.997
212826.664
212868.328
212909.995
212951.659
212993.326
213034.991
213076.657
213118.322
213159.988
213201.652
213243.317
213284.977
213326.642
213368.312
213409.978
213451.638
213493.308
213534.968
213576.641
213618.310
213659.971
213701.636
213743.301
213784.966
213826.632
213868.297
213909.964
213951.628
213993.294
214034.959
214076.625
214118.291
214159.956
214201.622
214243.285
214284.950
214326.617
214368.283
214409.949
214451.613
214493.279
214534.944
214576.609
214618.277
214659.940
214701.604
214743.269
214784.935
214826.602
214868.266
214909.933
214951.597
214993.262
215034.928
215076.594
215118.258
215159.924
215201.589
215243.254
215284.921
215326.584
215368.249
215409.916
215451.583
215493.247
215534.912
215576.578
215618.246
215659.909
215701.572
215743.238
215784.904
215826.569
215868.234
215909.900
215951.565
215993.232
216034.898
216076.561
216118.228
216159.893
216201.559
216243.222
216284.888
216326.554
216368.218
216409.884
216451.549
216493.216
216534.882
216576.546
216618.215
216659.877
216701.541
216743.207
216784.873
216826.538
216868.203
216909.870
216951.535
216993.200
217034.866
217076.531
217118.196
217159.861
217201.527
217243.191
217284.857
217326.522
217368.188
217409.854
217451.518
217493.185
217534.850
217576.515
217618.183
217659.845
217701.510
217743.177
217784.840
217826.507
217868.172
217909.837
217951.502
217993.168
218034.834
218076.499
218118.165
218159.830
218201.495
218243.160
218284.827
218326.491
218368.158
218409.823
218451.486
218493.152
218534.819
218576.484
218618.154
218659.816
218701.480
218743.144
218784.810
218826.475
218868.140
218909.807
218951.472
218993.138
219034.803
219076.469
219118.133
219159.799
219201.464
219243.130
219284.795
219326.461
219368.126
219409.791
219451.457
219493.122
219534.788
219576.452
219618.121
219659.783
219701.448
219743.113
219784.779
219826.444
219868.109
219909.776
219951.440
219993.106
220034.772
220076.437
220118.103
220159.768
220201.433
220243.099
220284.765
220326.429
220368.095
220409.760
220451.426
220493.091
220534.756
220576.421
220618.090
220659.752
220701.417
220743.083
220784.748
220826.414
220868.078
220909.745
220951.409
220993.075
221034.740
221076.405
221118.071
221159.737
221201.402
221243.068
221284.732
221326.399
221368.063
221409.727
221451.394
221493.059
221534.725
221576.390
221618.057
221659.724
221701.386
221743.050
221784.715
221826.382
221868.046
221909.714
221951.378
221993.044
222034.710
222076.376
222118.040
222159.705
222201.370
222243.035
222284.701
222326.367
222368.032
222409.698
222451.364
222493.029
222534.694
222576.359
222618.025
222659.691
222701.354
222743.020
222784.685
222826.351
222868.016
222909.683
222951.347
222993.013
223034.677
223076.344
223118.010
223159.675
223201.341
223243.005
223284.671
223326.336
223368.001
223409.666
223451.332
223492.998
223534.664
223576.328
223617.998
223659.659
223701.323
223742.989
223784.654
223826.320
223867.985
223909.651
223951.315
223992.982
224034.647
224076.312
224117.977
224159.644
224201.308
224242.973
224284.640
224326.304
224367.969
224409.634
224451.301
224492.967
224534.630
224576.296
224617.963
224659.628
224701.292
224742.956
224784.623
224826.287
224867.953
224909.620
224951.283
224992.950
225034.615
225076.280
225117.946
225159.611
225201.277
225242.942
225284.608
225326.274
225367.939
225409.605
225451.268
225492.935
225534.601
225576.265
225617.932
225659.597
225701.261
225742.926
225784.592
225826.258
225867.922
225909.589
225951.253
225992.919
226034.585
226076.251
226117.916
226159.581
226201.246
226242.911
226284.577
226326.243
226367.907
226409.572
226451.238
226492.905
226534.569
226576.235
226617.902
226659.564
226701.229
226742.896
226784.560
226826.226
226867.890
226909.558
226951.221
226992.888
227034.552
227076.219
227117.883
227159.548
227201.214
227242.879
227284.545
227326.210
227367.876
227409.541
227451.208
227492.872
227534.539
227576.203
227617.870
227659.533
227701.198
227742.864
227784.528
227826.193
227867.859
227909.525
227951.190
227992.855
228034.520
228076.187
228117.853
228159.517
228201.184
228242.848
228284.514
228326.180
228367.844
228409.510
228451.175
228492.840
228534.506
228576.171
228617.839
228659.503
228701.166
228742.833
228784.497
228826.163
228867.828
228909.496
228951.159
228992.825
229034.489
229076.156
229117.821
229159.486
229201.152
229242.817
229284.483
229326.148
229367.814
229409.479
229451.145
229492.811
229534.476
229576.141
229617.809
229659.472
229701.135
229742.802
229784.466
229826.133
229867.796
229909.463
229951.127
229992.794
230034.459
230076.125
230117.789
230159.455
230201.121
230242.785
230284.451
230326.116
230367.783
230409.449
230451.114
230492.779
230534.443
230576.108
230617.779
230659.440
230701.105
230742.771
230784.435
230826.102
230867.766
230909.432
230951.097
230992.763
231034.428
231076.094
231117.759
231159.425
231201.090
231242.755
231284.418
231326.085
231367.751
231409.416
231451.081
231492.748
231534.413
231576.078
231617.745
231659.408
231701.073
231742.740
231784.404
231826.070
231867.734
231909.401
231951.065
231992.731
232034.397
232076.062
232117.726
232159.391
232201.057
232242.724
232284.388
232326.052
232367.720
232409.384
232451.050
232492.715
232534.382
232576.046
232617.717
232659.380
232701.042
232742.710
232784.373
232826.040
232867.708
232909.371
232951.035
232992.700
233034.365
233076.031
233117.696
233159.362
233201.028
233242.693
233284.357
233326.023
233367.688
233409.355
233451.019
233492.685
233534.349
233576.014
233617.681
233659.347
233701.011
233742.675
233784.341
233826.007
233867.672
233909.339
233951.004
233992.669
234034.335
234076.001
234117.666
234159.331
234200.996
234242.661
234284.327
234325.992
234367.658
234409.322
234450.988
234492.654
234534.320
234575.985
234617.652
234659.316
234700.980
234742.646
234784.310
234825.975
234867.641
234909.308
234950.972
234992.638
235034.304
235075.969
235117.635
235159.300
235200.965
235242.630
235284.296
235325.961
235367.627
235409.292
235450.956
235492.623
235534.288
235575.953
235617.622
235659.285
235700.948
235742.613
235784.280
235825.944
235867.612
235909.277
235950.941
235992.608
236034.273
236075.938
236117.604
236159.269
236200.935
236242.599
236284.265
236325.930
236367.596
236409.261
236450.925
236492.591
236534.255
236575.921
236617.589
236659.253
236700.918
236742.584
236784.248
236825.914
236867.580
236909.246
236950.909
236992.576
237034.241
237075.907
237117.572
237159.238
237200.903
237242.568
237284.233
237325.898
237367.563
237409.229
237450.895
237492.560
237534.223
237575.889
237617.559
237659.223
237700.887
237742.551
237784.217
237825.882
237867.547
237909.212
237950.878
237992.545
238034.209
238075.875
238117.540
238159.205
238200.871
238242.537
238284.201
238325.867
238367.533
238409.198
238450.864
238492.530
238534.195
238575.859
238617.532
238659.191
238700.855
238742.520
238784.185
238825.851
238867.516
238909.182
238950.846
238992.514
239034.179
239075.843
239117.509
239159.175
239200.840
239242.504
239284.171
239325.836
239367.501
239409.167
239450.833
239492.498
239534.164
239575.829
239617.495
239659.159
239700.824
239742.489
239784.154
239825.821
239867.485
239909.151
239950.816
239992.482
240034.147
240075.814
240117.479
240159.144
240200.809
240242.474
240284.139
240325.805
240367.470
240409.136
240450.800
240492.467
240534.132
240575.797
240617.464
240659.128
240700.792
240742.459
240784.124
240825.788
240867.454
240909.121
240950.784
240992.451
241034.115
241075.781
241117.447
241159.113
241200.778
241242.443
241284.109
241325.773
241367.439
241409.104
241450.771
241492.436
241534.101
241575.764
241617.432
241659.097
241700.760
241742.427
241784.092
241825.757
241867.422
241909.088
241950.752
241992.420
242034.085
242075.750
242117.415
242159.080
242200.746
242242.411
242284.078
242325.743
242367.408
242409.074
242450.739
242492.405
242534.070
242575.735
242617.402
242659.066
242700.730
242742.396
242784.060
242825.727
242867.391
242909.057
242950.722
242992.389
243034.055
243075.719
243117.384
243159.050
243200.716
243242.381
243284.047
243325.711
243367.377
243409.042
243450.709
243492.374
243534.039
243575.705
243617.370
243659.034
243700.699
243742.365
243784.029
243825.697
243867.361
243909.027
243950.691
243992.357
244034.024
244075.688
244117.353
244159.018
244200.677
244242.349
244284.008
244325.679
244367.345
244409.010
244450.670
244492.341
244534.001
244575.671
244617.335
244659.003
244700.667
244742.328
244783.998
244825.665
244867.329
244908.996
244950.660
244992.326
245033.991
245075.658
245117.323
245158.987
245200.653
245242.319
245283.984
245325.649
245367.315
245408.980
245450.645
245492.311
245533.975
245575.641
245617.308
245658.972
245700.636
245742.302
245783.967
245825.634
245867.298
245908.964
245950.630
245992.294
246033.959
246075.624
246117.291
246158.957
246200.622
246242.286
246283.952
246325.617
246367.282
246408.947
246450.613
246492.279
246533.944
246575.609
246617.278
246658.941
246700.605
246742.270
246783.936
246825.600
246867.265
246908.934
246950.596
246992.264
247033.928
247075.592
247117.253
247158.924
247200.589
247242.255
247283.921
247325.585
247367.251
247408.916
247450.582
247492.247
247533.914
247575.578
247617.245
247658.910
247700.573
247742.240
247783.905
247825.570
247867.235
247908.901
247950.566
247992.232
248033.896
248075.562
248117.227
248158.892
248200.560
248242.226
248283.892
248325.555
248367.219
248408.885
248450.551
248492.216
248533.882
248575.547
248617.218
248658.879
248700.542
248742.210
248783.873
248825.541
248867.204
248908.871
248950.534
248992.202
249033.868
249075.533
249117.199
249158.863
249200.529
249242.194
249283.860
249325.525
249367.190
249408.856
249450.522
249492.186
249533.852
249575.517
249617.183
249658.848
249700.511
249742.179
249783.842
249825.507
249867.173
249908.840
249950.504
249992.170
250033.836
250075.502
250117.167
250158.832
250200.498
250242.163
250283.828
250325.494
250367.156
250408.823
250450.489
250492.155
250533.821
250575.484
250617.158
250658.815
250700.480
250742.146
250783.811
250825.478
250867.142
250908.808
250950.473
250992.138
251033.803
251075.468
251117.133
251158.800
251200.465
251242.130
251283.796
251325.461
251367.126
251408.790
251450.457
251492.122
251533.790
251575.453
251617.120
251658.784
251700.449
251742.114
251783.780
251825.445
251867.110
251908.777
251950.440
251992.107
252033.772
252075.438
252117.104
252158.769
252200.435
252242.099
252283.764
252325.430
252367.095
252408.760
252450.425
252492.093
252533.757
252575.423
252617.093
252658.753
252700.418
252742.083
252783.748
252825.413
252867.078
252908.744
252950.409
252992.076
253033.742
253075.407
253117.072
253158.737
253200.402
253242.067
253283.732
253325.398
253367.065
253408.729
253450.395
253492.060
253533.725
253575.392
253617.058
253658.723
253700.386
253742.052
253783.718
253825.383
253867.047
253908.715
253950.379
253992.045
254033.711
254075.375
254117.041
254158.706
254200.372
254242.037
254283.701
254325.368
254367.033
254408.699
254450.365
254492.031
254533.694
254575.359
254617.030
254658.692
254700.356
254742.022
254783.686
254825.351
254867.017
254908.683
254950.347
254992.014
255033.679
255075.345
255117.010
255158.676
255200.341
255242.005
255283.670
255325.336
255367.001
255408.667
255450.332
255491.999
255533.664
255575.328
255616.990
255658.661
255700.324
255741.989
255783.655
255825.320
255866.986
255908.653
255950.316
255991.982
256033.647
256075.312
256116.977
256158.643
256200.309
256241.974
256283.638
256325.304
256366.970
256408.635
256450.301
256491.967
256533.633
256575.296
256616.964
256658.629
256700.294
256741.958
256783.624
256825.290
256866.954
256908.622
256950.285
256991.951
257033.616
257075.282
257116.947
257158.613
257200.278
257241.943
257283.607
257325.274
257366.940
257408.605
257450.270
257491.936
257533.601
257575.269
257616.932
257658.598
257700.261
257741.929
257783.593
257825.260
257866.923
257908.590
257950.254
257991.922
258033.587
258075.251
258116.917
258158.583
258200.248
258241.913
258283.579
258325.244
258366.909
258408.575
258450.240
258491.906
258533.572
258575.237
258616.902
258658.567
258700.231
258741.897
258783.561
258825.229
258866.892
258908.559
258950.222
258991.890
259033.555
259075.221
259116.886
259158.551
259200.217
259241.883
259283.548
259325.214
259366.878
259408.543
259450.209
259491.875
259533.540
259575.205
259616.873
259658.536
259700.199
259741.866
259783.530
259825.197
259866.861
259908.526
259950.192
259991.857
260033.522
260075.189
260116.854
260158.519
260200.185
260241.850
260283.515
260325.181
260366.845
260408.511
260450.177
260491.843
260533.508
260575.173
260616.838
260658.504
260700.168
260741.834
260783.499
260825.166
260866.830
260908.497
260950.160
260991.827
261033.492
261075.159
261116.823
261158.488
261200.155
261241.819
261283.484
261325.150
261366.815
261408.481
261450.145
261491.812
261533.476
261575.141
261616.809
261658.473
261700.136
261741.804
261783.467
261825.134
261866.798
261908.466
261950.130
261991.796
262033.459
262075.125
262116.791
262158.456
262200.121
262241.787
262283.452
262325.118
262366.783
262408.449
262450.114
262491.781
262533.444
262575.110
262616.779
262658.442
262700.106
262741.771
262783.437
262825.102
262866.767
262908.434
262950.098
262991.766
263033.428
263075.094
263116.760
263158.426
263200.092
263241.756
263283.423
263325.087
263366.751
263408.418
263450.082
263491.750
263533.414
263575.080
263616.746
263658.411
263700.074
263741.739
263783.405
263825.072
263866.736
263908.403
263950.068
263991.733
264033.398
264075.064
264116.727
264158.393
264200.058
264241.726
264283.389
264325.057
264366.723
264408.386
264450.052
264491.718
264533.383
264575.048
264616.718
264658.380
264700.044
264741.709
264783.374
264825.040
264866.705
264908.373
264950.035
264991.701
265033.366
265075.032
265116.696
265158.362
265200.028
265241.693
265283.358
265325.024
265366.689
265408.354
265450.020
265491.688
265533.353
265575.017
265616.683
265658.349
265700.013
265741.679
265783.343
265825.009
265866.674
265908.341
265950.005
265991.670
266033.336
266075.001
266116.666
266158.331
266199.997
266241.662
266283.328
266324.993
266366.658
266408.323
266449.989
266491.656
266533.322
266574.985
266616.654
266658.317
266699.981
266741.647
266783.312
266824.977
266866.642
266908.309
266949.972
266991.638
267033.304
267074.969
267116.634
267158.299
267199.965
267241.630
267283.297
267324.962
267366.628
267408.293
267449.958
267491.625
267533.290
267574.955
267616.624
267658.285
267699.950
267741.615
267783.280
267824.946
267866.611
267908.276
267949.942
267991.608
268033.273
268074.938
268116.603
268158.269
268199.934
268241.600
268283.265
268324.930
268366.597
268408.262
268449.926
268491.593
268533.258
268574.922
268616.591
268658.255
268699.918
268741.584
268783.249
268824.915
268866.580
268908.245
268949.912
268991.576
269033.241
269074.907
269116.573
269158.238
269199.904
269241.570
269283.234
269324.900
269366.565
269408.231
269449.897
269491.561
269533.228
269574.893
269616.559
269658.223
269699.888
269741.555
269783.218
269824.885
269866.549
269908.217
269949.879
269991.547
270033.212
270074.878
270116.543
270158.208
270199.874
270241.539
270283.205
270324.863
270366.535
270408.193
270449.859
270491.524
270533.189
270574.860
270616.529
270658.187
270699.856
270741.524
270783.187
270824.855
270866.518
270908.185
270949.848
270991.516
271033.181
271074.847
271116.512
271158.177
271199.843
271241.508
271283.173
271324.839
271366.504
271408.169
271449.835
271491.500
271533.164
271574.831
271616.506
271658.161
271699.825
271741.491
271783.156
271824.823
271866.487
271908.154
271949.817
271991.485
272033.150
272074.815
272116.481
272158.147
272199.811
272241.477
272283.142
272324.808
272366.473
272408.138
272449.804
272491.469
272533.134
272574.798
272616.467
272658.130
272699.794
272741.459
272783.125
272824.791
272866.455
272908.122
272949.786
272991.453
273033.117
273074.782
273116.449
273158.113
273199.779
273241.443
273283.109
273324.775
273366.440
273408.106
273449.771
273491.438
273533.104
273574.767
273616.435
273658.097
273699.763
273741.429
273783.093
273824.759
273866.425
273908.090
273949.755
273991.421
274033.086
274074.751
274116.416
274158.082
274199.748
274241.412
274283.078
274324.744
274366.409
274408.074
274449.740
274491.405
274533.070
274574.737
274616.402
274658.068
274699.732
274741.398
274783.062
274824.728
274866.393
274908.060
274949.725
274991.391
275033.056
275074.720
275116.387
275158.051
275199.717
275241.382
275283.048
275324.712
275366.378
275408.043
275449.708
275491.374
275533.041
275574.705
275616.372
275658.036
275699.704
275741.360
275783.026
275824.692
275866.361
275908.028
275949.693
275991.358
276033.024
276074.689
276116.355
276158.020
276199.685
276241.350
276283.015
276324.683
276366.347
276408.012
276449.677
276491.343
276533.007
276574.674
276616.341
276658.005
276699.670
276741.334
276782.999
276824.666
276866.331
276907.997
276949.661
276991.327
277032.993
277074.658
277116.323
277157.989
277199.654
277241.319
277282.984
277324.651
277366.315
277407.982
277449.647
277491.312
277532.978
277574.642
277616.312
277657.973
277699.638
277741.303
277782.969
277824.635
277866.300
277907.965
277949.630
277991.296
278032.962
278074.628
278116.292
278157.958
278199.623
278241.289
278282.953
278324.619
278366.285
278407.951
278449.615
278491.282
278532.947
278574.611
278616.278
278657.943
278699.607
278741.274
278782.938
278824.604
278866.269
278907.936
278949.599
278991.265
279032.932
279074.596
279116.261
279157.927
279199.592
279241.257
279282.922
279324.588
279366.254
279407.919
279449.584
279491.251
279532.916
279574.580
279616.248
279657.912
279699.576
279741.243
279782.906
279824.573
279866.237
279907.903
279949.568
279991.235
280032.898
280074.567
280116.232
280157.897
280199.562
280241.228
280282.893
280324.558
280366.224
280407.889
280449.555
280491.220
280532.885
280574.550
280616.222
280657.882
280699.545
280741.210
280782.876
280824.541
280866.206
280907.874
280949.537
280991.204
281032.869
281074.532
281116.200
281157.865
281199.529
281241.196
281282.861
281324.527
281366.191
281407.857
281449.522
281491.188
281532.853
281574.517
281616.186
281657.849
281699.514
281741.179
281782.844
281824.510
281866.175
281907.841
281949.506
281991.171
282032.836
282074.502
282116.168
282157.832
282199.499
282241.164
282282.830
282324.495
282366.160
282407.826
282449.490
282491.157
282532.822
282574.486
282616.153
282657.818
282699.482
282741.148
282782.813
282824.479
282866.143
282907.810
282949.475
282991.140
283032.805
283074.470
283116.136
283157.801
283199.466
283241.132
283282.797
283324.464
283366.128
283407.795
283449.459
283491.126
283532.791
283574.456
283616.125
283657.786
283699.451
283741.118
283782.782
283824.448
283866.113
283907.778
283949.443
283991.110
284032.774
284074.440
284116.105
284157.771
284199.434
284241.100
284282.766
284324.433
284366.098
284407.764
284449.428
284491.095
284532.759
284574.425
284616.092
284657.756
284699.420
284741.087
284782.751
284824.417
284866.081
284907.747
284949.412
284991.079
285032.744
285074.410
285116.074
285157.740
285199.406
285241.069
285282.735
285324.403
285366.069
285407.733
285449.398
285491.064
285532.729
285574.393
285616.061
285657.726
285699.389
285741.055
285782.720
285824.386
285866.051
285907.717
285949.380
285991.048
286032.713
286074.379
286116.043
286157.710
286199.374
286241.040
286282.704
286324.369
286366.036
286407.702
286449.366
286491.031
286532.697
286574.362
286616.029
286657.694
286699.358
286741.023
286782.689
286824.355
286866.019
286907.687
286949.350
286991.017
287032.682
287074.348
287116.013
287157.679
287199.343
287241.009
287282.674
287324.337
287366.004
287407.671
287449.336
287491.001
287532.666
287574.331
287615.999
287657.663
287699.326
287740.992
287782.657
287824.324
287865.987
287907.654
287949.319
287990.986
288032.650
288074.316
288115.982
288157.646
288199.312
288240.977
288282.642
288324.308
288365.973
288407.637
288449.305
288490.974
288532.633
288574.300
288615.970
288657.631
288699.295
288740.962
288782.626
288824.291
288865.957
288907.623
288949.288
288990.953
289032.618
289074.284
289115.949
289157.616
289199.280
289240.945
289282.611
289324.276
289365.942
289407.607
289449.272
289490.939
289532.604
289574.268
289615.935
289657.600
289699.265
289740.930
289782.595
289824.261
289865.925
289907.591
289949.256
289990.921
290032.588
290074.253
290115.918
290157.584
290199.248
290240.914
290282.580
290324.246
290365.911
290407.577
290449.243
290490.908
290532.573
290574.239
290615.906
290657.568
290699.233
290740.898
290782.564
290824.230
290865.894
290907.562
290949.224
290990.892
291032.557
291074.223
291115.888
291157.555
291199.218
291240.883
291282.549
291324.216
291365.880
291407.545
291449.211
291490.877
291532.542
291574.206
291615.874
291657.537
291699.202
291740.867
291782.532
291824.199
291865.863
291907.531
291949.194
291990.860
292032.526
292074.191
292115.857
292157.523
292199.188
292240.853
292282.518
292324.183
292365.849
292407.514
292449.180
292490.845
292532.511
292574.176
292615.842
292657.507
292699.171
292740.836
292782.501
292824.167
292865.832
292907.499
292949.163
292990.830
293032.496
293074.160
293115.826
293157.491
293199.156
293240.822
293282.487
293324.153
293365.818
293407.484
293449.149
293490.815
293532.480
293574.145
293615.813
293657.475
293699.141
293740.805
293782.470
293824.139
293865.801
293907.468
293949.131
293990.797
294032.463
294074.129
294115.795
294157.460
294199.125
294240.790
294282.456
294324.120
294365.786
294407.452
294449.118
294490.783
294532.448
294574.114
294615.780
294657.445
294699.108
294740.775
294782.439
294824.104
294865.770
294907.437
294949.101
294990.767
295032.433
295074.098
295115.764
295157.430
295199.094
295240.760
295282.425
295324.088
295365.755
295407.420
295449.086
295490.752
295532.418
295574.083
295615.748
295657.413
295699.078
295740.744
295782.408
295824.074
295865.739
295907.407
295949.070
295990.736
296032.401
296074.067
296115.732
296157.397
296199.062
296240.727
296282.393
296324.058
296365.724
296407.389
296449.054
296490.722
296532.387
296574.051
296615.719
296657.382
296699.046
296740.711
296782.377
296824.042
296865.708
296907.375
296949.038
296990.703
297032.370
297074.036
297115.701
297157.367
297199.033
297240.697
297282.363
297324.025
297365.691
297407.359
297449.023
297490.689
297532.355
297574.019
297615.688
297657.351
297699.015
297740.681
297782.346
297824.005
297865.676
297907.342
297949.006
297990.672
298032.339
298074.004
298115.668
298157.331
298198.994
298240.664
298282.326
298323.995
298365.662
298407.322
298448.992
298490.659
298532.324
298573.988
298615.656
298657.320
298698.985
298740.649
298782.314
298823.980
298865.645
298907.312
298948.976
298990.641
299032.308
299073.973
299115.637
299157.302
299198.969
299240.635
299282.299
299323.966
299365.631
299407.295
299448.961
299490.628
299532.293
299573.957
299615.624
299657.289
299698.953
299740.617
299782.284
299823.948
299865.614
299907.280
299948.945
299990.611
300032.277
300073.942
300115.606
300157.271
300198.937
300240.602
300282.269
300323.933
300365.598
300407.264
300448.930
300490.596
300532.262
300573.926
300615.593
300657.257
300698.922
300740.588
300782.252
300823.917
300865.583
300907.250
300948.914
300990.579
301032.246
301073.910
301115.575
301157.241
301198.905
301240.572
301282.237
301323.903
301365.568
301407.232
301448.898
301490.563
301532.230
301573.894
301615.561
301657.226
301698.891
301740.556
301782.222
301823.887
301865.552
301907.217
301948.883
301990.548
302032.216
302073.881
302115.545
302157.210
302198.876
302240.540
302282.205
302323.872
302365.537
302407.202
302448.868
302490.534
302532.199
302573.865
302615.531
302657.196
302698.859
302740.525
302782.190
302823.855
302865.521
302907.186
302948.852
302990.519
303032.183
303073.848
303115.514
303157.179
303198.844
303240.510
303282.174
303323.839
303365.507
303407.171
303448.838
303490.503
303532.168
303573.835
303615.500
303657.165
303698.828
303740.493
303782.158
303823.824
303865.489
303907.155
303948.815
303990.487
304032.152
304073.817
304115.482
304157.147
304198.813
304240.479
304282.144
304323.808
304365.474
304407.141
304448.806
304490.472
304532.137
304573.803
304615.469
304657.132
304698.797
304740.463
304782.128
304823.793
304865.458
304907.124
304948.791
304990.456
305032.122
305073.787
305115.453
305157.117
305198.782
305240.448
305282.114
305323.779
305365.444
305407.108
305448.776
305490.440
305532.106
305573.771
305615.437
305657.100
305698.766
305740.431
305782.097
305823.762
305865.427
305907.093
305948.760
305990.425
306032.091
306073.756
306115.421
306157.086
306198.751
306240.416
306282.082
306323.748
306365.414
306407.079
306448.744
306490.410
306532.075
306573.741
306615.407
306657.071
306698.734
306740.402
306782.065
306823.732
306865.396
306907.063
306948.729
306990.394
307032.060
307073.725
307115.390
307157.056
307198.721
307240.386
307282.052
307323.718
307365.383
307407.048
307448.713
307490.379
307532.044
307573.710
307615.380
307657.039
307698.703
307740.369
307782.035
307823.706
307865.365
307907.030
307948.696
307990.361
308032.028
308073.692
308115.358
308157.024
308198.688
308240.355
308282.021
308323.686
308365.351
308407.016
308448.681
308490.347
308532.013
308573.677
308615.347
308657.008
308698.672
308740.338
308782.003
308823.668
308865.333
308907.001
308948.665
308990.330
309031.996
309073.661
309115.326
309156.993
309198.657
309240.322
309281.987
309323.653
309365.319
309406.984
309448.650
309490.316
309531.980
309573.646
309615.312
309656.978
309698.641
309740.308
309781.971
309823.639
309865.303
309906.970
309948.635
309990.301
310031.966
310073.631
310115.297
310156.962
310198.627
310240.293
310281.958
310323.624
310365.289
310406.954
310448.620
310490.285
310531.951
310573.616
310615.285
310656.947
310698.610
310740.278
310781.941
310823.608
310865.271
310906.939
310948.604
310990.269
311031.935
311073.600
311115.266
311156.930
311198.596
311240.262
311281.928
311323.593
311365.258
311406.923
311448.589
311490.254
311531.919
311573.585
311615.249
311656.915
311698.579
311740.246
311781.909
311823.577
311865.240
311906.908
311948.573
311990.239
312031.904
312073.569
312115.235
312156.900
312198.565
312240.230
312281.896
312323.561
312365.227
312406.892
312448.557
312490.224
312531.889
312573.554
312615.219
312656.884
312698.547
312740.215
312781.878
312823.546
312865.209
312906.876
312948.542
312990.207
313031.873
313073.538
313115.203
313156.868
313198.535
313240.200
313281.865
313323.530
313365.196
313406.861
313448.527
313490.192
313531.858
313573.523
313615.188
313656.853
313698.517
313740.184
313781.848
313823.514
313865.178
313906.845
313948.511
313990.176
314031.842
314073.507
314115.172
314156.837
314198.501
314240.166
314281.833
314323.498
314365.164
314406.829
314448.494
314490.160
314531.826
314573.491
314615.158
314656.821
314698.486
314740.151
314781.817
314823.483
314865.147
314906.814
314948.478
314990.145
315031.811
315073.475
315115.141
315156.806
315198.470
315240.136
315281.801
315323.466
315365.133
315406.798
315448.463
315490.130
315531.795
315573.460
315615.125
315656.792
315698.454
315740.119
315781.785
315823.452
315865.116
315906.784
315948.449
315990.112
316031.780
316073.444
316115.108
316156.776
316198.439
316240.105
316281.770
316323.435
316365.101
316406.766
316448.432
316490.098
316531.762
316573.429
316615.097
316656.759
316698.423
316740.090
316781.754
316823.421
316865.085
316906.751
316948.415
316990.082
317031.745
317073.414
317115.087
317156.743
317198.408
317240.073
317281.738
317323.405
317365.071
317406.735
317448.400
317490.066
317531.733
317573.404
317615.062
317656.728
317698.392
317740.058
317781.724
317823.389
317865.053
317906.720
317948.385
317990.051
318031.723
318073.382
318115.046
318156.712
318198.378
318240.043
318281.707
318323.374
318365.039
318406.704
318448.369
318490.047
318531.703
318573.365
318615.033
318656.698
318698.362
318740.027
318781.692
318823.359
318865.023
318906.689
318948.354
318990.020
319031.684
319073.349
319115.014
319156.680
319198.345
319240.010
319281.677
319323.343
319365.007
319406.672
319448.338
319490.005
319531.670
319573.333
319615.003
319656.666
319698.330
319739.996
319781.660
319823.326
319864.991
319906.657
319948.322
319989.988
320031.654
320073.319
320114.984
320156.649
320198.315
320239.980
320281.645
320323.310
320364.976
320406.641
320448.307
320489.972
320531.638
320573.303
320614.969
320656.634
320698.299
320739.965
320781.629
320823.295
320864.960
320906.626
320948.290
320989.957
321031.622
321073.288
321114.954
321156.618
321198.283
321239.948
321281.614
321323.280
321364.945
321406.610
321448.276
321489.942
321531.607
321573.273
321614.940
321656.603
321698.268
321739.932
321781.598
321823.264
321864.929
321906.596
321948.260
321989.927
322031.592
322073.258
322114.923
322156.589
322198.254
322239.919
322281.585
322323.250
322364.914
322406.580
322448.246
322489.912
322531.577
322573.242
322614.907
322656.573
322698.237
322739.904
322781.567
322823.234
322864.898
322906.565
322948.228
322989.896
323031.561
323073.227
323114.892
323156.557
323198.222
323239.888
323281.554
323323.219
323364.884
323406.549
323448.215
323489.881
323531.545
323573.211
323614.878
323656.542
323698.205
323739.871
323781.536
323823.203
323864.866
323906.534
323948.197
323989.863
324031.529
324073.189
324114.860
324156.519
324198.184
324239.854
324281.520
324323.180
324364.846
324406.516
324448.182
324489.848
324531.513
324573.178
324614.845
324656.511
324698.173
324739.841
324781.505
324823.172
324864.836
324906.504
324948.167
324989.834
325031.499
325073.165
325114.830
325156.495
325198.161
325239.826
325281.491
325323.157
325364.820
325406.487
325448.153
325489.818
325531.483
325573.149
325614.814
325656.479
325698.142
325739.809
325781.473
325823.138
325864.804
325906.471
325948.135
325989.801
326031.467
326073.132
326114.797
326156.463
326198.128
326239.793
326281.459
326323.124
326364.789
326406.455
326448.120
326489.786
326531.451
326573.116
326614.784
326656.448
326698.112
326739.777
326781.443
326823.109
326864.774
326906.440
326948.106
326989.771
327031.437
327073.103
327114.768
327156.433
327198.099
327239.764
327281.429
327323.095
327364.758
327406.425
327448.091
327489.756
327531.421
327573.086
327614.752
327656.416
327698.081
327739.746
327781.412
327823.080
327864.743
327906.408
327948.075
327989.740
328031.405
328073.071
328114.734
328156.402
328198.067
328239.733
328281.398
328323.063
328364.727
328406.394
328448.060
328489.725
328531.390
328573.056
328614.720
328656.384
328698.050
328739.715
328781.380
328823.046
328864.711
328906.376
328948.044
328989.709
329031.375
329073.040
329114.705
329156.371
329198.036
329239.702
329281.367
329323.033
329364.696
329406.362
329448.022
329489.688
329531.352
329573.017
329614.686
329656.348
329698.019
329739.684
329781.349
329823.014
329864.680
329906.347
329948.013
329989.679
330031.344
330073.009
330114.675
330156.340
330198.003
330239.670
330281.336
330323.001
330364.665
330406.332
330447.997
330489.663
330531.328
330572.994
330614.659
330656.324
330697.988
330739.653
330781.318
330822.983
330864.649
330906.317
330947.982
330989.647
331031.313
331072.978
331114.643
331156.309
331197.974
331239.638
331281.304
331322.970
331364.634
331406.301
331447.966
331489.632
331531.297
331572.962
331614.630
331656.293
331697.957
331739.623
331781.287
331822.954
331864.618
331906.285
331947.949
331989.615
332031.280
332072.946
332114.611
332156.277
332197.941
332239.607
332281.271
332322.937
332364.602
332406.268
332447.934
332489.599
332531.266
332572.931
332614.603
332656.260
332697.926
332739.591
332781.256
332822.923
332864.588
332906.254
332947.920
332989.585
333031.250
333072.915
333114.580
333156.246
333197.911
333239.576
333281.243
333322.906
333364.571
333406.238
333447.904
333489.569
333531.235
333572.900
333614.566
333656.231
333697.894
333739.560
333781.225
333822.891
333864.550
333906.223
333947.888
333989.554
334031.220
334072.885
334114.550
334156.216
334197.881
334239.545
334281.212
334322.877
334364.540
334406.207
334447.871
334489.539
334531.203
334572.868
334614.534
334656.200
334697.863
334739.529
334781.193
334822.859
334864.525
334906.191
334947.856
334989.523
335031.188
335072.853
335114.519
335156.184
335197.850
335239.514
335281.181
335322.846
335364.511
335406.176
335447.841
335489.507
335531.173
335572.837
335614.503
335656.168
335697.832
335739.499
335781.162
335822.830
335864.493
335906.162
335947.826
335989.491
336031.155
336072.821
336114.485
336156.152
336197.817
336239.483
336281.149
336322.813
336364.479
336406.144
336447.808
336489.476
336531.142
336572.806
336614.475
336656.137
336697.801
336739.467
336781.132
336822.798
336864.463
336906.129
336947.796
336989.461
337031.126
337072.791
337114.457
337156.122
337197.787
337239.453
337281.119
337322.784
337364.449
337406.115
337447.779
337489.445
337531.111
337572.775
337614.445
337656.107
337697.770
337739.435
337781.100
337822.766
337864.432
337906.097
337947.762
337989.428
338031.094
338072.774
338114.425
338156.091
338197.757
338239.422
338281.087
338322.752
338364.418
338406.084
338447.749
338489.414
338531.080
338572.744
338614.412
338656.075
338697.738
338739.404
338781.070
338822.735
338864.400
338906.068
338947.731
338989.399
339031.064
339072.729
339114.394
339156.060
339197.725
339239.390
339281.056
339322.722
339364.386
339406.052
339447.717
339489.382
339531.048
339572.713
339614.381
339656.044
339697.708
339739.373
339781.038
339822.704
339864.369
339906.034
339947.700
339989.367
340031.031
340072.695
340114.362
340156.028
340197.693
340239.358
340281.024
340322.690
340364.354
340406.019
340447.684
340489.350
340531.016
340572.680
340614.348
340656.013
340697.676
340739.342
340781.008
340822.672
340864.339
340906.005
340947.669
340989.335
341030.999
341072.666
341114.330
341155.996
341197.662
341239.328
341280.992
341322.658
341364.323
341405.988
341447.654
341489.319
341530.985
341572.651
341614.320
341655.982
341697.645
341739.311
341780.976
341822.642
341864.307
341905.972
341947.638
341989.305
342030.969
342072.635
342114.301
342155.965
342197.630
342239.297
342280.961
342322.627
342364.292
342405.958
342447.623
342489.289
342530.954
342572.619
342614.281
342655.950
342697.616
342739.281
342780.945
342822.610
342864.275
342905.942
342947.606
342989.273
343030.939
343072.603
343114.268
343155.934
343197.599
343239.265
343280.931
343322.597
343364.262
343405.928
343447.592
343489.257
343530.922
343572.589
343614.256
343655.921
343697.578
343739.250
343780.908
343822.580
343864.245
343905.910
343947.575
343989.242
344030.907
344072.572
344114.237
344155.904
344197.569
344239.234
344280.899
344322.565
344364.231
344405.896
344447.562
344489.227
344530.892
344572.557
344614.252
344655.889
344697.557
344739.217
344780.880
344822.550
344864.209
344905.881
344947.539
344989.211
345030.876
345072.541
345114.206
345155.872
345197.538
345239.203
345280.868
345322.532
345364.199
345405.865
345447.530
345489.196
345530.861
345572.526
345614.210
345655.857
345697.524
345739.188
345780.847
345822.516
345864.177
345905.849
345947.508
345989.180
346030.846
346072.511
346114.176
346155.842
346197.506
346239.172
346280.838
346322.502
346364.167
346405.833
346447.497
346489.165
346530.829
346572.495
346614.195
346655.826
346697.496
346739.156
346780.819
346822.488
346864.146
346905.818
346947.477
346989.148
347030.813
347072.480
347114.146
347155.811
347197.476
347239.142
347280.807
347322.472
347364.138
347405.802
347447.468
347489.134
347530.799
347572.465
347614.138
347655.795
347697.461
347739.126
347780.792
347822.457
347864.122
347905.788
347947.453
347989.119
348030.784
348072.449
348114.114
348155.781
348197.445
348239.111
348280.776
348322.442
348364.107
348405.772
348447.437
348489.103
348530.770
348572.434
348614.107
348655.764
348697.430
348739.096
348780.761
348822.427
348864.092
348905.757
348947.423
348989.089
349030.753
349072.418
349114.084
349155.750
349197.414
349239.080
349280.745
349322.410
349364.076
349405.741
349447.424
349489.072
349530.737
349572.402
349614.075
349655.734
349697.399
349739.062
349780.729
349822.393
349864.060
349905.727
349947.389
349989.054
350030.720
350072.386
350114.052
350155.717
350197.377
350239.041
350280.706
350322.377
350364.038
350405.708
350447.368
350489.034
350530.705
350572.370
350614.043
350655.713
350697.368
350739.033
350780.697
350822.363
350864.028
350905.694
350947.359
350989.024
351030.689
351072.355
351114.020
351155.686
351197.351
351239.016
351280.682
351322.347
351364.012
351405.677
351447.342
351489.010
351530.674
351572.339
351614.011
351655.671
351697.335
351738.999
351780.667
351822.331
351863.995
351905.662
351947.327
351988.992
352030.656
352072.322
352113.988
352155.653
352197.319
352238.984
352280.649
352322.315
352363.981
352405.647
352447.313
352488.978
352530.644
352572.308
352613.981
352655.638
352697.304
352738.969
352780.635
352822.301
352863.966
352905.632
352947.297
352988.963
353030.627
353072.292
353113.960
353155.625
353197.290
353238.955
353280.621
353322.286
353363.951
353405.616
353447.282
353488.948
353530.613
353572.278
353613.947
353655.608
353697.274
353738.938
353780.605
353822.269
353863.935
353905.601
353947.266
353988.931
354030.597
354072.263
354113.929
354155.594
354197.259
354238.925
354280.590
354322.255
354363.921
354405.585
354447.251
354488.917
354530.582
354572.247
354613.916
354655.577
354697.243
354738.907
354780.575
354822.237
354863.904
354905.570
354947.234
354988.899
355030.565
355072.231
355113.896
355155.562
355197.226
355238.892
355280.557
355322.222
355363.889
355405.554
355447.220
355488.885
355530.550
355572.217
355613.887
355655.545
355697.212
355738.876
355780.543
355822.206
355863.874
355905.538
355947.205
355988.870
356030.535
356072.203
356113.866
356155.531
356197.197
356238.862
356280.527
356322.193
356363.859
356405.523
356447.189
356488.854
356530.519
356572.184
356613.858
356655.516
356697.181
356738.846
356780.512
356822.177
356863.842
356905.508
356947.173
356988.839
357030.504
357072.170
357113.835
357155.501
357197.166
357238.831
357280.496
357322.162
357363.827
357405.492
357447.158
357488.823
357530.487
357572.154
357613.826
357655.483
357697.149
357738.814
357780.481
357822.144
357863.810
357905.475
357947.141
357988.806
358030.472
358072.138
358113.804
358155.468
358197.134
358238.800
358280.465
358322.128
358363.795
358405.461
358447.127
358488.792
358530.457
358572.123
358613.793
358655.455
358697.119
358738.783
358780.450
358822.113
358863.780
358905.446
358947.111
358988.776
359030.441
359072.109
359113.772
359155.437
359197.103
359238.768
359280.434
359322.100
359363.763
359405.430
359447.095
359488.761
359530.426
359572.091
359613.761
359655.423
359697.088
359738.752
359780.419
359822.082
359863.749
359905.415
359947.079
359988.745
360030.410
360072.076
360113.742
360155.407
360197.072
360238.737
360280.402
360322.067
360363.734
360405.399
360447.063
360488.729
360530.394
360572.060
360613.732
360655.390
360697.056
360738.720
360780.388
360822.051
360863.717
360905.383
360947.047
360988.713
361030.378
361072.046
361113.710
361155.375
361197.040
361238.706
361280.372
361322.036
361363.702
361405.367
361447.031
361488.699
361530.364
361572.030
361613.701
361655.359
361697.025
361738.690
361780.355
361822.019
361863.685
361905.351
361947.016
361988.683
362030.347
362072.014
362113.678
362155.343
362197.010
362238.674
362280.339
362322.006
362363.669
362405.336
362447.001
362488.666
362530.332
362571.998
362613.670
362655.327
362696.994
362738.659
362780.325
362821.990
362863.655
362905.320
362946.987
362988.652
363030.318
363071.983
363113.647
363155.312
363196.978
363238.642
363280.308
363321.974
363363.639
363405.304
363446.969
363488.637
363530.302
363571.965
363613.638
363655.297
363696.963
363738.628
363780.295
363821.957
363863.623
363905.289
363946.954
363988.620
364030.285
364071.950
364113.616
364155.283
364196.947
364238.612
364280.277
364321.944
364363.610
364405.275
364446.941
364488.606
364530.271
364571.937
364613.610
364655.266
364696.933
364738.596
364780.264
364821.927
364863.593
364905.260
364946.924
364988.590
365030.255
365071.920
365113.586
365155.251
365196.917
365238.583
365280.247
365321.913
365363.578
365405.242
365446.909
365488.574
365530.239
365571.905
365613.576
365655.235
365696.902
365738.565
365780.233
365821.896
365863.563
365905.229
365946.894
365988.559
366030.225
366071.890
366113.556
366155.221
366196.886
366238.552
366280.217
366321.882
366363.547
366405.211
366446.879
366488.544
366530.209
366571.874
366613.543
366655.204
366696.871
366738.534
366780.202
366821.865
366863.532
366905.195
366946.863
366988.528
367030.193
367071.860
367113.524
367155.190
367196.855
367238.520
367280.185
367321.851
367363.516
367405.180
367446.846
367488.512
367530.176
367571.842
367613.514
367655.174
367696.839
367738.504
367780.170
367821.834
367863.501
367905.165
367946.831
367988.497
368030.162
368071.827
368113.492
368155.158
368196.824
368238.488
368280.154
368321.819
368363.484
368405.149
368446.816
368488.481
368530.145
368571.810
368613.484
368655.141
368696.807
368738.472
368780.138
368821.803
368863.470
368905.134
368946.801
368988.466
369030.131
369071.799
369113.463
369155.128
369196.797
369238.463
369280.127
369321.795
369363.457
369405.121
369446.790
369488.452
369530.116
369571.781
369613.453
369655.112
369696.777
369738.447
369780.111
369821.776
369863.439
369905.122
369946.770
369988.436
370030.101
370071.766
370113.431
370155.096
370196.762
370238.427
370280.093
370321.758
370363.425
370405.087
370446.754
370488.420
370530.085
370571.750
370613.422
370655.080
370696.746
370738.410
370780.077
370821.740
370863.407
370905.073
370946.736
370988.403
371030.063
371071.733
371113.403
371155.065
371196.737
371238.400
371280.069
371321.727
371363.392
371405.057
371446.722
371488.389
371530.055
371571.719
371613.389
371655.049
371696.716
371738.379
371780.051
371821.717
371863.382
371905.046
371946.709
371988.372
372030.038
372071.703
372113.369
372155.035
372196.700
372238.365
372280.030
372321.696
372363.362
372405.027
372446.692
372488.358
372530.022
372571.696
372613.363
372655.019
372696.684
372738.348
372780.014
372821.679
372863.344
372905.010
372946.675
372988.341
373030.007
373071.673
373113.338
373155.004
373196.669
373238.334
373280.000
373321.665
373363.331
373404.996
373446.661
373488.326
373529.990
373571.654
373613.328
373654.987
373696.652
373738.317
373779.983
373821.648
373863.313
373904.980
373946.646
373988.310
374029.975
374071.640
374113.306
374154.971
374196.639
374238.309
374279.987
374321.640
374363.304
374404.964
374446.629
374488.294
374529.959
