0.000
41.661
83.321
124.981
166.640
208.300
249.959
291.620
333.278
374.938
416.598
458.259
499.918
541.580
583.238
624.898
666.558
708.216
749.878
791.538
833.198
874.858
916.518
958.176
999.836
1041.497
1083.154
1124.817
1166.477
1208.136
1249.795
1291.457
1333.115
1374.775
1416.434
1458.094
1499.755
1541.415
1583.076
1624.735
1666.395
1708.054
1749.713
1791.371
1833.040
1874.691
1916.351
1958.012
1999.672
2041.334
2082.991
2124.653
2166.310
2207.970
2249.629
2291.291
2332.950
2374.609
2416.269
2457.931
2499.589
2541.251
2582.908
2624.568
2666.229
2707.890
2749.548
2791.207
2832.867
2874.529
2916.188
2957.848
2999.506
3041.167
3082.827
3124.487
3166.146
3207.808
3249.468
3291.127
3332.785
3374.445
3416.106
3457.767
3499.426
3541.085
3582.746
3624.404
3666.066
3707.726
3749.385
3791.043
3832.706
3874.364
3916.024
3957.684
3999.346
4041.003
4082.665
4124.321
4165.982
4207.643
4249.302
4290.961
4332.623
4374.281
4415.941
4457.603
4499.262
4540.921
4582.582
4624.242
4665.901
4707.560
4749.221
4790.881
4832.539
4874.199
4915.861
4957.520
4999.179
5040.840
5082.500
5124.159
5165.817
5207.479
5249.136
5290.800
5332.461
5374.118
5415.779
5457.438
5499.098
5540.756
5582.416
5624.076
5665.735
5707.395
5749.056
5790.715
5832.377
5874.035
5915.695
5957.354
5999.016
6040.674
6082.334
6123.994
6165.656
6207.312
6248.976
6290.633
6332.294
6373.953
6415.613
6457.272
6498.934
6540.591
6582.251
6623.911
6665.570
6707.233
6748.892
6790.553
6832.213
6873.870
6915.531
6957.191
6998.850
7040.511
7082.171
7123.831
7165.490
7207.148
7248.811
7290.471
7332.131
7373.788
7415.450
7457.110
7498.768
7540.429
7582.087
7623.749
7665.408
7707.069
7748.730
7790.389
7832.047
7873.706
7915.368
7957.026
7998.687
8040.346
8082.006
8123.666
8165.328
8206.984
8248.646
8290.304
8331.964
8373.624
8415.284
8456.944
8498.605
8540.263
8581.924
8623.585
8665.244
8706.904
8748.564
8790.224
8831.884
8873.542
8915.204
8956.862
8998.523
9040.182
9081.842
9123.501
9165.162
9206.821
9248.482
9290.141
9331.802
9373.461
9415.121
9456.779
9498.440
9540.101
9581.763
9623.420
9665.079
9706.739
9748.400
9790.059
9831.720
9873.378
9915.039
9956.698
9998.358
10040.018
10081.678
10123.338
10164.996
10206.658
10248.319
10289.977
10331.638
10373.297
10414.957
10456.616
10498.276
10539.936
10581.596
10623.256
10664.916
10706.576
10748.236
10789.895
10831.556
10873.214
10914.875
10956.534
10998.195
11039.853
11081.514
11123.174
11164.834
11206.492
11248.154
11289.812
11331.471
11373.132
11414.793
11456.451
11498.113
11539.772
11581.432
11623.091
11664.753
11706.410
11748.071
11789.731
11831.389
11873.052
11914.711
11956.371
11998.030
12039.691
12081.351
12123.009
12164.670
12206.330
12247.989
12289.650
12331.308
12372.969
12414.628
12456.288
12497.948
12539.607
12581.268
12622.927
12664.588
12706.247
12747.907
12789.567
12831.226
12872.887
12914.545
12956.206
12997.865
13039.525
13081.185
13122.845
13164.505
13206.165
13247.825
13289.488
13331.144
13372.806
13414.464
13456.123
13497.783
13539.445
13581.105
13622.764
13664.422
13706.083
13747.745
13789.403
13831.064
13872.722
13914.383
13956.042
13997.701
14039.363
14081.022
14122.681
14164.341
14206.002
14247.659
14289.322
14330.980
14372.642
14414.299
14455.959
14497.621
14539.280
14580.938
14622.600
14664.260
14705.918
14747.580
14789.241
14830.900
14872.558
14914.218
14955.879
14997.540
15039.199
15080.857
15122.518
15164.178
15205.837
15247.499
15289.156
15330.818
15372.477
15414.136
15455.796
15497.457
15539.117
15580.777
15622.436
15664.097
15705.756
15747.413
15789.076
15830.735
15872.394
15914.056
15955.714
15997.376
16039.033
16080.693
16122.352
16164.013
16205.674
16247.335
16288.996
16330.654
16372.312
16413.972
16455.631
16497.292
16538.952
16580.611
16622.271
16663.931
16705.592
16747.250
16788.911
16830.573
16872.231
16913.892
16955.550
16997.210
17038.870
17080.529
17122.189
17163.848
17205.508
17247.169
17288.829
17330.490
17372.149
17413.808
17455.469
17497.129
17538.788
17580.448
17622.108
17663.769
17705.427
17747.088
17788.746
17830.405
17872.065
17913.727
17955.385
17997.046
18038.707
18080.368
18122.027
18163.685
18205.344
18247.006
18288.664
18330.324
18371.985
18413.645
18455.304
18496.964
18538.625
18580.283
18621.944
18663.604
18705.263
18746.925
18788.584
18830.242
18871.903
18913.563
18955.222
18996.882
19038.541
19080.202
19121.861
19163.524
19205.181
19246.841
19288.502
19330.161
19371.822
19413.480
19455.141
19496.800
19538.460
19580.121
19621.780
19663.441
19705.101
19746.760
19788.420
19830.080
19871.738
19913.400
19955.058
19996.721
20038.379
20080.037
20121.697
20163.359
20205.017
20246.679
20288.338
20329.997
20371.656
20413.316
20454.977
20496.639
20538.298
20579.958
20621.618
20663.276
20704.937
20746.595
20788.258
20829.914
20871.574
20913.235
20954.897
20996.555
21038.215
21079.875
21121.536
21163.194
21204.855
21246.513
21288.175
21329.833
21371.495
21413.154
21454.814
21496.472
21538.133
21579.793
21621.452
21663.114
21704.773
21746.433
21788.091
21829.752
21871.412
21913.071
21954.730
21996.392
22038.052
22079.711
22121.372
22163.029
22204.692
22246.350
22288.012
22329.672
22371.330
22412.991
22454.649
22496.310
22537.970
22579.628
22621.290
22662.950
22704.619
22746.271
22787.930
22829.588
22871.250
22912.909
22954.569
22996.228
23037.888
23079.546
23121.207
23162.878
23204.528
23246.187
23287.847
23329.507
23371.168
23412.827
23454.486
23496.147
23537.807
23579.466
23621.127
23662.786
23704.446
23746.106
23787.765
23829.424
23871.084
23912.745
23954.405
23996.064
24037.724
24079.384
24121.043
24162.703
24204.363
24246.023
24287.683
24329.344
24371.003
24412.661
24454.323
24495.989
24537.643
24579.302
24620.963
24662.619
24704.282
24745.941
24787.602
24829.262
24870.922
24912.582
24954.241
24995.899
25037.560
25079.219
25120.880
25162.538
25204.200
25245.858
25287.520
25329.180
25370.838
25412.500
25454.160
25495.821
25537.478
25579.136
25620.800
25662.457
25704.118
25745.778
25787.438
25829.096
25870.756
25912.418
25954.076
25995.736
26037.396
26079.057
26120.717
26162.375
26204.037
26245.696
26287.357
26329.014
26370.676
26412.335
26453.997
26495.656
26537.315
26578.977
26620.637
26662.298
26703.954
26745.613
26787.275
26828.934
26870.593
26912.254
26953.913
26995.574
27037.232
27078.892
27120.552
27162.213
27203.872
27245.532
27287.193
27328.853
27370.512
27412.174
27453.838
27495.492
27537.151
27578.810
27620.471
27662.132
27703.792
27745.450
27787.111
27828.770
27870.431
27912.091
27953.750
27995.410
28037.070
28078.730
28120.388
28162.048
28203.711
28245.368
28287.029
28328.691
28370.350
28412.008
28453.669
28495.329
28536.988
28578.648
28620.307
28661.969
28703.629
28745.288
28786.948
28828.608
28870.267
28911.926
28953.589
28995.248
29036.905
29078.565
29120.227
29161.885
29203.545
29245.204
29286.867
29328.526
29370.186
29411.846
29453.505
29495.164
29536.823
29578.486
29620.143
29661.805
29703.465
29745.125
29786.784
29828.442
29870.104
29911.763
29953.423
29995.082
30036.743
30078.402
30120.063
30161.723
30203.381
30245.042
30286.701
30328.362
30370.020
30411.681
30453.342
30495.003
30536.663
30578.322
30619.982
30661.640
30703.301
30744.960
30786.620
30828.279
30869.940
30911.599
30953.261
30994.919
31036.579
31078.240
31119.901
31161.559
31203.219
31244.878
31286.539
31328.197
31369.857
31411.518
31453.178
31494.838
31536.496
31578.157
31619.816
31661.476
31703.138
31744.797
31786.456
31828.116
31869.777
31911.435
31953.096
31994.756
32036.417
32078.076
32119.736
32161.395
32203.056
32244.717
32286.375
32328.035
32369.694
32411.354
32453.014
32494.675
32536.334
32577.993
32619.654
32661.315
32702.974
32744.634
32786.291
32827.953
32869.615
32911.272
32952.932
32994.593
33036.252
33077.913
33119.573
33161.233
33202.892
33244.553
33286.212
33327.871
33369.531
33411.191
33452.853
33494.510
33536.172
33577.832
33619.492
33661.150
33702.810
33744.469
33786.132
33827.789
33869.451
33911.109
33952.770
33994.429
34036.088
34077.749
34119.409
34161.069
34202.728
34244.390
34286.049
34327.708
34369.367
34411.027
34452.689
34494.349
34536.007
34577.670
34619.328
34660.987
34702.646
34744.308
34785.967
34827.626
34869.287
34910.946
34952.608
34994.267
35035.927
35077.585
35119.245
35160.907
35202.564
35244.226
35285.883
35327.547
35369.204
35410.865
35452.526
35494.183
35535.846
35577.503
35619.165
35660.825
35702.483
35744.145
35785.803
35827.464
35869.125
35910.786
35952.443
35994.102
36035.764
36077.423
36119.083
36160.744
36202.401
36244.063
36285.724
36327.381
36369.043
36410.702
36452.360
36494.021
36535.682
36577.340
36619.000
36660.660
36702.321
36743.979
36785.640
36827.299
36868.960
36910.621
36952.280
36993.940
37035.598
37077.259
37118.920
37160.579
37202.240
37243.900
37285.558
37327.219
37368.878
37410.538
37452.199
37493.858
37535.518
37577.176
37618.838
37660.502
37702.156
37743.818
37785.477
37827.136
37868.802
37910.456
37952.118
37993.776
38035.437
38077.096
38118.757
38160.414
38202.078
38243.736
38285.395
38327.055
38368.717
38410.373
38452.036
38493.694
38535.368
38577.015
38618.673
38660.336
38701.994
38743.655
38785.313
38826.973
38868.635
38910.294
38951.953
38993.615
39035.272
39076.932
39118.592
39160.253
39201.914
39243.571
39285.232
39326.892
39368.553
39410.213
39451.873
39493.533
39535.191
39576.853
39618.510
39660.169
39701.835
39743.491
39785.151
39826.811
39868.471
39910.129
39951.790
39993.450
40035.111
40076.768
40118.430
40160.090
40201.749
40243.411
40285.070
40326.729
40368.390
40410.049
40451.709
40493.369
40535.027
40576.688
40618.347
40660.008
40701.667
40743.328
40784.987
40826.646
40868.307
40909.968
40951.629
40993.287
41034.949
41076.606
41118.267
41159.925
41201.585
41243.245
41284.907
41326.565
41368.226
41409.886
41451.545
41493.205
41534.865
41576.524
41618.187
41659.846
41701.504
41743.165
41784.824
41826.486
41868.143
41909.805
41951.464
41993.123
42034.785
42076.444
42118.102
42159.764
42201.422
42243.083
42284.744
42326.402
42368.062
42409.725
42451.381
42493.041
42534.703
42576.361
42618.021
42659.682
42701.342
42743.003
42784.662
42826.320
42867.983
42909.641
42951.300
42992.961
43034.621
43076.280
43117.942
43159.601
43201.264
43242.921
43284.581
43326.239
43367.899
43409.560
43451.220
43492.880
43534.540
43576.198
43617.859
43659.518
43701.177
43742.838
43784.498
43826.158
43867.817
43909.478
43951.137
43992.797
44034.458
44076.117
44117.779
44159.436
44201.096
44242.757
44284.419
44326.076
44367.735
44409.399
44451.056
44492.718
44534.377
44576.035
44617.695
44659.355
44701.015
44742.675
44784.334
44825.996
44867.656
44909.316
44950.974
44992.635
45034.297
45075.956
45117.615
45159.274
45200.935
45242.593
45284.255
45325.914
45367.573
45409.233
45450.895
45492.553
45534.214
45575.874
45617.534
45659.194
45700.852
45742.512
45784.173
45825.834
45867.496
45909.152
45950.812
45992.472
46034.133
46075.793
46117.454
46159.111
46200.773
46242.431
46284.091
46325.750
46367.411
46409.072
46450.730
46492.394
46534.053
46575.712
46617.371
46659.029
46700.691
46742.349
46784.010
46825.669
46867.331
46908.990
46950.649
46992.310
47033.970
47075.630
47117.290
47158.948
47200.608
47242.269
47283.930
47325.590
47367.249
47408.910
47450.567
47492.228
47533.888
47575.548
47617.209
47658.866
47700.526
47742.189
47783.846
47825.506
47867.166
47908.825
47950.487
47992.145
48033.807
48075.465
48117.127
48158.785
48200.447
48242.106
48283.765
48325.425
48367.086
48408.745
48450.404
48492.064
48533.727
48575.384
48617.045
48658.705
48700.366
48742.024
48783.685
48825.343
48867.004
48908.663
48950.324
48991.983
49033.644
49075.304
49116.964
49158.623
49200.285
49241.943
49283.604
49325.264
49366.922
49408.584
49450.242
49491.901
49533.564
49575.221
49616.881
49658.544
49700.203
49741.861
49783.522
49825.182
49866.842
49908.500
49950.165
49991.821
50033.484
50075.140
50116.803
50158.460
50200.122
50241.780
50283.441
50325.100
50366.760
50408.422
50450.079
50491.740
50533.402
50575.061
50616.721
50658.380
50700.040
50741.700
50783.359
50825.023
50866.678
50908.339
50949.999
50991.659
51033.318
51074.978
51116.638
51158.299
51199.957
51241.619
51283.279
51324.940
51366.599
51408.259
51449.919
51491.578
51533.236
51574.898
51616.556
51658.216
51699.878
51741.540
51783.197
51824.855
51866.519
51908.175
51949.839
51991.495
52033.156
52074.815
52116.476
52158.140
52199.796
52241.455
52283.114
52324.775
52366.436
52408.095
52449.754
52491.414
52533.074
52574.734
52616.396
52658.054
52699.716
52741.373
52783.036
52824.694
52866.354
52908.013
52949.673
52991.334
53032.994
53074.655
53116.314
53157.974
53199.632
53241.295
53282.954
53324.613
53366.273
53407.931
53449.594
53491.253
53532.913
53574.573
53616.234
53657.893
53699.553
53741.212
53782.872
53824.532
53866.192
53907.850
53949.510
53991.170
54032.830
54074.491
54116.152
54157.810
54199.471
54241.131
54282.790
54324.450
54366.110
54407.769
54449.430
54491.090
54532.750
54574.409
54616.071
54657.729
54699.388
54741.050
54782.709
54824.368
54866.030
54907.689
54949.350
54991.008
55032.668
55074.328
55115.989
55157.649
55199.307
55240.968
55282.628
55324.287
55365.947
55407.607
55449.269
55490.929
55532.586
55574.247
55615.909
55657.568
55699.227
55740.885
55782.548
55824.205
55865.866
55907.525
55949.186
55990.845
56032.506
56074.165
56115.826
56157.485
56199.146
56240.806
56282.467
56324.126
56365.788
56407.447
56449.107
56490.766
56532.427
56574.085
56615.744
56657.404
56699.067
56740.723
56782.383
56824.045
56865.704
56907.364
56949.026
56990.683
57032.345
57074.003
57115.663
57157.324
57198.984
57240.642
57282.303
57323.962
57365.623
57407.282
57448.943
57490.603
57532.263
57573.922
57615.583
57657.244
57698.903
57740.562
57782.223
57823.881
57865.544
57907.201
57948.861
57990.521
58032.183
58073.842
58115.501
58157.162
58198.822
58240.481
58282.141
58323.800
58365.463
58407.123
58448.782
58490.441
58532.101
58573.760
58615.419
58657.081
58698.740
58740.403
58782.060
58823.719
58865.379
58907.039
58948.700
58990.358
59032.020
59073.678
59115.340
59156.998
59198.660
59240.319
59281.980
59323.639
59365.300
59406.960
59448.618
59490.281
59531.940
59573.597
59615.259
59656.917
59698.577
59740.237
59781.899
59823.557
59865.219
59906.877
59948.538
59990.198
60031.859
60073.518
60115.178
60156.835
60198.498
60240.155
60281.816
60323.476
60365.135
60406.797
60448.456
60490.117
60531.775
60573.435
60615.096
60656.757
60698.415
60740.075
60781.734
60823.406
60865.057
60906.722
60948.375
60990.047
61031.695
61073.372
61115.014
61156.692
61198.335
61240.008
61281.654
61323.334
61364.974
61406.635
61448.296
61489.956
61531.617
61573.273
61614.934
61656.592
61698.253
61739.914
61781.575
61823.234
61864.893
61906.554
61948.213
61989.873
62031.532
62073.193
62114.852
62156.513
62198.173
62239.833
62281.491
62323.153
62364.814
62406.471
62448.133
62489.794
62531.451
62573.114
62614.773
62656.432
62698.091
62739.752
62781.412
62823.072
62864.732
62906.391
62948.051
62989.712
63031.372
63073.031
63114.689
63156.352
63198.011
63239.670
63281.330
63322.991
63364.649
63406.311
63447.971
63489.632
63531.291
63572.951
63614.611
63656.270
63697.930
63739.589
63781.253
63822.912
63864.570
63906.230
63947.889
63989.550
64031.210
64072.871
64114.529
64156.188
64197.848
64239.510
64281.168
64322.826
64364.489
64406.148
64447.811
64489.467
64531.126
64572.788
64614.447
64656.106
64697.766
64739.426
64781.088
64822.746
64864.406
64906.066
64947.729
64989.386
65031.045
65072.706
65114.367
65156.025
65197.685
65239.345
65281.006
65322.666
65364.327
65405.985
65447.647
65489.308
65530.966
65572.626
65614.286
65655.945
65697.607
65739.268
65780.927
65822.591
65864.244
65905.917
65947.566
65989.230
66030.884
66072.556
66114.205
66155.879
66197.524
66239.205
66280.845
66322.525
66364.165
66405.822
66447.484
66489.142
66530.802
66572.465
66614.124
66655.784
66697.441
66739.102
66780.764
66822.424
66864.084
66905.742
66947.404
66989.063
67030.723
67072.383
67114.046
67155.702
67197.363
67239.023
67280.683
67322.343
67364.002
67405.663
67447.321
67488.981
67530.642
67572.301
67613.961
67655.622
67697.283
67738.942
67780.600
67822.260
67863.922
67905.580
67947.241
67988.900
68030.562
68072.220
68113.882
68155.539
68197.202
68238.858
68280.521
68322.179
68363.839
68405.501
68447.159
68488.819
68530.480
68572.138
68613.800
68655.459
68697.117
68738.780
68780.439
68822.101
68863.759
68905.421
68947.077
68988.739
69030.398
69072.058
69113.720
69155.379
69197.040
69238.699
69280.357
69322.020
69363.679
69405.339
69446.998
69488.656
69530.317
69571.978
69613.637
69655.298
69696.957
69738.618
69780.281
69821.938
69863.598
69905.258
69946.919
69988.579
70030.239
70071.897
70113.556
70155.217
70196.876
70238.537
70280.197
70321.856
70363.516
70405.177
70446.836
70488.495
70530.156
70571.815
70613.476
70655.135
70696.796
70738.456
70780.117
70821.776
70863.435
70905.094
70946.752
70988.413
71030.073
71071.735
71113.394
71155.055
71196.716
71238.376
71280.034
71321.695
71363.353
71405.016
71446.676
71488.333
71529.992
71571.654
71613.314
71654.975
71696.635
71738.293
71779.952
71821.613
71863.272
71904.932
71946.595
71988.251
72029.912
72071.575
72113.232
72154.890
72196.550
72238.215
72279.873
72321.531
72363.193
72404.851
72446.512
72488.172
72529.836
72571.494
72613.153
72654.810
72696.471
72738.130
72779.790
72821.451
72863.111
72904.773
72946.432
72988.090
73029.749
73071.411
73113.070
73154.730
73196.392
73238.051
73279.710
73321.371
73363.031
73404.688
73446.351
73488.011
73529.674
73571.331
73612.988
73654.648
73696.309
73737.970
73779.630
73821.288
73862.948
73904.608
73946.267
73987.927
74029.589
74071.246
74112.907
74154.570
74196.230
74237.888
74279.548
74321.207
74362.868
74404.527
74446.189
74487.850
74529.507
74571.167
74612.828
74654.488
74696.148
74737.808
74779.467
74821.127
74862.787
74904.448
74946.107
74987.768
75029.428
75071.089
75112.749
75154.407
75196.067
75237.728
75279.387
75321.047
75362.705
75404.365
75446.027
75487.687
75529.350
75571.007
75612.667
75654.326
75695.985
75737.646
75779.306
75820.967
75862.625
75904.285
75945.947
75987.607
76029.265
76070.927
76112.587
76154.246
76195.906
76237.565
76279.223
76320.882
76362.544
76404.205
76445.864
76487.526
76529.186
76570.845
76612.503
76654.164
76695.825
76737.483
76779.144
76820.804
76862.463
76904.124
76945.781
76987.442
77029.104
77070.765
77112.423
77154.084
77195.741
77237.404
77279.063
77320.724
77362.383
77404.045
77445.704
77487.363
77529.023
77570.682
77612.339
77654.003
77695.661
77737.323
77778.981
77820.643
77862.302
77903.963
77945.621
77987.280
78028.939
78070.600
78112.264
78153.922
78195.581
78237.242
78278.899
78320.562
78362.221
78403.881
78445.540
78487.200
78528.860
78570.522
78612.181
78653.842
78695.500
78737.161
78778.819
78820.479
78862.140
78903.801
78945.460
78987.119
79028.782
79070.440
79112.101
79153.761
79195.419
79237.079
79278.738
79320.399
79362.060
79403.720
79445.383
79487.039
79528.699
79570.358
79612.018
79653.679
79695.338
79736.997
79778.658
79820.317
79861.976
79903.640
79945.298
79986.957
80028.619
80070.278
80111.938
80153.598
80195.259
80236.918
80278.575
80320.238
80361.897
80403.558
80445.219
80486.877
80528.537
80570.197
80611.858
80653.518
80695.177
80736.835
80778.496
80820.157
80861.816
80903.476
80945.136
80986.797
81028.455
81070.116
81111.776
81153.435
81195.096
81236.762
81278.415
81320.074
81361.736
81403.395
81445.056
81486.715
81528.375
81570.035
81611.695
81653.356
81695.016
81736.675
81778.334
81819.994
81861.654
81903.314
81944.978
81986.636
82028.293
82069.955
82111.613
82153.274
82194.933
82236.595
82278.254
82319.914
82361.571
82403.232
82444.894
82486.553
82528.212
82569.877
82611.533
82653.190
82694.852
82736.512
82778.172
82819.833
82861.492
82903.154
82944.811
82986.474
83028.133
83069.793
83111.452
83153.114
83194.774
83236.433
83278.091
83319.754
83361.414
83403.072
83444.732
83486.389
83528.052
83569.710
83611.371
83653.031
83694.690
83736.351
83778.009
83819.670
83861.331
83902.991
83944.650
83986.310
84027.970
84069.631
84111.291
84152.949
84194.611
84236.271
84277.928
84319.592
84361.252
84402.911
84444.570
84486.230
84527.892
84569.548
84611.211
84652.871
84694.530
84736.189
84777.848
84819.509
84861.166
84902.829
84944.489
84986.149
85027.808
85069.467
85111.130
85152.789
85194.449
85236.109
85277.769
85319.429
85361.090
85402.750
85444.409
85486.069
85527.726
85569.386
85611.047
85652.707
85694.367
85736.025
85777.687
85819.346
85861.007
85902.667
85944.326
85985.987
86027.647
86069.307
86110.966
86152.626
86194.288
86235.947
86277.606
86319.266
86360.925
86402.586
86444.247
86485.906
86527.567
86569.226
86610.886
86652.546
86694.206
86735.865
86777.526
86819.185
86860.844
86902.506
86944.164
86985.825
87027.484
87069.144
87110.805
87152.465
87194.124
87235.786
87277.444
87319.104
87360.766
87402.427
87444.084
87485.745
87527.403
87569.064
87610.724
87652.383
87694.043
87735.706
87777.366
87819.026
87860.684
87902.345
87944.003
87985.663
88027.322
88068.984
88110.642
88152.304
88193.962
88235.625
88277.283
88318.944
88360.606
88402.263
88443.921
88485.580
88527.243
88568.901
88610.562
88652.221
88693.880
88735.543
88777.200
88818.862
88860.522
88902.182
88943.840
88985.501
89027.161
89068.822
89110.480
89152.140
89193.801
89235.462
89277.119
89318.780
89360.444
89402.102
89443.763
89485.423
89527.081
89568.741
89610.399
89652.061
89693.721
89735.381
89777.041
89818.703
89860.360
89902.021
89943.680
89985.341
90027.000
90068.659
90110.320
90151.979
90193.642
90235.302
90276.958
90318.620
90360.280
90401.939
90443.598
90485.261
90526.921
90568.578
90610.239
90651.899
90693.559
90735.218
90776.879
90818.539
90860.198
90901.860
90943.518
90985.180
91026.841
91068.500
91110.157
91151.817
91193.477
91235.137
91276.797
91318.457
91360.118
91401.780
91443.438
91485.095
91526.757
91568.418
91610.078
91651.736
91693.395
91735.055
91776.716
91818.376
91860.035
91901.696
91943.357
91985.018
92026.677
92068.334
92109.997
92151.656
92193.316
92234.976
92276.636
92318.297
92359.955
92401.615
92443.275
92484.936
92526.596
92568.256
92609.918
92651.579
92693.236
92734.898
92776.555
92818.217
92859.875
92901.536
92943.194
92984.854
93026.514
93068.174
93109.854
93151.496
93193.154
93234.814
93276.475
93318.135
93359.796
93401.454
93443.114
93484.776
93526.435
93568.103
93609.753
93651.414
93693.075
93734.734
93776.394
93818.053
93859.713
93901.373
93943.031
93984.691
94026.353
94068.012
94109.672
94151.333
94192.992
94234.654
94276.313
94317.972
94359.632
94401.292
94442.953
94484.617
94526.273
94567.933
94609.593
94651.251
94692.911
94734.572
94776.232
94817.891
94859.552
94901.212
94942.870
94984.533
95026.192
95067.852
95109.511
95151.172
95192.831
95234.490
95276.149
95317.812
95359.470
95401.132
95442.791
95484.452
95526.110
95567.769
95609.430
95651.093
95692.752
95734.410
95776.069
95817.732
95859.391
95901.052
95942.710
95984.371
96026.029
96067.690
96109.350
96151.008
96192.669
96234.330
96275.991
96317.650
96359.309
96400.970
96442.630
96484.290
96525.950
96567.608
96609.268
96650.930
96692.600
96734.250
96775.909
96817.572
96859.228
96900.890
96942.548
96984.208
97025.869
97067.529
97109.188
97150.850
97192.506
97234.169
97275.828
97317.488
97359.147
97400.808
97442.469
97484.128
97525.787
97567.446
97609.108
97650.771
97692.429
97734.089
97775.748
97817.410
97859.068
97900.728
97942.386
97984.044
98025.705
98067.366
98109.026
98150.687
98192.344
98234.007
98275.665
98317.327
98358.986
98400.646
98442.306
98483.964
98525.627
98567.285
98608.948
98650.607
98692.266
98733.924
98775.585
98817.246
98858.906
98900.566
98942.224
98983.885
99025.547
99067.207
99108.867
99150.526
99192.184
99233.848
99275.505
99317.165
99358.824
99400.485
99442.145
99483.805
99525.466
99567.125
99608.784
99650.443
99692.106
99733.763
99775.424
99817.084
99858.743
99900.405
99942.065
99983.725
100025.383
100067.043
100108.702
100150.364
100192.022
100233.683
100275.343
100317.003
100358.663
100400.323
100441.983
100483.643
100525.302
100566.965
100608.624
100650.283
100691.943
100733.603
100775.262
100816.923
100858.582
100900.243
100941.903
100983.564
101025.225
101066.883
101108.541
101150.204
101191.862
101233.523
101275.180
101316.841
101358.500
101400.162
101441.822
101483.481
101525.141
101566.800
101608.460
101650.121
101691.782
101733.441
101775.100
101816.760
101858.420
101900.079
101941.740
101983.401
102025.059
102066.722
102108.380
102150.040
102191.700
102233.360
102275.019
102316.678
102358.340
102399.999
102441.660
102483.319
102524.977
102566.639
102608.299
102649.959
102691.619
102733.278
102774.939
102816.601
102858.258
102899.919
102941.578
102983.237
103024.897
103066.558
103108.228
103149.887
103191.539
103233.198
103274.857
103316.519
103358.178
103399.838
103441.496
103483.158
103524.818
103566.478
103608.136
103649.796
103691.458
103733.115
103774.778
103816.437
103858.097
103899.758
103941.415
103983.078
104024.737
104066.396
104108.056
104149.717
104191.376
104233.037
104274.695
104316.358
104358.018
104399.676
104441.350
104482.997
104524.656
104566.316
104607.976
104649.637
104691.296
104732.957
104774.616
104816.277
104857.937
104899.595
104941.255
104982.914
105024.576
105066.233
105107.895
105149.553
105191.215
105232.875
105274.534
105316.195
105357.854
105399.515
105441.176
105482.835
105524.493
105566.154
105607.815
105649.475
105691.133
105732.793
105774.453
105816.113
105857.773
105899.436
105941.096
105982.754
106024.413
106066.075
106107.734
106149.395
106191.055
106232.713
106274.372
106316.033
106357.693
106399.353
106441.012
106482.672
106524.335
106565.992
106607.652
106649.312
106690.974
106732.633
106774.292
106815.952
106857.610
106899.272
106940.935
106982.594
107024.251
107065.912
107107.571
107149.232
107190.892
107232.553
107274.217
107315.874
107357.533
107399.192
107440.852
107482.511
107524.173
107565.834
107607.492
107649.151
107690.813
107732.475
107774.130
107815.791
107857.449
107899.113
107940.770
107982.431
108024.090
108065.752
108107.410
108149.072
108190.734
108232.391
108274.050
108315.711
108357.371
108399.031
108440.691
108482.350
108524.008
108565.670
108607.331
108648.994
108690.648
108732.310
108773.968
108815.630
108857.289
108898.950
108940.609
108982.269
109023.930
109065.591
109107.255
109148.915
109190.570
109232.228
109273.888
109315.548
109357.210
109398.871
109440.530
109482.189
109523.850
109565.512
109607.169
109648.828
109690.487
109732.148
109773.806
109815.468
109857.129
109898.789
109940.447
109982.108
110023.768
110065.427
110107.087
110148.748
110190.406
110232.070
110273.728
110315.386
110357.047
110398.706
110440.367
110482.027
110523.687
110565.348
110607.006
110648.667
110690.328
110731.987
110773.646
110815.306
110856.966
110898.627
110940.286
110981.946
111023.606
111065.268
111106.926
111148.586
111190.245
111231.905
111273.565
111315.226
111356.888
111398.547
111440.206
111481.866
111523.527
111565.187
111606.851
111648.507
111690.165
111731.825
111773.485
111815.151
111856.804
111898.464
111940.124
111981.787
112023.447
112065.106
112106.764
112148.425
112190.083
112231.746
112273.404
112315.065
112356.725
112398.384
112440.043
112481.705
112523.364
112565.023
112606.684
112648.342
112690.004
112731.663
112773.324
112814.986
112856.643
112898.304
112939.964
112981.625
113023.284
113064.943
113106.602
113148.263
113189.922
113231.583
113273.243
113314.903
113356.562
113398.222
113439.882
113481.545
113523.204
113564.863
113606.523
113648.181
113689.843
113731.501
113773.162
113814.825
113856.482
113898.142
113939.802
113981.462
114023.120
114064.782
114106.442
114148.101
114189.760
114231.421
114273.081
114314.742
114356.402
114398.060
114439.722
114481.380
114523.042
114564.700
114606.360
114648.022
114689.680
114731.341
114772.999
114814.659
114856.319
114897.980
114939.639
114981.301
115022.960
115064.620
115106.281
115147.941
115189.599
115231.260
115272.919
115314.581
115356.240
115397.897
115439.558
115481.218
115522.880
115564.540
115606.200
115647.861
115689.518
115731.179
115772.838
115814.497
115856.158
115897.820
115939.477
115981.139
116022.797
116064.458
116106.117
116147.779
116189.438
116231.099
116272.757
116314.420
116356.081
116397.739
116439.397
116481.057
116522.719
116564.378
116606.038
116647.698
116689.358
116731.016
116772.697
116814.338
116856.014
116897.658
116939.340
116980.978
117022.659
117064.297
117105.981
117147.617
117189.303
117230.936
117272.621
117314.258
117355.916
117397.575
117439.238
117480.895
117522.557
117564.217
117605.879
117647.538
117689.196
117730.857
117772.516
117814.176
117855.836
117897.496
117939.158
117980.817
118022.477
118064.136
118105.795
118147.457
118189.116
118230.776
118272.437
118314.096
118355.756
118397.415
118439.075
118480.735
118522.395
118564.054
118605.714
118647.373
118689.033
118730.695
118772.354
118814.013
118855.675
118897.334
118938.997
118980.656
119022.316
119063.974
119105.636
119147.296
119188.955
119230.613
119272.273
119313.936
119355.596
119397.253
119438.913
119480.576
119522.236
119563.897
119605.554
119647.215
119688.875
119730.534
119772.193
119813.853
119855.514
119897.173
119938.834
119980.493
120022.153
120063.813
120105.474
120147.132
120188.795
120230.454
120272.113
120313.771
120355.433
120397.094
120438.754
120480.413
120522.075
120563.734
120605.394
120647.053
120688.714
120730.373
120772.033
120813.693
120855.351
120897.013
120938.672
120980.333
121021.990
121063.652
121105.312
121146.973
121188.635
121230.291
121271.952
121313.611
121355.271
121396.931
121438.590
121480.251
121521.911
121563.571
121605.229
121646.890
121688.548
121730.211
121771.871
121813.531
121855.191
121896.851
121938.517
121980.170
122021.840
122063.490
122105.149
122146.810
122188.471
122230.131
122271.789
122313.448
122355.109
122396.770
122438.431
122480.087
122521.749
122563.409
122605.066
122646.729
122688.390
122730.049
122771.709
122813.368
122855.029
122896.687
122938.350
122980.009
123021.666
123063.330
123104.988
123146.648
123188.307
123229.972
123271.630
123313.289
123354.949
123396.608
123438.269
123479.926
123521.586
123563.249
123604.910
123646.568
123688.227
123729.890
123771.550
123813.210
123854.868
123896.526
123938.186
123979.847
124021.506
124063.167
124104.825
124146.488
124188.147
124229.809
124271.466
124313.126
124354.787
124396.447
124438.107
124479.767
124521.429
124563.087
124604.746
124646.405
124688.065
124729.726
124771.385
124813.047
124854.706
124896.365
124938.027
124979.684
125021.347
125063.004
125104.665
125146.325
125187.986
125229.647
125271.303
125312.966
125354.625
125396.286
125437.945
125479.605
125521.267
125562.925
125604.584
125646.243
125687.905
125729.566
125771.225
125812.885
125854.543
125896.204
125937.864
125979.524
126021.183
126062.845
126104.504
126146.163
126187.823
126229.485
126271.145
126312.804
126354.462
126396.123
126437.782
126479.444
126521.103
126562.764
126604.424
126646.083
126687.742
126729.403
126771.062
126812.723
126854.384
126896.042
126937.702
126979.363
127021.023
127062.683
127104.345
127146.005
127187.661
127229.322
127270.984
127312.643
127354.305
127395.964
127437.624
127479.283
127520.943
127562.602
127604.264
127645.921
127687.580
127729.239
127770.899
127812.560
127854.222
127895.882
127937.542
127979.200
128020.862
128062.521
128104.179
128145.841
128187.502
128229.161
128270.820
128312.479
128354.142
128395.802
128437.463
128479.120
128520.781
128562.441
128604.101
128645.762
128687.420
128729.080
128770.740
128812.400
128854.059
128895.718
128937.378
128979.039
129020.699
129062.359
129104.020
129145.679
129187.340
129228.999
129270.660
129312.319
129353.979
129395.638
129437.300
129478.957
129520.618
129562.277
129603.938
129645.601
129687.259
129728.921
129770.579
129812.239
129853.898
129895.558
129937.220
129978.879
130020.537
130062.197
130103.859
130145.518
130187.177
130228.838
130270.498
130312.159
130353.820
130395.475
130437.135
130478.795
130770.430
130812.087
130853.739
130895.399
130937.059
130978.718
131020.378
131062.036
131103.697
131145.356
131187.019
131228.676
131270.340
131311.998
131353.657
131395.317
131436.975
131478.636
131520.296
131561.955
131603.615
131645.277
131686.937
131728.594
131770.255
131811.917
131853.577
131895.235
131936.896
131978.555
132020.216
132061.878
132103.537
132145.194
132186.854
132228.515
132270.174
132311.835
132353.494
132395.157
132436.818
132478.474
132520.137
132561.798
132603.456
132645.113
132686.776
132728.436
132770.096
132811.754
132853.414
132895.073
132936.735
132978.394
133020.053
133061.712
133103.375
133145.036
133186.694
133228.355
133270.011
133311.675
133353.334
133394.993
133436.654
133478.314
133519.973
133561.635
133603.292
133644.952
133686.613
133728.274
133769.932
133811.593
133853.255
133894.915
133936.574
133978.233
134019.895
134061.553
134103.214
134144.872
134186.532
134228.192
134269.851
134311.511
134353.171
134394.832
134436.490
134478.150
134519.812
134561.471
134603.130
134644.790
134686.452
134728.112
134769.775
134811.432
134853.090
134894.752
134936.411
134978.071
135019.733
135061.393
135103.050
135144.711
135186.371
135228.032
135269.691
135311.349
135353.011
135394.670
135436.331
135477.992
135519.651
135561.310
135602.969
135644.630
135686.289
135727.952
135769.613
135811.270
135852.929
135894.590
135936.252
135977.910
136019.569
136061.230
136102.890
136144.549
136186.210
136227.869
136269.530
136311.189
136352.848
136394.512
136436.170
136477.836
136519.489
136561.148
136602.809
136644.470
136686.129
136727.788
136769.449
136811.109
136852.769
136894.432
136936.088
136977.750
137019.409
137061.066
137102.728
137144.389
137186.050
137227.709
137269.369
137311.028
137352.689
137394.351
137436.009
137477.670
137519.329
137560.989
137602.649
137644.307
137685.965
137727.628
137769.287
137810.949
137852.607
137894.267
137935.927
137977.588
138019.248
138060.908
138102.566
138144.227
138185.887
138227.549
138269.207
138310.866
138352.527
138394.188
138435.847
138477.507
138519.169
138560.828
138602.493
138644.148
138685.808
138727.466
138769.124
138810.785
138852.446
138894.106
138935.767
138977.424
139019.086
139060.745
139102.407
139144.066
139185.726
139227.386
139269.046
139310.707
139352.365
139394.024
139435.683
139477.345
139519.006
139560.664
139602.325
139643.985
139685.645
139727.305
139768.965
139810.624
139852.284
139893.945
139935.606
139977.265
140018.924
140060.584
140102.244
140143.903
140185.565
140227.227
140268.884
140310.542
140352.204
140393.868
140435.524
140477.187
140518.845
140560.505
140602.163
140643.824
140685.483
140727.143
140768.806
140810.463
140852.124
140893.784
140935.445
140977.103
141018.761
141060.422
141102.082
141143.748
141185.404
141227.064
141268.723
141310.383
141352.044
141393.702
141435.362
141477.022
141518.682
141560.343
141602.005
141643.663
141685.324
141726.984
141768.642
141810.301
141851.960
141893.623
141935.283
141976.941
142018.608
142060.260
142101.922
142143.582
142185.242
142226.900
142268.560
142310.221
142351.881
142393.541
142435.202
142476.862
142518.522
142560.183
142601.840
142643.501
142685.161
142726.821
142768.484
142810.141
142851.803
142893.460
142935.121
142976.780
143018.441
143060.099
143101.762
143143.419
143185.084
143226.740
143268.401
143310.059
143351.721
143393.380
143435.040
143476.700
143518.360
143560.020
143601.681
143643.341
143685.000
143726.659
143768.319
143809.979
143851.640
143893.297
143934.959
143976.621
144018.280
144059.940
144101.599
144143.260
144184.917
144226.581
144268.239
144309.899
144351.560
144393.219
144434.879
144476.538
144518.200
144559.861
144601.522
144643.180
144684.839
144726.498
144768.158
144809.818
144851.477
144893.139
144934.798
144976.459
145018.118
145059.778
145101.438
145143.097
145184.758
145226.420
145268.078
145309.738
145351.396
145393.059
145434.719
145476.378
145518.035
145559.696
145601.356
145643.018
145684.675
145726.335
145767.996
145809.657
145851.317
145892.976
145934.638
145976.299
146017.957
146059.617
146101.276
146142.939
146184.599
146226.257
146267.914
146309.578
146351.237
146392.896
146434.555
146476.214
146517.876
146559.534
146601.195
146642.857
146684.517
146726.175
146767.833
146809.495
146851.155
146892.813
146934.476
146976.136
147017.793
147059.455
147101.116
147142.775
147184.434
147226.098
147267.754
147309.416
147351.074
147392.732
147434.395
147476.055
147517.715
147559.374
147601.032
147642.695
147684.355
147726.014
147767.673
147809.335
147850.994
147892.656
147934.313
147975.974
148017.633
148059.294
148100.953
148142.615
148184.275
148225.933
148267.592
148309.253
148350.913
148392.574
148434.232
148475.892
148517.552
148559.214
148600.873
148642.532
148684.192
148725.855
148767.515
148809.175
148850.832
148892.490
148934.151
148975.811
149017.472
149059.132
149100.793
149142.453
149184.112
149225.773
149267.433
149309.094
149350.751
149392.410
149434.072
149475.732
149517.393
149559.051
149600.711
149642.370
149684.030
149725.691
149767.350
149809.011
149850.670
149892.331
149933.990
149975.653
150017.312
150058.970
150100.630
150142.291
150183.950
150225.610
150267.273
150308.934
150350.590
150392.248
150433.913
150475.572
150517.230
150558.889
150600.548
150642.209
150683.871
150725.532
150767.189
150808.850
150850.510
150892.170
150933.837
150975.489
151017.149
151058.807
151100.468
151142.130
151183.790
151225.451
151267.108
151308.768
151350.429
151392.090
151433.748
151475.409
151517.067
151558.728
151600.390
151642.049
151683.708
151725.368
151767.029
151808.687
151850.349
151892.011
151933.669
151975.330
152016.990
152058.648
152100.308
152141.968
152183.626
152225.289
152266.950
152308.609
152350.267
152391.925
152433.588
152475.248
152516.907
152558.568
152600.227
152641.889
152683.547
152725.207
152766.867
152808.528
152850.185
152891.846
152933.506
152975.170
153016.828
153058.488
153100.147
153141.808
153183.467
153225.129
153266.785
153308.447
153350.106
153391.767
153433.427
153475.088
153516.747
153558.406
153600.065
153641.725
153683.387
153725.047
153766.706
153808.364
153850.026
153891.684
153933.344
153975.005
154016.667
154058.324
154099.984
154141.646
154183.305
154224.967
154266.625
154308.283
154349.945
154391.606
154433.267
154474.926
154516.586
154558.245
154599.908
154641.567
154683.226
154724.886
154766.544
154808.204
154849.865
154891.525
154933.184
154974.842
155016.508
155058.167
155099.824
155141.485
155183.143
155224.804
155266.463
155308.126
155349.783
155391.442
155433.102
155474.765
155516.426
155558.086
155599.744
155641.404
155683.064
155724.723
155766.385
155808.043
155849.704
155891.363
155933.022
155974.683
156016.342
156058.002
156099.662
156141.321
156182.982
156224.644
156266.303
156307.967
156349.622
156391.284
156432.944
156474.604
156516.262
156557.923
156599.580
156641.242
156682.903
156724.561
156766.221
156807.883
156849.543
156891.202
156932.863
156974.521
157016.181
157057.842
157099.502
157141.160
157182.822
157224.482
157266.144
157307.803
157349.461
157391.121
157432.781
157474.441
157516.100
157557.762
157599.421
157641.080
157682.742
157724.402
157766.063
157807.723
157849.380
157891.040
157932.700
157974.358
158016.020
158057.682
158099.341
158141.000
158182.660
158224.322
158265.982
158307.643
158349.300
158390.957
158432.622
158474.280
158515.938
158557.601
158599.260
158640.920
158682.578
158724.240
158765.898
158807.560
158849.220
158890.881
158932.539
158974.199
159015.858
159057.520
159099.178
159140.839
159182.498
159224.160
159265.818
159307.479
159349.138
159390.797
159432.460
159474.119
159515.777
159557.437
159599.099
159640.758
159682.418
159724.078
159765.738
159807.399
159849.057
159890.717
159932.377
159974.038
160015.698
160057.356
160099.018
160140.678
160182.335
160223.999
160265.659
160307.317
160348.975
160390.636
160432.299
160473.958
160515.618
160557.278
160598.935
160640.596
160682.256
160723.918
160765.577
160807.238
160848.895
160890.556
160932.218
160973.879
161015.536
161057.195
161098.855
161140.518
161182.177
161223.836
161265.496
161307.155
161348.817
161390.477
161432.136
161473.794
161515.455
161557.115
161598.774
161640.433
161682.095
161723.754
161765.415
161807.077
161848.735
161890.396
161932.055
161973.714
162015.374
162057.035
162098.693
162140.355
162182.014
162223.676
162265.335
162306.994
162348.654
162390.313
162431.975
162473.634
162515.294
162556.956
162598.618
162640.275
162681.937
162723.596
162765.253
162806.916
162848.573
162890.235
162931.893
162973.552
163015.213
163056.876
163098.535
163140.194
163181.854
163223.513
163265.172
163306.835
163348.494
163390.156
163431.815
163473.473
163515.131
163556.793
163598.453
163640.114
163681.773
163723.433
163765.093
163806.753
163848.414
163890.074
163931.734
163973.392
164015.053
164056.713
164098.374
164140.033
164181.691
164223.351
164265.012
164306.674
164348.330
164389.991
164431.651
164473.312
164514.973
164556.633
164598.291
164639.952
164681.613
164723.271
164764.930
164806.591
164848.251
164889.912
164931.573
164973.232
165014.889
165056.552
165098.211
165139.870
165181.532
165223.192
165264.851
165306.511
165348.169
165389.837
165431.493
165473.151
165514.811
165556.470
165598.131
165639.793
165681.451
165723.108
165764.769
165806.430
165848.090
165889.750
165931.410
165973.071
166014.730
166056.391
166098.048
166139.708
166181.370
166223.033
166264.691
166306.350
166348.008
166389.671
166431.330
166472.990
166514.649
166556.310
166597.970
166639.630
166681.289
166722.947
166764.609
166806.269
166847.928
166889.590
166931.249
166972.909
167014.567
167056.230
167097.889
167139.550
167181.208
167222.870
167264.527
167306.187
167347.847
167389.510
167431.169
167472.829
167514.488
167556.148
167597.808
167639.471
167681.129
167722.788
167764.448
167806.106
167847.769
167889.427
167931.088
167972.748
168014.406
168056.068
168097.727
168139.386
168181.047
168222.707
168264.367
168306.029
168347.688
168389.348
168431.009
168472.669
168514.330
168555.987
168597.645
168639.306
168680.964
168722.625
168764.287
168805.946
168847.606
168889.267
168930.925
168972.585
169014.245
169055.907
169097.566
169139.228
169180.885
169222.547
169264.204
169305.866
169347.525
169389.185
169430.844
169472.505
169514.167
169555.828
169597.487
169639.146
169680.804
169722.468
169764.129
169805.786
169847.444
169889.106
169930.764
169972.426
170014.084
170055.744
170097.404
170139.065
170180.724
170222.383
170264.043
170305.706
170347.363
170389.025
170430.685
170472.345
170514.004
170555.664
170597.325
170638.985
170680.644
170722.303
170763.964
170805.623
170847.284
170888.943
170930.602
170972.264
171013.923
171055.583
171097.243
171138.905
171180.564
171222.223
171263.883
171305.541
171347.202
171388.864
171430.524
171472.185
171513.843
171555.501
171597.162
171638.823
171680.482
171722.144
171763.802
171805.461
171847.121
171888.783
171930.440
171972.102
172013.763
172055.422
172097.081
172138.743
172180.403
172222.060
172263.721
172305.386
172347.041
172388.704
172430.362
172472.021
172513.683
172555.341
172597.000
172638.662
172680.321
172721.981
172763.641
172805.300
172846.962
172888.621
172930.281
172971.939
173013.600
173055.261
173096.922
173138.582
173180.240
173221.900
173263.559
173305.221
173346.881
173388.542
173430.200
173471.859
173513.519
173555.181
173596.841
173638.500
173680.159
173721.820
173763.481
173805.141
173846.800
173888.457
173930.119
173971.780
174013.438
174055.100
174096.759
174138.420
174180.078
174221.740
174263.401
174305.060
174346.719
174388.379
174430.039
174471.700
174513.360
174555.019
174596.681
174638.339
174679.999
174721.658
174763.320
174804.979
174846.640
174888.297
174929.958
174971.619
175013.279
175054.938
175096.598
175138.259
175179.918
175221.580
175263.237
175304.897
175346.556
175388.218
175429.878
175471.538
175513.198
175554.858
175596.517
175638.177
175679.839
175721.499
175763.157
175804.818
175846.475
175888.138
175929.797
175971.457
176013.116
176054.777
176096.437
176138.097
176179.756
176221.419
176263.078
176304.738
176346.397
176388.058
176429.715
176471.376
176513.037
176554.697
176596.356
176638.015
176679.678
176721.338
176762.996
176804.655
176846.315
176887.975
176929.635
176971.296
177012.956
177054.616
177096.274
177137.936
177179.595
177221.257
177262.915
177304.576
177346.234
177387.898
177429.558
177471.217
177512.873
177554.534
177596.196
177637.856
177679.516
177721.177
177762.833
177804.497
177846.153
177887.816
177929.475
177971.134
178012.795
178054.454
178096.114
178137.776
178179.432
178221.095
178262.754
178304.417
178346.073
178387.734
178429.395
178471.055
178512.713
178554.373
178596.034
178637.696
178679.355
178721.015
178762.673
178804.332
178845.993
178887.654
178929.314
178970.973
179012.631
179054.294
179095.952
179137.613
179179.271
179220.934
179262.592
179304.254
179345.912
179387.573
179429.233
179470.893
179512.553
179554.212
179595.872
179637.533
179679.192
179720.852
179762.514
179804.173
179845.836
179887.491
179929.153
179970.812
180012.472
180054.132
180095.792
180137.453
180179.111
180220.772
180262.431
180304.091
180345.752
180387.413
180429.072
180470.731
180512.391
180554.051
180595.710
180637.372
180679.031
180720.692
180762.351
180804.012
180845.668
180887.330
180928.989
180970.649
181012.311
181053.972
181095.632
181137.290
181178.949
181220.611
181262.271
181303.930
181345.590
181387.249
181428.911
181470.568
181512.230
181553.890
181595.551
181637.210
181678.870
181720.531
181762.192
181803.849
181845.512
181887.168
181928.831
181970.491
182012.151
182053.810
182095.469
182137.130
182178.788
182220.450
182262.110
182303.769
182345.428
182387.088
182428.747
182470.408
182512.067
182553.729
182595.391
182637.048
182678.709
182720.369
182762.029
182803.690
182845.348
182887.009
182928.668
182970.331
183011.987
183053.646
183095.306
183136.969
183178.628
183220.286
183261.946
183303.610
183345.268
183386.930
183428.588
183470.247
183511.907
183553.568
183595.228
183636.889
183678.546
183720.206
183761.865
183803.527
183845.187
183886.846
183928.506
183970.167
184011.825
184053.487
184095.147
184136.805
184178.467
184220.126
184261.788
184303.447
184345.106
184386.765
184428.428
184470.087
184511.748
184553.406
184595.065
184636.729
184678.389
184720.047
184761.704
184803.365
184845.026
184886.686
184928.345
184970.004
185011.666
185053.324
185094.986
185136.646
185178.306
185219.965
185261.626
185303.284
185344.944
185386.604
185428.266
185469.925
185511.587
185553.247
185594.904
185636.565
185678.227
185719.885
185761.545
185803.203
185844.866
185886.523
185928.185
185969.845
186011.503
186053.165
186094.822
186136.485
186178.143
186219.805
186261.464
186303.126
186344.784
186386.444
186428.103
186469.765
186511.425
186553.085
186594.745
186636.405
186678.062
186719.723
186761.383
186803.043
186844.704
186886.362
186928.022
186969.682
187011.346
187053.003
187094.663
187136.322
187177.983
187219.643
187261.303
187302.962
187344.624
187386.283
187427.944
187469.603
187511.262
187552.923
187594.582
187636.242
187677.902
187719.563
187761.223
187802.882
187844.540
187886.202
187927.863
187969.522
188011.181
188052.842
188094.501
188136.163
188177.823
188219.482
188261.141
188302.802
188344.463
188386.121
188427.780
188469.441
188511.101
188552.762
188594.422
188636.082
188677.742
188719.401
188761.062
188802.721
188844.379
188886.041
188927.701
188969.362
189011.020
189052.681
189094.341
189136.000
189177.659
189219.320
189260.980
189302.642
189344.303
189385.959
189427.620
189469.279
189510.940
189552.601
189594.259
189635.919
189677.578
189719.241
189760.902
189802.559
189844.219
189885.879
189927.541
189969.200
190010.860
190052.520
190094.180
190135.838
190177.500
190219.160
190260.819
190302.479
190344.138
190385.798
190427.460
190469.117
190510.780
190552.441
190594.103
190635.758
190677.419
190719.078
190760.738
190802.399
190844.058
190885.718
190927.379
190969.036
191010.700
191052.358
191094.019
191135.678
191177.338
191218.998
191260.660
191302.318
191343.978
191385.638
191427.300
191468.958
191510.618
191552.278
191593.939
191635.599
191677.260
191718.918
191760.577
191802.235
191843.895
191885.557
191927.217
191968.875
192010.538
192052.197
192093.856
192135.515
192177.177
192218.836
192260.499
192302.156
192343.815
192385.476
