0.000
41.675
83.330
124.983
166.651
208.296
249.956
291.630
333.276
374.934
416.595
458.255
499.915
541.573
583.234
624.892
666.552
708.211
749.872
791.531
833.191
874.865
916.511
958.171
999.829
1041.488
1083.151
1124.811
1166.469
1208.129
1249.803
1291.447
1333.108
1374.768
1416.429
1458.086
1499.746
1541.405
1583.065
1624.725
1666.384
1708.044
1749.703
1791.362
1833.022
1874.682
1916.342
1958.001
1999.663
2041.320
2082.981
2124.638
2166.300
2207.958
2249.620
2291.277
2332.938
2374.597
2416.258
2457.917
2499.576
2541.240
2582.895
2624.555
2666.215
2707.875
2749.536
2791.195
2832.854
2874.513
2916.174
2957.832
2999.492
3041.152
3082.811
3124.470
3166.130
3207.789
3249.449
3291.108
3332.768
3374.428
3416.088
3457.746
3499.406
3541.067
3582.726
3624.386
3666.045
3707.705
3749.365
3791.024
3832.698
3874.344
3916.004
3957.664
3999.324
4040.986
4082.644
4124.304
4165.962
4207.620
4249.279
4290.940
4332.602
4374.259
4415.919
4457.578
4499.239
4540.899
4582.557
4624.217
4665.875
4707.536
4749.197
4790.856
4832.516
4874.176
4915.836
4957.494
4999.154
5040.815
5082.473
5124.131
5165.793
5207.451
5249.115
5290.772
5332.433
5374.089
5415.750
5457.408
5499.069
5540.728
5582.388
5624.048
5665.707
5707.367
5749.026
5790.693
5832.348
5874.036
5915.663
5957.378
5998.985
6040.658
6082.303
6123.980
6165.621
6207.318
6248.942
6290.629
6332.261
6373.946
6415.579
6457.291
6498.899
6540.561
6582.220
6623.880
6665.540
6707.199
6748.857
6790.516
6832.178
6873.836
6915.497
6957.155
6998.817
7040.475
7082.136
7123.796
7165.455
7207.112
7248.774
7290.432
7332.092
7373.751
7415.411
7457.069
7498.730
7540.390
7582.053
7623.710
7665.369
7707.030
7748.689
7790.347
7832.009
7873.666
7915.328
7956.985
7998.649
8040.304
8081.966
8123.626
8165.285
8206.943
8248.605
8290.262
8331.925
8373.581
8415.242
8456.901
8498.561
8540.222
8581.881
8623.541
8665.201
8706.861
8748.519
8790.178
8831.839
8873.497
8915.159
8956.817
8998.477
9040.135
9081.806
9123.454
9165.121
9206.774
9248.435
9290.093
9331.754
9373.412
9415.073
9456.732
9498.394
9540.056
9581.724
9623.371
9665.033
9706.692
9748.351
9790.009
9831.670
9873.328
9914.988
9956.648
9998.309
10039.966
10081.627
10123.286
10164.947
10206.605
10248.267
10289.924
10331.587
10373.244
10414.904
10456.564
10498.222
10539.884
10581.543
10623.203
10664.865
10706.522
10748.187
10789.849
10831.501
10873.165
10914.820
10956.482
10998.139
11039.801
11081.458
11123.119
11164.779
11206.438
11248.097
11289.762
11331.417
11373.080
11414.737
11456.399
11498.056
11539.716
11581.374
11623.034
11664.694
11706.353
11748.013
11789.674
11831.332
11872.994
11914.651
11956.311
11997.970
12039.631
12081.291
12122.951
12164.609
12206.270
12247.929
12289.589
12331.247
12372.908
12414.569
12456.226
12497.885
12539.548
12581.217
12622.864
12664.526
12706.186
12747.843
12789.504
12831.164
12872.823
12914.483
12956.141
12997.801
13039.476
13081.122
13122.781
13164.451
13206.129
13247.763
13289.418
13331.080
13372.740
13414.400
13456.060
13497.718
13539.378
13581.038
13622.695
13664.357
13706.016
13747.681
13789.336
13830.996
13872.655
13914.314
13955.973
13997.634
14039.293
14080.953
14122.612
14164.272
14205.931
14247.591
14289.255
14330.911
14372.569
14414.229
14455.889
14497.549
14539.209
14580.869
14622.529
14664.187
14705.848
14747.507
14789.168
14830.827
14872.485
14914.146
14955.805
14997.466
15039.126
15080.785
15122.442
15164.103
15205.764
15247.440
15289.084
15330.743
15372.402
15414.061
15455.721
15497.381
15539.041
15580.700
15622.359
15664.019
15705.678
15747.338
15788.997
15830.658
15872.316
15913.977
15955.635
15997.297
16038.955
16080.617
16122.274
16163.934
16205.592
16247.257
16288.914
16330.587
16372.231
16413.892
16455.553
16497.217
16538.874
16580.531
16622.191
16663.851
16705.510
16747.169
16788.830
16830.491
16872.148
16913.810
16955.470
16997.129
17038.786
17080.449
17122.105
17163.767
17205.424
17247.086
17288.744
17330.405
17372.063
17413.739
17455.383
17497.044
17538.703
17580.363
17622.022
17663.682
17705.341
17747.001
17788.660
17830.319
17871.981
17913.638
17955.301
17996.960
18038.618
18080.277
18121.938
18163.595
18205.257
18246.915
18288.575
18330.235
18371.895
18413.554
18455.215
18496.874
18538.536
18580.195
18621.853
18663.513
18705.173
18746.832
18788.492
18830.152
18871.810
18913.471
18955.129
18996.789
19038.448
19080.110
19121.768
19163.431
19205.088
19246.749
19288.407
19330.068
19371.725
19413.386
19455.046
19496.706
19538.366
19580.027
19621.686
19663.346
19705.004
19746.664
19788.323
19829.985
19871.642
19913.301
19954.961
19996.621
20038.280
20079.941
20121.600
20163.260
20204.919
20246.579
20288.239
20329.900
20371.557
20413.218
20454.879
20496.539
20538.198
20579.857
20621.516
20663.177
20704.839
20746.495
20788.156
20829.816
20871.479
20913.139
20954.794
20996.453
21038.113
21079.788
21121.434
21163.092
21204.756
21246.411
21288.072
21329.729
21371.391
21413.050
21454.709
21496.369
21538.029
21579.689
21621.348
21663.008
21704.668
21746.326
21787.999
21829.646
21871.307
21912.964
21954.626
21996.285
22037.947
22079.605
22121.262
22162.924
22204.584
22246.245
22287.904
22329.564
22371.224
22412.882
22454.553
22496.201
22537.860
22579.520
22621.179
22662.844
22704.502
22746.158
22787.820
22829.479
22871.139
22912.797
22954.457
22996.118
23037.776
23079.435
23121.095
23162.767
23204.417
23246.074
23287.736
23329.394
23371.054
23412.714
23454.373
23496.032
23537.697
23579.353
23621.013
23662.671
23704.331
23745.990
23787.650
23829.309
23870.970
23912.627
23954.296
23995.947
24037.608
24079.267
24120.927
24162.586
24204.246
24245.907
24287.566
24329.225
24370.884
24412.544
24454.205
24495.865
24537.524
24579.197
24620.843
24662.502
24704.162
24745.821
24787.482
24829.141
24870.803
24912.460
24954.120
24995.778
25037.439
25079.098
25120.769
25162.418
25204.079
25245.737
25287.400
25329.056
25370.718
25412.376
25454.037
25495.695
25537.355
25579.015
25620.679
25662.337
25703.993
25745.653
25787.312
25828.971
25870.632
25912.291
25953.953
25995.611
26037.276
26078.929
26120.591
26162.250
26203.910
26245.570
26287.229
26328.888
26370.548
26412.209
26453.868
26495.529
26537.190
26578.848
26620.508
26662.168
26703.827
26745.487
26787.147
26828.809
26870.466
26912.123
26953.790
26995.446
27037.103
27078.762
27120.426
27162.083
27203.743
27245.404
27287.063
27328.722
27370.382
27412.042
27453.699
27495.360
27537.021
27578.679
27620.339
27661.997
27703.658
27745.316
27786.977
27828.635
27870.296
27911.956
27953.615
27995.275
28036.936
28078.593
28120.254
28161.912
28203.574
28245.232
28286.897
28328.552
28370.213
28411.872
28453.532
28495.190
28536.850
28578.512
28620.171
28661.831
28703.489
28745.149
28786.809
28828.469
28870.127
28911.789
28953.449
28995.105
29036.767
29078.426
29120.088
29161.744
29203.404
29245.067
29286.727
29328.385
29370.045
29411.704
29453.365
29495.024
29536.683
29578.343
29620.003
29661.662
29703.322
29744.980
29786.641
29828.299
29869.960
29911.620
29953.280
29994.941
30036.599
30078.258
30119.919
30161.576
30203.236
30244.897
30286.557
30328.215
30369.879
30411.536
30453.197
30494.857
30536.515
30578.175
30619.837
30661.494
30703.153
30744.813
30786.484
30828.131
30869.795
30911.450
30953.126
30994.769
31036.432
31078.088
31119.752
31161.410
31203.070
31244.731
31286.388
31328.047
31369.707
31411.369
31453.027
31494.687
31536.346
31578.005
31619.665
31661.325
31702.984
31744.643
31786.305
31827.965
31869.623
31911.281
31952.942
31994.602
32036.263
32077.921
32119.585
32161.241
32202.901
32244.561
32286.221
32327.880
32369.555
32411.199
32452.858
32494.518
32536.178
32577.837
32619.499
32661.158
32702.816
32744.477
32786.136
32827.795
32869.456
32911.127
32952.775
32994.433
33036.094
33077.753
33119.414
33161.072
33202.732
33244.392
33286.053
33327.715
33369.372
33411.033
33452.693
33494.352
33536.012
33577.671
33619.331
33660.992
33702.651
33744.307
33785.969
33827.629
33869.287
33910.947
33952.607
33994.268
34035.928
34077.584
34119.246
34160.903
34202.564
34244.224
34285.884
34327.542
34369.213
34410.863
34452.521
34494.184
34535.844
34577.503
34619.162
34660.822
34702.482
34744.140
34785.800
34827.459
34869.121
34910.780
34952.438
34994.110
35035.759
35077.417
35119.079
35160.736
35202.396
35244.054
35285.716
35327.374
35369.036
35410.705
35452.355
35494.015
35535.675
35577.336
35618.994
35660.653
35702.314
35743.972
35785.634
35827.298
35868.955
35910.613
35952.272
35993.931
36035.590
36077.249
36118.910
36160.569
36202.229
36243.889
36285.549
36327.208
36368.873
36410.527
36452.187
36493.848
36535.507
36577.166
36618.826
36660.488
36702.143
36743.807
36785.465
36827.123
36868.785
36910.444
36952.105
36993.761
37035.423
37077.084
37118.745
37160.400
37202.062
37243.720
37285.381
37327.040
37368.700
37410.359
37452.020
37493.679
37535.340
37577.000
37618.660
37660.317
37701.978
37743.635
37785.296
37826.954
37868.617
37910.282
37951.938
37993.595
38035.256
38076.928
38118.573
38160.231
38201.894
38243.554
38285.214
38326.872
38368.532
38410.190
38451.854
38493.512
38535.177
38576.830
38618.490
38660.148
38701.808
38743.467
38785.130
38826.787
38868.452
38910.115
38951.769
38993.425
39035.087
39076.748
39118.407
39160.070
39201.726
39243.385
39285.045
39326.705
39368.364
39410.023
39451.683
39493.342
39535.003
39576.662
39618.321
39659.981
39701.641
39743.301
39784.961
39826.620
39868.280
39909.938
39951.600
39993.259
40034.919
40076.578
40118.245
40159.896
40201.558
40243.217
40284.876
40326.536
40368.195
40409.855
40451.515
40493.176
40534.834
40576.505
40618.153
40659.813
40701.473
40743.135
40784.795
40826.454
40868.114
40909.773
40951.432
40993.102
41034.752
41076.410
41118.069
41159.728
41201.390
41243.049
41284.710
41326.370
41368.029
41409.688
41451.351
41493.009
41534.668
41576.325
41617.987
41659.647
41701.307
41742.968
41784.627
41826.284
41867.944
41909.603
41951.276
41992.923
42034.593
42076.241
42117.901
42159.564
42201.223
42242.882
42284.541
42326.203
42367.862
42409.521
42451.180
42492.840
42534.502
42576.160
42617.819
42659.478
42701.139
42742.798
42784.460
42826.118
42867.778
42909.437
42951.096
42992.754
43034.434
43076.074
43117.736
43159.393
43201.056
43242.713
43284.374
43326.033
43367.693
43409.352
43451.012
43492.671
43534.331
43575.992
43617.666
43659.310
43700.970
43742.629
43784.291
43825.950
43867.610
43909.267
43950.928
43992.588
44034.249
44075.907
44117.567
44159.225
44200.887
44242.546
44284.206
44325.866
44367.527
44409.187
44450.846
44492.504
44534.165
44575.823
44617.482
44659.144
44700.804
44742.462
44784.121
44825.780
44867.441
44909.101
44950.761
44992.421
45034.082
45075.739
45117.399
45159.059
45200.719
45242.378
45284.037
45325.697
45367.357
45409.017
45450.692
45492.336
45533.996
45575.656
45617.315
45658.977
45700.637
45742.294
45783.955
45825.613
45867.275
45908.932
45950.607
45992.252
46033.913
46075.572
46117.233
46158.908
46200.552
46242.209
46283.870
46325.530
46367.190
46408.850
46450.509
46492.170
46533.829
46575.490
46617.149
46658.808
46700.467
46742.127
46783.786
46825.445
46867.106
46908.765
46950.425
46992.084
47033.746
47075.405
47117.065
47158.723
47200.387
47242.057
47283.704
47325.364
47367.021
47408.682
47450.341
47492.005
47533.661
47575.322
47616.980
47658.641
47700.304
47741.958
47783.621
47825.280
47866.940
47908.599
47950.257
47991.917
48033.578
48075.238
48116.896
48158.556
48200.216
48241.874
48283.536
48325.196
48366.855
48408.515
48450.175
48491.836
48533.493
48575.155
48616.814
48658.473
48700.135
48741.807
48783.454
48825.132
48866.774
48908.461
48950.093
48991.782
49033.412
49075.102
49116.730
49158.419
49200.049
49241.739
49283.368
49325.028
49366.688
49408.348
49450.008
49491.672
49533.327
49574.988
49616.648
49658.306
49699.967
49741.625
49783.287
49824.945
49866.604
49908.267
49949.924
49991.586
50033.251
50074.903
50116.561
50158.230
50199.883
50241.540
50283.201
50324.860
50366.527
50408.182
50449.841
50491.502
50533.161
50574.823
50616.479
50658.138
50699.799
50741.457
50783.117
50824.779
50866.436
50908.096
50949.756
50991.416
51033.075
51074.735
51116.395
51158.055
51199.715
51241.375
51283.036
51324.695
51366.355
51408.013
51449.673
51491.333
51532.992
51574.650
51616.312
51657.972
51699.632
51741.291
51782.948
51824.620
51866.270
51907.929
51949.590
51991.250
52032.909
52074.570
52116.229
52157.894
52199.549
52241.216
52282.866
52324.527
52366.187
52407.846
52449.505
52491.166
52532.827
52574.486
52616.145
52657.807
52699.465
52741.133
52782.784
52824.445
52866.102
52907.763
52949.421
52991.082
53032.755
53074.402
53116.061
53157.720
53199.380
53241.040
53282.699
53324.361
53366.017
53407.678
53449.345
53490.998
53532.657
53574.318
53615.977
53657.637
53699.297
53740.956
53782.617
53824.276
53865.936
53907.596
53949.256
53990.915
54032.574
54074.240
54115.894
54157.554
54199.213
54240.873
54282.532
54324.193
54365.852
54407.512
54449.174
54490.832
54532.491
54574.151
54615.811
54657.471
54699.131
54740.787
54782.449
54824.112
54865.767
54907.426
54949.088
54990.745
55032.408
55074.064
55115.727
55157.384
55199.047
55240.704
55282.365
55324.025
55365.700
55407.346
55449.007
55490.664
55532.325
55573.989
55615.643
55657.303
55698.964
55740.623
55782.281
55823.941
55865.601
55907.260
55948.921
55990.582
56032.241
56073.901
56115.562
56157.220
56198.880
56240.539
56282.199
56323.860
56365.520
56407.180
56448.839
56490.498
56532.157
56573.817
56615.476
56657.137
56698.797
56740.456
56782.116
56823.776
56865.435
56907.096
56948.755
56990.415
57032.072
57073.736
57115.394
57157.053
57198.712
57240.372
57282.030
57323.690
57365.352
57407.010
57448.669
57490.329
57531.989
57573.649
57615.309
57656.969
57698.628
57740.288
57781.947
57823.608
57865.267
57906.934
57948.587
57990.246
58031.907
58073.565
58115.225
58156.886
58198.545
58240.207
58281.865
58323.526
58365.186
58406.843
58448.502
58490.162
58531.822
58573.483
58615.143
58656.803
58698.462
58740.122
58781.794
58823.441
58865.100
58906.759
58948.419
58990.081
59031.741
59073.400
59115.060
59156.720
59198.380
59240.039
59281.698
59323.359
59365.017
59406.679
59448.339
59490.000
59531.655
59573.315
59614.973
59656.634
59698.297
59739.954
59781.631
59823.273
59864.933
59906.611
59948.267
59989.915
60031.572
60073.232
60114.891
60156.552
60198.211
60239.870
60281.528
60323.192
60364.851
60406.511
60448.171
60489.829
60531.490
60573.160
60614.809
60656.468
60698.129
60739.789
60781.447
60823.108
60864.768
60906.428
60948.086
60989.745
61031.405
61073.066
61114.725
61156.385
61198.045
61239.704
61281.363
61323.022
61364.692
61406.344
61448.006
61489.664
61531.323
61572.983
61614.643
61656.302
61697.961
61739.625
61781.282
61822.939
61864.600
61906.260
61947.919
61989.579
62031.238
62072.898
62114.557
62156.218
62197.878
62239.537
62281.205
62322.858
62364.518
62406.177
62447.836
62489.496
62531.156
62572.816
62614.483
62656.133
62697.794
62739.453
62781.112
62822.773
62864.433
62906.094
62947.752
62989.412
63031.071
63072.730
63114.390
63156.052
63197.712
63239.370
63281.028
63322.691
63364.350
63406.017
63447.668
63489.330
63530.987
63572.652
63614.307
63655.968
63697.627
63739.287
63780.949
63822.605
63864.266
63905.925
63947.586
63989.248
64030.906
64072.566
64114.223
64155.884
64197.544
64239.204
64280.861
64322.522
64364.185
64405.841
64447.503
64489.162
64530.821
64572.480
64614.139
64655.801
64697.459
64739.120
64780.778
64822.441
64864.103
64905.762
64947.420
64989.077
65030.740
65072.399
65114.056
65155.717
65197.377
65239.059
65280.705
65322.373
65364.015
65405.674
65447.349
65489.004
65530.655
65572.315
65613.973
65655.642
65697.295
65738.959
65780.614
65822.276
65863.934
65905.592
65947.251
65988.911
66030.570
66072.231
66113.890
66155.550
66197.228
66238.873
66280.544
66322.194
66363.851
66405.509
66447.170
66488.829
66530.499
66572.160
66613.807
66655.475
66697.126
66738.786
66780.448
66822.108
66863.768
66905.426
66947.086
66988.744
67030.403
67072.064
67113.724
67155.384
67197.065
67238.703
67280.362
67322.023
67363.683
67405.341
67447.001
67488.660
67530.327
67571.980
67613.640
67655.311
67696.959
67738.621
67780.279
67821.939
67863.599
67905.259
67946.924
67988.587
68030.250
68071.898
68113.556
68155.217
68196.878
68238.537
68280.195
68321.873
68363.531
68405.175
68446.837
68488.495
68530.153
68571.814
68613.473
68655.133
68696.793
68738.454
68780.114
68821.773
68863.432
68905.092
68946.752
68988.412
69030.071
69071.731
69113.390
69155.051
69196.710
69238.369
69280.029
69321.689
69363.349
69405.008
69446.667
69488.327
69529.987
69571.646
69613.308
69654.967
69696.638
69738.297
69779.947
69821.605
69863.271
69904.927
69946.586
69988.244
70029.904
70071.564
70113.236
70154.884
70196.543
70238.203
70279.861
70321.522
70363.183
70404.841
70446.500
70488.160
70529.820
70571.480
70613.138
70654.800
70696.464
70738.127
70779.780
70821.439
70863.099
70904.760
70946.417
70988.077
71029.736
71071.397
71113.066
71154.715
71196.379
71238.036
71279.695
71321.355
71363.016
71404.682
71446.336
71487.996
71529.659
71571.315
71612.980
71654.636
71696.296
71737.954
71779.614
71821.272
71862.934
71904.593
71946.252
71987.912
72029.574
72071.231
72112.890
72154.551
72196.210
72237.870
72279.532
72321.190
72362.847
72404.507
72446.168
72487.834
72529.490
72571.148
72612.808
72654.467
72696.128
72737.788
72779.445
72821.107
72862.766
72904.434
72946.084
72987.756
73029.403
73071.064
73112.738
73154.384
73196.047
73237.702
73279.364
73321.023
73362.683
73404.342
73446.002
73487.663
73529.322
73570.994
73612.653
73654.299
73695.960
73737.627
73779.278
73820.939
73862.597
73904.271
73945.917
73987.579
74029.236
74070.898
74112.559
74154.219
74195.877
74237.537
74279.194
74320.855
74362.515
74404.187
74445.837
74487.497
74529.154
74570.815
74612.476
74654.145
74695.792
74737.452
74779.112
74820.771
74862.434
74904.093
74945.751
74987.413
75029.092
75070.740
75112.390
75154.051
75195.711
75237.369
75279.031
75320.689
75362.348
75404.009
75445.671
75487.329
75528.989
75570.646
75612.307
75653.968
75695.628
75737.286
75778.950
75820.607
75862.264
75903.926
75945.586
75987.246
76028.910
76070.568
76112.226
76153.887
76195.547
76237.204
76278.861
76320.522
76362.184
76403.844
76445.514
76487.167
76528.823
76570.483
76612.141
76653.800
76695.468
76737.132
76778.781
76820.439
76862.099
76903.758
76945.418
76987.079
77028.751
77070.398
77112.062
77153.716
77195.376
77237.037
77278.696
77320.357
77362.019
77403.677
77445.336
77486.995
77528.655
77570.320
77611.986
77653.645
77695.295
77736.954
77778.613
77820.274
77861.933
77903.593
77945.250
77986.910
78028.569
78070.243
78111.890
78153.551
78195.210
78236.886
78278.529
78320.189
78361.848
78403.510
78445.178
78486.840
78528.489
78570.148
78611.807
78653.467
78695.135
78736.786
78778.445
78820.107
78861.775
78903.428
78945.096
78986.757
79028.406
79070.069
79111.731
79153.385
79195.044
79236.703
79278.362
79320.025
79361.698
79403.356
79445.003
79486.662
79528.321
79569.995
79611.647
79653.301
79694.961
79736.621
79778.281
79819.940
79861.599
79903.261
79944.920
79986.579
80028.240
80069.899
80111.558
80153.224
80194.879
80236.539
80278.195
80319.857
80361.520
80403.191
80444.857
80486.495
80528.156
80569.828
80611.483
80653.135
80694.794
80736.455
80778.117
80819.787
80861.432
80903.094
80944.754
80986.413
81028.073
81069.746
81111.398
81153.063
81194.732
81236.380
81278.029
81319.688
81361.363
81403.015
81444.672
81486.329
81527.990
81569.649
81611.326
81652.967
81694.630
81736.296
81777.947
81819.611
81861.275
81902.927
81944.588
81986.247
82027.905
82069.568
82111.225
82152.885
82194.557
82236.205
82277.862
82319.525
82361.186
82402.843
82444.501
82486.163
82527.826
82569.482
82611.142
82652.800
82694.460
82736.125
82777.782
82819.447
82861.102
82902.766
82944.419
82986.079
83027.740
83069.399
83111.058
83152.719
83194.378
83236.042
83277.698
83319.361
83361.020
83402.677
83444.336
83485.996
83527.655
83569.314
83610.974
83652.633
83694.293
83735.953
83777.613
83819.273
83860.934
83902.592
83944.251
83985.922
84027.571
84069.231
84110.900
84152.553
84194.215
84235.871
84277.533
84319.191
84360.862
84402.510
84444.169
84485.830
84527.490
84569.150
84610.815
84652.468
84694.139
84735.788
84777.446
84819.107
84860.768
84902.426
84944.085
84985.745
85027.407
85069.065
85110.732
85152.398
85194.060
85235.705
85277.366
85319.026
85360.687
85402.345
85444.004
85485.663
85527.324
85568.983
85610.651
85652.301
85693.966
85735.622
85777.279
85818.941
85860.600
85902.273
85943.925
85985.581
86027.242
86068.905
86110.567
86152.219
86193.884
86235.539
86277.196
86318.858
86360.518
86402.188
86443.838
86485.496
86527.171
86568.816
86610.488
86652.153
86693.806
86735.454
86777.114
86818.774
86860.435
86902.093
86943.753
86985.413
87027.071
87068.732
87110.396
87152.067
87193.723
87235.371
87277.033
87318.701
87360.363
87402.012
87443.670
87485.329
87526.989
87568.649
87610.318
87651.969
87693.630
87735.290
87776.949
87818.609
87860.267
87901.927
87943.585
87985.247
88026.907
88068.568
88110.238
88151.886
88193.547
88235.209
88276.866
88318.523
88360.176
88401.844
88443.505
88485.165
88526.821
88568.484
88610.143
88651.802
88693.463
88735.122
88776.781
88818.441
88860.101
88901.760
88943.419
88985.079
89026.741
89068.400
89110.060
89151.720
89193.380
89235.040
89276.698
89318.360
89360.035
89401.695
89443.338
89484.998
89526.657
89568.319
89609.976
89651.635
89693.296
89734.967
89776.616
89818.279
89859.934
89901.594
89943.254
89984.915
90026.573
90068.233
90109.892
90151.554
90193.215
90234.874
90276.532
90318.191
90359.850
90401.509
90443.192
90484.832
90526.489
90568.148
90609.810
90651.470
90693.128
90734.793
90776.447
90818.124
90859.780
90901.428
90943.093
90984.749
91026.407
91068.068
91109.724
91151.388
91193.046
91234.705
91276.364
91318.027
91359.688
91401.354
91443.018
91484.663
91526.324
91567.988
91609.648
91651.302
91692.962
91734.622
91776.280
91817.942
91859.600
91901.265
91942.920
91984.594
92026.239
92067.904
92109.566
92151.231
92192.881
92234.554
92276.198
92317.859
92359.536
92401.180
92442.838
92484.498
92526.158
92567.820
92609.478
92651.137
92692.801
92734.458
92776.115
92817.777
92859.433
92901.105
92942.754
92984.414
93026.073
93067.749
93109.393
93151.055
93192.717
93234.373
93276.037
93317.694
93359.363
93401.012
93442.671
93484.333
93525.992
93567.660
93609.310
93650.975
93692.632
93734.290
93775.948
93817.621
93859.268
93900.927
93942.587
93984.248
94025.906
94067.569
94109.227
94150.887
94192.557
94234.208
94275.865
94317.524
94359.185
94400.845
94442.507
94484.169
94525.825
94567.484
94609.167
94650.803
94692.463
94734.124
94775.782
94817.443
94859.105
94900.775
94942.420
94984.092
95025.743
95067.418
95109.059
95150.720
95192.381
95234.039
95275.699
95317.359
95359.021
95400.688
95442.343
95483.998
95525.657
95567.329
95608.986
95650.638
95692.297
95733.972
95775.617
95817.277
95858.934
95900.597
95942.255
95983.918
96025.573
96067.234
96108.894
96150.554
96192.223
96233.876
96275.533
96317.200
96358.854
96400.513
96442.172
96483.833
96525.500
96567.160
96608.817
96650.472
96692.132
96733.790
96775.454
96817.111
96858.770
96900.430
96942.089
96983.764
97025.409
97067.071
97108.727
97150.388
97192.057
97233.707
97275.365
97317.029
97358.685
97400.356
97442.008
97483.693
97525.326
97566.985
97608.662
97650.310
97691.965
97733.626
97775.283
97816.947
97858.604
97900.264
97941.921
97983.583
98025.241
98066.913
98108.561
98150.222
98191.880
98233.550
98275.204
98316.860
98358.521
98400.181
98441.843
98483.518
98525.161
98566.821
98608.479
98650.139
98691.800
98733.457
98775.130
98816.778
98858.437
98900.111
98941.755
98983.418
99025.076
99066.739
99108.395
99150.056
99191.715
99233.376
99275.034
99316.695
99358.354
99400.013
99441.675
99483.347
99525.003
99566.664
99608.313
99649.971
99691.631
99733.290
99774.956
99816.625
99858.283
99899.934
99941.601
99983.252
100024.919
100066.570
100108.228
100149.892
100191.547
100233.221
100274.867
100316.535
100358.187
100399.847
100441.507
100483.166
100524.830
100566.488
100608.148
100649.806
100691.468
100733.131
100774.784
100816.446
100858.102
100899.765
100941.423
100983.086
101024.743
101066.404
101108.064
101149.724
101191.384
101233.043
101274.701
101316.362
101358.022
101399.680
101441.350
101483.000
101524.660
101566.324
101607.981
101649.660
101691.305
101732.960
101774.620
101816.281
101857.936
101899.597
101941.265
101982.924
102024.577
102066.237
102107.905
102149.556
102191.214
102232.877
102274.533
102316.206
102357.860
102399.524
102441.180
102482.834
102524.511
102566.163
102607.817
102649.473
102691.133
102732.808
102774.457
102816.115
102857.769
102899.429
102941.089
102982.751
103024.417
103066.070
103107.731
103149.389
103191.050
103232.718
103274.371
103316.043
103357.702
103399.362
103441.017
103482.672
103524.333
103565.986
103607.647
103649.317
103690.965
103732.634
103774.284
103815.946
103857.611
103899.264
103940.926
103982.584
104024.244
104065.906
104107.563
104149.226
104190.884
104232.548
104274.201
104315.862
104357.530
104399.183
104440.843
104482.511
104524.162
104565.828
104607.482
104649.141
104690.800
104732.463
104774.119
104815.780
104857.437
104899.098
104940.769
104982.417
105024.079
105065.747
105107.395
105149.065
105190.721
105232.376
105274.035
105315.695
105357.355
105399.022
105440.692
105482.336
105523.997
105565.667
105607.316
105648.991
105690.634
105732.295
105773.951
105815.612
105857.276
105898.933
105940.592
105982.254
106023.911
106065.574
106107.232
106148.892
106190.552
106232.210
106273.868
106315.547
106357.193
106398.850
106440.511
106482.179
106523.829
106565.500
106607.165
106648.808
106690.469
106732.129
106773.793
106815.457
106857.107
106898.766
106940.426
106982.094
107023.743
107065.404
107107.063
107148.738
107190.382
107232.043
107273.703
107315.366
107357.026
107398.683
107440.343
107482.014
107523.668
107565.336
107606.981
107648.642
107690.301
107731.963
107773.625
107815.279
107856.948
107898.601
107940.258
107981.919
108023.577
108065.240
108106.906
108148.562
108190.225
108231.878
108273.536
108315.198
108356.870
108398.517
108440.177
108481.837
108523.495
108565.166
108606.825
108648.476
108690.147
108731.793
108773.454
108815.115
108856.772
108898.434
108940.091
108981.753
109023.411
109065.077
109106.732
109148.393
109190.045
109231.711
109273.370
109315.040
109356.691
109398.351
109440.011
109481.670
109523.331
109565.001
109606.659
109648.309
109689.974
109731.628
109773.288
109814.952
109856.607
109898.281
109939.926
109981.587
110023.245
110064.907
110106.563
110148.226
110189.890
110231.545
110273.205
110314.875
110356.528
110398.186
110439.845
110481.503
110523.166
110564.824
110606.482
110648.143
110689.802
110731.463
110773.124
110814.793
110856.443
110898.110
110939.761
110981.420
111023.083
111064.744
111106.413
111148.060
111189.719
111231.378
111273.039
111314.709
111356.358
111398.019
111439.692
111481.338
111523.000
111564.658
111606.318
111647.976
111689.650
111731.308
111772.956
111814.614
111856.277
111897.935
111939.599
111981.255
112022.917
112064.575
112106.234
112147.893
112189.553
112231.226
112272.875
112314.535
112356.193
112397.865
112439.525
112481.172
112522.832
112564.495
112606.160
112647.825
112689.471
112731.141
112772.783
112814.449
112856.101
112897.769
112939.421
112981.089
113022.740
113064.408
113106.061
113147.732
113189.381
113231.062
113272.700
113314.381
113356.024
113397.683
113439.346
113481.010
113522.668
113564.325
113605.992
113647.643
113689.304
113730.974
113772.626
113814.283
113855.942
113897.602
113939.263
113980.922
114022.582
114064.253
114105.912
114147.559
114189.221
114230.889
114272.554
114314.214
114355.859
114397.519
114439.178
114480.839
114522.498
114564.157
114605.818
114647.488
114689.144
114730.796
114772.457
114814.114
114855.776
114897.435
114939.101
114980.757
115022.414
115064.077
115105.735
115147.396
115189.055
115230.717
115272.374
115314.032
115355.695
115397.353
115439.011
115480.672
115522.333
115563.993
115605.660
115647.319
115688.971
115730.629
115772.301
115813.949
115855.619
115897.270
115938.930
115980.588
116022.248
116063.911
116105.582
116147.226
116188.892
116230.549
116272.209
116313.870
116355.527
116397.188
116438.847
116480.507
116522.171
116563.838
116605.485
116647.151
116688.804
116730.465
116772.134
116813.783
116855.444
116897.105
116938.782
116980.423
117022.098
117063.746
117105.406
117147.062
117188.723
117230.381
117272.042
117313.711
117355.363
117397.021
117438.681
117480.341
117522.016
117563.669
117605.321
117646.997
117688.640
117730.311
117771.964
117813.616
117855.285
117896.939
117938.614
117980.270
118021.934
118063.575
118105.238
118146.898
118188.559
118230.216
118271.875
118313.546
118355.198
118396.859
118438.515
118480.174
118521.832
118563.492
118605.152
118646.825
118688.482
118730.139
118771.793
118813.450
118855.112
118896.779
118938.432
118980.092
119021.752
119063.413
119105.073
119146.730
119188.390
119230.050
119271.713
119313.369
119355.028
119396.688
119438.348
119480.010
119521.669
119563.328
119604.992
119646.648
119688.312
119729.977
119771.625
119813.285
119854.946
119896.606
119938.265
119979.928
120021.594
120063.246
120104.904
120146.567
120188.226
120229.887
120271.554
120313.204
120354.864
120396.520
120438.182
120479.845
120521.504
120563.166
120604.826
120646.481
120688.144
120729.806
120771.475
120813.118
120854.780
120896.438
120938.099
120979.760
121021.418
121063.077
121104.738
121146.398
121188.058
121229.716
121271.378
121313.036
121354.695
121396.355
121438.014
121479.676
121521.344
121563.006
121604.655
121646.313
121687.985
121729.637
121771.292
121812.953
121854.614
121896.272
121937.934
121979.594
122021.252
122062.911
122104.580
122146.253
122187.892
122229.550
122271.210
122312.873
122354.529
122396.203
122437.848
122479.508
122521.169
122562.836
122604.488
122646.152
122687.815
122729.468
122771.142
122812.786
122854.446
122896.105
122937.767
122979.426
123021.087
123062.749
123104.407
123146.063
123187.741
123229.385
123271.047
123312.705
123354.364
123396.023
123437.683
123479.342
123521.009
123562.664
123604.322
123645.983
123687.644
123729.303
123770.962
123812.620
123854.282
123895.941
123937.599
123979.262
124020.921
124062.577
124104.257
124145.909
124187.572
124229.220
124270.879
124312.555
124354.203
124395.858
124437.516
124479.178
124520.853
124562.503
124604.154
124645.809
124687.476
124729.137
124770.795
124812.453
124854.113
124895.772
124937.432
124979.092
125020.752
125062.412
125104.073
125145.732
125187.412
125229.051
125270.712
125312.371
125354.032
125395.692
125437.350
125479.013
125520.671
125562.329
125603.993
125645.665
125687.323
125728.981
125770.628
125812.287
125853.947
125895.607
125937.268
125978.927
126020.593
126062.246
126103.906
126145.564
126187.240
126228.885
126270.556
126312.206
126353.865
126395.526
126437.184
126478.843
126520.517
126562.170
126603.823
126645.482
126687.143
126728.802
126770.462
126812.124
126853.790
126895.453
126937.103
126978.760
127020.441
127062.081
127103.742
127145.401
127187.061
127228.721
127270.382
127312.043
127353.700
127395.359
127437.018
127478.678
127520.355
127562.011
127603.659
127645.316
127686.976
127728.637
127770.299
127811.972
127853.618
127895.275
127936.937
127978.595
128020.255
128061.913
128103.575
128145.233
128186.898
128228.552
128270.215
128311.877
128353.543
128395.207
128436.851
128478.512
128520.179
128561.837
128603.491
128645.152
128686.810
128728.479
128770.133
128811.792
128853.450
128895.107
128936.769
128978.427
129020.088
129061.747
129103.410
129145.066
129186.727
129228.394
129270.060
129311.705
129353.366
129395.030
129436.687
129478.345
129520.004
129561.675
129603.334
129644.988
129686.644
129728.304
129769.963
129811.622
129853.295
129894.943
129936.617
129978.277
130019.921
130061.583
130103.247
130144.900
130186.561
130228.220
130269.886
130311.556
130353.197
130394.857
130436.516
130478.176
130728.140
130811.458
130853.120
130894.777
130936.438
130978.097
131019.759
131061.416
131103.082
131144.734
131186.400
131228.055
131269.716
131311.381
131353.047
131394.693
131436.353
131478.026
131519.671
131561.332
131602.992
131644.662
131686.314
131727.971
131769.634
131811.298
131852.967
131894.609
131936.270
131977.930
132019.591
132061.253
132102.910
132144.569
132186.229
132227.889
132269.547
132311.216
132352.870
132394.528
132436.189
132477.848
132519.511
132561.170
132602.827
132644.488
132686.146
132727.809
132769.465
132811.125
132852.784
132894.444
132936.105
132977.775
133019.423
133061.084
133102.752
133144.405
133186.074
133227.721
133269.384
133311.044
133352.705
133394.373
133436.021
133477.693
133519.340
133561.000
133602.658
133644.319
133685.978
133727.640
133769.300
133810.963
133852.620
133894.279
133935.939
133977.600
134019.261
134060.920
134102.578
134144.236
134185.916
134227.556
134269.228
134310.876
134352.535
134394.195
134435.854
134477.526
134519.176
134560.834
134602.495
134644.153
134685.821
134727.476
134769.134
134810.794
134852.453
134894.113
134935.773
134977.432
135019.095
135060.752
135102.410
135144.069
135185.731
135227.389
135269.049
135310.710
135352.369
135394.035
135435.691
135477.349
135519.009
135560.669
135602.328
135643.989
135685.663
135727.311
135768.967
135810.626
135852.297
135893.953
135935.606
135977.264
136018.935
136060.585
136102.252
136143.906
136185.573
136227.224
136268.885
136310.552
136352.205
136393.865
136435.525
136477.181
136518.844
136560.501
136602.172
136643.821
136685.480
136727.152
136768.815
136810.460
136852.122
136893.781
136935.445
136977.101
137018.759
137060.417
137102.088
137143.742
137185.407
137227.058
137268.719
137310.383
137352.041
137393.698
137435.358
137477.016
137518.677
137560.339
137602.004
137643.655
137685.314
137726.988
137768.636
137810.305
137851.954
137893.614
137935.278
137976.933
138018.594
138060.257
138101.912
138143.575
138185.238
138226.892
138268.551
138310.222
138351.877
138393.534
138435.194
138476.850
138518.512
138560.178
138601.830
138643.490
138685.148
138726.809
138768.471
138810.139
138851.793
138893.449
138935.107
138976.768
139018.434
139060.091
139101.745
139143.405
139185.065
139226.733
139268.387
139310.063
139351.704
139393.369
139435.041
139476.685
139518.358
139560.016
139601.668
139643.328
139684.995
139726.643
139768.303
139809.961
139851.626
139893.281
139934.941
139976.599
140018.261
140059.919
140101.580
140143.244
140184.900
140226.564
140268.236
140309.877
140351.540
140393.206
140434.860
140476.522
140518.188
140559.837
140601.507
140643.168
140684.817
140726.485
140768.135
140809.795
140851.457
140893.131
140934.776
140976.434
141018.096
141059.753
141101.415
141143.073
141184.733
141226.394
141268.061
141309.713
141351.390
141393.031
141434.711
141476.355
141518.012
141559.671
141601.332
141642.993
141684.651
141726.314
141767.970
141809.628
141851.289
141892.958
141934.611
141976.268
142017.927
142059.594
142101.257
142142.911
142184.568
142226.226
142267.890
142309.548
142351.207
142392.877
142434.540
142476.203
142517.845
142559.526
142601.167
142642.836
142684.485
142726.146
142767.805
142809.465
142851.126
142892.786
142934.443
142976.108
143017.762
143059.422
143101.081
143142.743
143184.414
143226.063
143267.720
143309.391
143351.041
143392.701
143434.361
143476.028
143517.681
143559.359
143601.000
143642.670
143684.317
143725.978
143767.648
143809.296
143850.964
143892.617
143934.275
143975.951
144017.596
144059.271
144100.916
144142.589
144184.240
144225.898
144267.557
144309.217
144350.887
144392.534
144434.193
144475.855
144517.514
144559.177
144600.836
144642.492
144684.153
144725.823
144767.472
144809.130
144850.801
144892.455
144934.130
144975.771
145017.430
145059.105
145100.750
145142.409
145184.080
145225.732
145267.389
145309.048
145350.713
145392.374
145434.028
145475.686
145517.347
145559.008
145600.681
145642.332
145683.986
145725.645
145767.304
145808.964
145850.623
145892.286
145933.946
145975.609
146017.264
146058.926
146100.591
146142.246
146183.904
146225.564
146267.224
146308.887
146350.541
146392.205
146433.880
146475.521
146517.181
146558.840
146600.515
146642.161
146683.820
146725.478
146767.137
146808.799
146850.458
146892.119
146933.779
146975.439
147017.099
147058.758
147100.428
147142.089
147183.737
147225.396
147267.064
147308.717
147350.375
147392.050
147433.708
147475.365
147517.015
147558.673
147600.335
147641.996
147683.654
147725.312
147766.972
147808.632
147850.293
147891.954
147933.622
147975.272
148016.931
148058.591
148100.264
148141.916
148183.580
148225.230
148266.889
148308.562
148350.221
148391.891
148433.529
148475.188
148516.850
148558.510
148600.187
148641.828
148683.501
148725.149
148766.810
148808.467
148850.128
148891.788
148933.446
148975.107
149016.767
149058.438
149100.087
149141.745
149183.406
149225.065
149266.726
149308.384
149350.044
149391.704
149433.363
149475.022
149516.684
149558.344
149600.017
149641.661
149683.321
149724.981
149766.641
149808.301
149849.959
149891.620
149933.283
149974.943
150016.601
150058.260
150099.920
150141.579
150183.240
150224.902
150266.558
150308.219
150349.876
150391.537
150433.206
150474.856
150516.531
150558.177
150599.837
150641.500
150683.157
150724.807
150766.474
150808.144
150849.794
150891.468
150933.114
150974.772
151016.433
151058.091
151099.753
151141.424
151183.076
151224.733
151266.390
151308.068
151349.712
151391.374
151433.031
151474.691
151516.351
151558.022
151599.678
151641.328
151683.000
151724.649
151766.308
151807.967
151849.627
151891.294
151932.950
151974.608
152016.267
152057.928
152099.587
152141.246
152182.905
152224.568
152266.228
152307.885
152349.544
152391.218
152432.874
152474.531
152516.183
152557.843
152599.514
152641.167
152682.827
152724.484
152766.141
152807.804
152849.463
152891.123
152932.782
152974.445
153016.103
153057.761
153099.419
153141.096
153182.743
153224.401
153266.059
153307.719
153349.379
153391.037
153432.709
153474.358
153516.021
153557.677
153599.337
153641.011
153682.661
153724.329
153765.977
153807.636
153849.294
153890.957
153932.616
153974.278
154015.937
154057.594
154099.253
154140.916
154182.584
154224.236
154265.894
154307.553
154349.221
154390.876
154432.534
154474.193
154515.853
154557.516
154599.178
154640.846
154682.491
154724.160
154765.809
154807.473
154849.131
154890.789
154932.451
154974.108
155015.770
155057.429
155099.087
155140.750
155182.409
155224.069
155265.728
155307.402
155349.046
155390.705
155432.366
155474.030
155515.688
155557.346
155599.007
155640.666
155682.335
155723.989
155765.645
155807.302
155848.963
155890.625
155932.294
155973.943
156015.604
156057.276
156098.922
156140.580
156182.242
156223.908
156265.560
156307.222
156348.882
156390.543
156432.205
156473.860
156515.519
156557.182
156598.844
156640.509
156682.159
156723.819
156765.481
156807.139
156848.803
156890.458
156932.119
156973.792
157015.449
157057.097
157098.754
157140.416
157182.083
157223.754
157265.397
157307.056
157348.716
157390.374
157432.034
157473.705
157515.354
157557.034
157598.673
157640.334
157682.007
157723.667
157765.313
157806.974
157848.633
157890.292
157931.950
157973.611
158015.286
158056.938
158098.590
158140.249
158181.910
158223.571
158265.230
158306.900
158348.548
158390.208
158431.869
158473.527
158515.201
158556.854
158598.520
158640.169
158681.826
158723.491
158765.155
158806.822
158848.469
158890.125
158931.784
158973.444
159015.104
159056.764
159098.424
159140.084
159181.748
159223.408
159265.062
159306.721
159348.383
159390.057
159431.719
159473.375
159515.022
159556.681
159598.350
159640.014
159681.660
159723.320
159764.980
159806.651
159848.300
159889.975
159931.618
159973.280
160014.946
160056.616
160098.256
160139.917
160181.584
160223.241
160264.898
160306.558
160348.215
160389.886
160431.547
160473.200
160514.857
160556.517
160598.174
160639.835
160681.505
160723.167
160764.815
160806.475
160848.135
160889.798
160931.455
160973.115
161014.773
161056.433
161098.092
161139.756
161181.417
161223.070
161264.729
161306.396
161348.050
161389.720
161431.369
161473.028
161514.700
161556.349
161598.007
161639.682
161681.326
161722.987
161764.649
161806.308
161848.015
161889.638
161931.285
161972.947
162014.606
162056.265
162097.924
162139.587
162181.246
162222.908
162264.564
162306.224
162347.884
162389.556
162431.204
162472.863
162514.535
162556.183
162597.848
162639.503
162681.163
162722.822
162764.484
162806.143
162847.801
162889.461
162931.120
162972.781
163014.444
163056.115
163097.760
163139.420
163181.080
163222.740
163264.397
163306.061
163347.720
163389.379
163431.038
163472.697
163514.367
163556.020
163597.685
163639.341
163680.995
163722.656
163764.314
163805.977
163847.637
163889.296
163930.954
163972.615
164014.284
164055.935
164097.598
164139.254
164180.912
164222.585
164264.235
164305.895
164347.553
164389.215
164430.887
164472.538
164514.195
164555.851
164597.511
164639.185
164680.838
164722.489
164764.148
164805.813
164847.467
164889.137
164930.800
164972.449
165014.108
165055.768
165097.426
165139.096
165180.746
165222.407
165264.066
165305.727
165347.396
165389.048
165430.706
165472.364
165514.025
165555.693
165597.343
165639.006
165680.665
165722.325
165763.982
165805.644
165847.305
165888.965
165930.638
165972.295
166013.944
166055.603
166097.261
166138.928
166180.583
166222.244
166263.904
166305.561
166347.221
166388.881
166430.540
166472.208
166513.858
166555.532
166597.192
166638.845
166680.498
166722.157
166763.817
166805.478
166847.143
166888.797
166930.456
166972.116
167013.775
167055.451
167097.098
167138.755
167180.416
167222.074
167263.734
167305.393
167347.062
167388.719
167430.384
167472.033
167513.692
167555.367
167597.013
167638.673
167680.335
167722.000
167763.653
167805.318
167846.981
167888.631
167930.289
167971.951
168013.614
168055.281
168096.942
168138.588
168180.247
168221.922
168263.570
168305.240
168346.888
168388.548
168430.209
168471.871
168513.528
168555.186
168596.846
168638.506
168680.164
168721.826
168763.490
168805.147
168846.806
168888.465
168930.126
168971.784
169013.442
169055.105
169096.769
169138.428
169180.090
169221.743
169263.406
169305.062
169346.724
169388.381
169430.040
169471.704
169513.362
169555.025
169596.684
169638.342
169680.005
169721.661
169763.322
169804.982
169846.639
169888.302
169929.959
169971.617
170013.278
170054.945
170096.598
170138.256
170179.917
170221.576
170263.237
170304.895
170346.556
170388.228
170429.878
170471.537
170513.194
170554.853
170596.518
170638.173
170679.833
170721.493
170763.153
170804.813
170846.472
170888.132
170929.791
170971.463
171013.110
171054.773
171096.433
171138.095
171179.751
171221.409
171263.070
171304.730
171346.390
171388.062
171429.710
171471.378
171513.027
171554.689
171596.348
171638.008
171679.670
171721.335
171762.997
171804.647
171846.305
171887.965
171929.626
171971.288
172012.951
172054.615
172096.278
172137.925
172179.585
172221.246
172262.907
172304.569
172346.229
172387.884
172429.543
172471.203
172512.861
172554.522
172596.194
172637.847
172679.518
172721.161
172762.821
172804.483
172846.140
172887.807
172929.466
172971.120
173012.792
173054.449
173096.113
173137.758
173179.417
173221.077
173262.738
173304.397
173346.067
173387.719
173429.376
173471.038
173512.710
173554.360
173596.017
173637.674
173679.336
173721.010
173762.656
173804.316
173845.983
173887.637
173929.293
173970.952
174012.612
174054.272
174095.932
174137.593
174179.253
174220.913
174262.579
174304.239
174345.890
174387.550
174429.218
174470.870
174512.530
174554.190
174595.851
174637.509
174679.169
174720.831
174762.499
174804.164
174845.809
174887.468
174929.140
174970.792
175012.447
175054.108
175095.765
175137.429
175179.087
175220.746
175262.404
175304.065
175345.725
175387.385
175429.044
175470.704
175512.365
175554.024
175595.683
175637.353
175679.015
175720.669
175762.330
175803.982
175845.650
175887.311
175928.971
175970.621
176012.283
176053.942
176095.599
176137.262
176178.921
176220.581
176262.249
176303.912
176345.558
176387.217
176428.878
176470.549
176512.199
176553.858
176595.518
176637.178
176678.851
176720.497
176762.160
176803.815
176845.474
176887.136
176928.794
176970.459
177012.113
177053.773
177095.433
177137.094
177178.754
177220.418
177262.072
177303.735
177345.395
177387.058
177428.715
177470.371
177512.030
177553.692
177595.362
177637.015
177678.672
177720.332
177761.990
177803.653
177845.309
177886.981
177928.631
177970.297
178011.949
178053.609
178095.267
178136.930
178178.586
178220.249
178261.909
178303.570
178345.227
178386.886
178428.561
178470.213
178511.865
178553.525
178595.187
178636.859
178678.520
178720.165
178761.824
178803.484
178845.142
178886.812
178928.465
178970.123
179011.781
179053.447
179095.100
179136.762
179178.419
179220.081
179261.740
179303.408
179345.070
179386.721
179428.382
179470.042
179511.705
179553.373
179595.024
179636.680
179678.347
179720.005
179761.661
179803.318
179844.976
179886.642
179928.300
179969.958
180011.618
180053.276
180094.937
180136.600
180178.254
180219.916
180261.573
180303.237
180344.900
180386.556
180428.215
180469.875
180511.534
180553.194
180594.853
180636.513
180678.174
180719.833
180761.492
180803.149
180844.811
180886.483
180928.131
180969.791
181011.456
181053.110
181094.772
181136.431
181178.093
181219.748
181261.413
181303.069
181344.729
181386.388
181428.049
181469.709
181511.368
181553.038
181594.688
181636.347
181678.008
181719.669
181761.327
181802.987
181844.645
181886.322
181927.974
181969.627
182011.286
182052.946
182094.605
182136.267
182177.925
182219.590
182261.243
182302.906
182344.561
182386.222
182427.883
182469.542
182511.216
182552.875
182594.526
182636.182
182677.841
182719.508
182761.159
182802.820
182844.481
182886.144
182927.800
182969.460
183011.117
183052.779
183094.438
183136.112
183177.756
183219.417
183261.079
183302.742
183344.397
183386.057
183427.715
183469.376
183511.045
183552.698
183594.366
183636.014
183677.676
183719.334
183760.995
183802.656
183844.315
183885.973
183927.633
183969.292
184010.954
184052.613
184094.271
184135.930
184177.591
184219.256
184260.916
184302.573
184344.230
184385.890
184427.555
184469.229
184510.885
184552.530
184594.189
184635.855
184677.509
184719.180
184760.827
184802.489
184844.149
184885.824
184927.468
184969.126
185010.785
185052.445
185094.106
185135.778
185177.429
185219.085
185260.758
185302.406
185344.063
185385.725
185427.391
185469.050
185510.705
185552.365
185594.025
185635.685
185677.348
185719.003
185760.663
185802.324
185843.980
185885.640
185927.315
185968.963
186010.631
186052.280
186093.941
186135.600
186177.260
186218.921
186260.579
186302.240
186343.899
186385.559
186427.216
186468.879
186510.538
186552.201
186593.869
186635.516
186677.176
186718.849
186760.503
186802.154
186843.815
186885.473
186927.136
186968.794
187010.459
187052.113
187093.774
187135.443
187177.103
187218.754
187260.412
187302.073
187343.741
187385.391
187427.050
187468.711
187510.370
187552.032
187593.690
187635.350
187677.012
187718.671
187760.330
187801.992
187843.663
187885.310
187926.984
187968.628
188010.303
188051.962
188093.609
188135.283
188176.927
188218.595
188260.249
188301.906
188343.568
188385.227
188426.886
188468.545
188510.215
188551.869
188593.525
188635.184
188676.844
188718.515
188760.165
188801.836
188843.484
188885.144
188926.814
188968.474
189010.138
189051.783
189093.442
189135.102
189176.764
189218.421
189260.087
189301.743
189343.403
189385.061
189426.722
189468.381
189510.039
189551.699
189593.358
189635.019
189676.686
189718.340
189759.999
189801.656
189843.323
189884.976
189926.644
189968.295
190009.961
190051.616
190093.279
190134.934
190176.596
190218.255
190259.926
190301.573
190343.241
190384.892
190426.555
190468.218
190509.884
190551.536
190593.195
190634.853
190676.512
190718.173
190759.834
190801.494
190843.165
190884.810
190926.474
190968.132
191009.792
191051.453
191093.111
191134.775
191176.432
191218.091
191259.759
191301.408
191343.069
191384.731
191426.389
191468.046
191509.709
191551.367
191593.029
191634.694
191676.348
191718.006
191759.666
191801.323
191842.985
191884.645
191926.319
191967.966
192009.630
192051.286
192092.944
192134.602
192176.268
192217.927
192259.585
192301.241
192342.904
192384.566
