0.000
41.664
83.331
124.993
166.660
208.325
249.989
291.654
333.322
374.985
416.652
458.317
499.982
541.649
583.314
624.979
666.645
708.315
749.977
791.639
833.307
874.973
916.638
958.310
999.979
1041.641
1083.300
1124.994
1166.634
1208.295
1249.962
1291.625
1333.291
1374.956
1416.624
1458.289
1499.954
1541.619
1583.286
1624.950
1666.615
1708.294
1749.961
1791.622
1833.285
1874.969
1916.611
1958.286
1999.946
2041.615
2083.276
2124.942
2166.605
2208.267
2249.932
2291.598
2333.262
2374.928
2416.595
2458.259
2499.924
2541.589
2583.256
2624.921
2666.586
2708.260
2749.918
2791.582
2833.248
2874.915
2916.581
2958.247
2999.912
3041.578
3083.241
3124.907
3166.572
3208.238
3249.902
3291.568
3333.234
3374.900
3416.564
3458.231
3499.895
3541.561
3583.227
3624.892
3666.558
3708.225
3749.888
3791.555
3833.221
3874.886
3916.551
3958.217
3999.883
4041.548
4083.213
4124.878
4166.544
4208.209
4249.875
4291.541
4333.205
4374.872
4416.537
4458.202
4499.868
4541.534
4583.198
4624.864
4666.529
4708.195
4749.860
4791.526
4833.192
4874.858
4916.523
4958.188
4999.854
5041.519
5083.184
5124.850
5166.518
5208.181
5249.845
5291.511
5333.176
5374.842
5416.507
5458.176
5499.839
5541.506
5583.170
5624.836
5666.500
5708.167
5749.832
5791.497
5833.162
5874.829
5916.494
5958.159
5999.825
6041.491
6083.153
6124.820
6166.486
6208.152
6249.817
6291.483
6333.147
6374.814
6416.478
6458.145
6499.810
6541.474
6583.139
6624.805
6666.471
6708.138
6749.802
6791.467
6833.133
6874.799
6916.464
6958.129
6999.796
7041.462
7083.127
7124.793
7166.458
7208.123
7249.787
7291.454
7333.118
7374.786
7416.449
7458.116
7499.781
7541.447
7583.111
7624.781
7666.443
7708.109
7749.773
7791.440
7833.105
7874.772
7916.437
7958.101
7999.767
8041.433
8083.097
8124.763
8166.427
8208.095
8249.759
8291.426
8333.090
8374.756
8416.420
8458.088
8499.752
8541.419
8583.082
8624.750
8666.413
8708.079
8749.744
8791.412
8833.077
8874.742
8916.407
8958.073
8999.739
9041.404
9083.070
9124.734
9166.400
9208.066
9249.731
9291.395
9333.062
9374.726
9416.393
9458.057
9499.724
9541.390
9583.053
9624.719
9666.386
9708.050
9749.717
9791.380
9833.049
9874.714
9916.379
9958.044
9999.710
10041.376
10083.039
10124.706
10166.373
10208.038
10249.701
10291.368
10333.032
10374.700
10416.363
10458.031
10499.694
10541.361
10583.025
10624.692
10666.356
10708.023
10749.687
10791.353
10833.019
10874.685
10916.350
10958.015
10999.681
11041.346
11083.011
11124.675
11166.342
11208.006
11249.672
11291.337
11333.003
11374.669
11416.335
11457.999
11499.666
11541.330
11582.995
11624.662
11666.326
11707.992
11749.658
11791.324
11832.990
11874.657
11916.321
11957.986
11999.652
12041.318
12082.982
12124.647
12166.313
12207.977
12249.645
12291.309
12332.974
12374.639
12416.306
12457.970
12499.637
12541.301
12582.967
12624.632
12666.297
12707.963
12749.632
12791.296
12832.962
12874.628
12916.292
12957.957
12999.624
13041.289
13082.952
13124.618
13166.284
13207.948
13249.614
13291.279
13332.944
13374.610
13416.275
13457.941
13499.607
13541.272
13582.937
13624.603
13666.268
13707.934
13749.601
13791.266
13832.933
13874.598
13916.263
13957.928
13999.595
14041.260
14082.924
14124.590
14166.255
14207.922
14249.585
14291.252
14332.916
14374.584
14416.247
14457.915
14499.578
14541.244
14582.909
14624.576
14666.241
14707.905
14749.571
14791.239
14832.904
14874.569
14916.235
14957.900
14999.565
15041.231
15082.895
15124.562
15166.228
15207.893
15249.558
15291.224
15332.888
15374.555
15416.219
15457.886
15499.550
15541.217
15582.881
15624.548
15666.211
15707.879
15749.543
15791.209
15832.874
15874.538
15916.204
15957.870
15999.537
16041.202
16082.868
16124.531
16166.197
16207.862
16249.529
16291.193
16332.859
16374.524
16416.191
16457.857
16499.522
16541.188
16582.854
16624.518
16666.186
16707.850
16749.516
16791.181
16832.846
16874.511
16916.175
16957.843
16999.508
17041.173
17082.840
17124.505
17166.170
17207.836
17249.501
17291.167
17332.832
17374.496
17416.163
17457.827
17499.493
17541.158
17582.825
17624.489
17666.155
17707.821
17749.486
17791.151
17832.817
17874.483
17916.149
17957.812
17999.480
18041.144
18082.809
18124.477
18166.139
18207.807
18249.471
18291.137
18332.801
18374.468
18416.133
18457.800
18499.463
18541.130
18582.794
18624.461
18666.125
18707.793
18749.457
18791.123
18832.788
18874.454
18916.120
18957.785
18999.451
19041.116
19082.798
19124.447
19166.113
19207.779
19249.444
19291.109
19332.774
19374.440
19416.105
19457.771
19499.436
19541.113
19582.768
19624.433
19666.098
19707.763
19749.429
19791.094
19832.759
19874.425
19916.091
19957.757
19999.422
20041.087
20082.751
20124.417
20166.096
20207.750
20249.418
20291.080
20332.752
20374.411
20416.084
20457.742
20499.415
20541.072
20582.745
20624.403
20666.074
20707.749
20749.400
20791.072
20832.732
20874.397
20916.063
20957.728
20999.393
21041.059
21082.722
21124.390
21166.053
21207.720
21249.384
21291.049
21332.715
21374.383
21416.047
21457.714
21499.376
21541.046
21582.712
21624.386
21666.043
21707.709
21749.376
21791.037
21832.702
21874.367
21916.033
21957.698
21999.365
22041.028
22082.693
22124.358
22166.026
22207.689
22249.356
22291.020
22332.687
22374.353
22416.018
22457.684
22499.349
22541.015
22582.680
22624.344
22666.011
22707.676
22749.341
22791.008
22832.673
22874.339
22916.004
22957.670
22999.336
23041.001
23082.666
23124.331
23165.999
23207.662
23249.329
23290.993
23332.660
23374.325
23415.990
23457.655
23499.321
23540.986
23582.652
23624.316
23665.981
23707.647
23749.314
23790.978
23832.645
23874.311
23915.976
23957.642
23999.307
24040.973
24082.637
24124.305
24165.968
24207.632
24249.298
24290.965
24332.629
24374.295
24415.960
24457.626
24499.291
24540.958
24582.621
24624.289
24665.961
24707.620
24749.284
24790.951
24832.622
24874.283
24915.947
24957.621
24999.279
25040.944
25082.611
25124.274
25165.939
25207.605
25249.272
25290.937
25332.602
25374.267
25415.933
25457.598
25499.264
25540.929
25582.594
25624.257
25665.924
25707.591
25749.257
25790.921
25832.587
25874.251
25915.919
25957.584
25999.249
26040.915
26082.587
26124.250
26165.935
26207.577
26249.251
26290.908
26332.582
26374.240
26415.909
26457.570
26499.236
26540.901
26582.564
26624.231
26665.897
26707.567
26749.229
26790.894
26832.558
26874.225
26915.887
26957.553
26999.220
27040.886
27082.550
27124.217
27165.882
27207.550
27249.212
27290.879
27332.543
27374.210
27415.873
27457.541
27499.204
27540.873
27582.537
27624.203
27665.867
27707.534
27749.199
27790.865
27832.530
27874.196
27915.861
27957.525
27999.192
28040.890
28082.524
28124.213
28165.854
28207.533
28249.185
28290.855
28332.515
28374.181
28415.847
28457.505
28499.177
28540.836
28582.509
28624.167
28665.840
28707.504
28749.171
28790.836
28832.502
28874.167
28915.832
28957.498
28999.164
29040.829
29082.492
29124.175
29165.823
29207.490
29249.154
29290.822
29332.485
29374.153
29415.816
29457.482
29499.147
29540.814
29582.484
29624.145
29665.809
29707.485
29749.140
29790.807
29832.473
29874.138
29915.804
29957.469
29999.134
30040.801
30082.463
30124.131
30165.796
30207.462
30249.125
30290.793
30332.456
30374.124
30415.787
30457.455
30499.122
30540.786
30582.449
30624.117
30665.781
30707.458
30749.111
30790.771
30832.442
30874.103
30915.773
30957.435
30999.106
31040.765
31082.436
31124.095
31165.767
31207.427
31249.092
31290.762
31332.428
31374.094
31415.759
31457.425
31499.090
31540.755
31582.421
31624.087
31665.751
31707.428
31749.083
31790.750
31832.415
31874.081
31915.746
31957.412
31999.077
32040.741
32082.406
32124.074
32165.740
32207.405
32249.068
32290.736
32332.399
32374.066
32415.730
32457.398
32499.062
32540.727
32582.392
32624.057
32665.723
32707.398
32749.054
32790.721
32832.387
32874.054
32915.718
32957.383
32999.048
33040.712
33082.379
33124.043
33165.711
33207.374
33249.041
33290.705
33332.372
33374.037
33415.704
33457.368
33499.034
33540.698
33582.364
33624.030
33665.695
33707.361
33749.027
33790.692
33832.358
33874.023
33915.689
33957.353
33999.019
34040.683
34082.349
34124.014
34165.680
34207.345
34249.012
34290.677
34332.341
34374.008
34415.674
34457.338
34499.005
34540.669
34582.334
34624.000
34665.666
34707.362
34748.998
34790.665
34832.330
34873.995
34915.660
34957.325
34998.992
35040.655
35082.320
35123.987
35165.656
35207.317
35248.983
35290.649
35332.314
35373.979
35415.645
35457.310
35498.976
35540.642
35582.308
35623.973
35665.638
35707.327
35748.969
35790.636
35832.302
35873.967
35915.631
35957.297
35998.964
36040.628
36082.292
36123.957
36165.623
36207.291
36248.954
36290.621
36332.284
36373.950
36415.615
36457.281
36498.946
36540.612
36582.277
36623.943
36665.609
36707.282
36748.941
36790.605
36832.272
36873.938
36915.604
36957.268
36998.935
37040.599
37082.264
37123.928
37165.595
37207.260
37248.927
37290.590
37332.256
37373.921
37415.588
37457.253
37498.920
37540.583
37582.250
37623.915
37665.580
37707.254
37748.913
37790.578
37832.243
37873.908
37915.574
37957.240
37998.905
38040.571
38082.235
38123.902
38165.567
38207.233
38248.897
38290.564
38332.227
38373.895
38415.559
38457.225
38498.890
38540.557
38582.221
38623.888
38665.551
38707.220
38748.883
38790.549
38832.216
38873.878
38915.546
38957.211
38998.877
39040.543
39082.206
39123.873
39165.538
39207.204
39248.868
39290.534
39332.199
39373.864
39415.530
39457.197
39498.861
39540.526
39582.193
39623.857
39665.522
39707.198
39748.854
39790.521
39832.187
39873.853
39915.517
39957.183
39998.849
40040.514
40082.177
40123.848
40165.511
40207.176
40248.839
40290.506
40332.170
40373.837
40415.501
40457.169
40498.832
40540.500
40582.163
40623.830
40665.494
40707.168
40748.825
40790.493
40832.158
40873.823
40915.490
40957.154
40998.820
41040.485
41082.149
41123.816
41165.480
41207.147
41248.816
41290.476
41332.142
41373.809
41415.473
41457.140
41498.804
41540.472
41582.135
41623.802
41665.465
41707.145
41748.796
41790.463
41832.130
41873.795
41915.461
41957.126
41998.792
42040.457
42082.120
42123.786
42165.456
42207.116
42248.782
42290.448
42332.113
42373.778
42415.445
42457.109
42498.775
42540.441
42582.107
42623.771
42665.438
42707.104
42748.770
42790.436
42832.100
42873.766
42915.430
42957.095
42998.763
43040.428
43082.092
43123.757
43165.427
43207.088
43248.754
43290.419
43332.085
43373.750
43415.416
43457.082
43498.747
43540.412
43582.078
43623.743
43665.409
43707.094
43748.742
43790.406
43832.072
43873.738
43915.404
43957.068
43998.735
44040.399
44082.065
44123.729
44165.397
44207.060
44248.725
44290.390
44332.055
44373.721
44415.387
44457.052
44498.718
44540.383
44582.049
44623.715
44665.381
44707.052
44748.713
44790.377
44832.044
44873.709
44915.373
44957.038
44998.705
45040.370
45082.034
45123.700
45165.366
45207.032
45248.697
45290.362
45332.029
45373.693
45415.359
45457.026
45498.689
45540.356
45582.021
45623.687
45665.351
45707.025
45748.682
45790.349
45832.015
45873.681
45915.346
45957.011
45998.676
46040.342
46082.005
46123.671
46165.338
46207.004
46248.667
46290.334
46331.999
46373.664
46415.330
46456.995
46498.660
46540.326
46581.992
46623.659
46665.323
46706.995
46748.653
46790.321
46831.988
46873.653
46915.317
46956.983
46998.648
47040.316
47081.977
47123.645
47165.311
47206.976
47248.639
47290.307
47331.970
47373.637
47415.301
47456.968
47498.632
47540.300
47581.963
47623.631
47665.294
47706.962
47748.625
47790.292
47831.958
47873.623
47915.289
47956.954
47998.619
48040.285
48081.949
48123.615
48165.281
48206.945
48248.611
48290.276
48331.941
48373.607
48415.273
48456.939
48498.604
48540.270
48581.935
48623.601
48665.266
48706.934
48748.597
48790.263
48831.928
48873.595
48915.260
48956.926
48998.591
49040.257
49081.920
49123.586
49165.251
49206.919
49248.582
49290.248
49331.913
49373.578
49415.244
49456.911
49498.575
49540.242
49581.906
49623.572
49665.236
49706.912
49748.568
49790.234
49831.901
49873.567
49915.231
49956.896
49998.562
50040.229
50081.893
50123.560
50165.223
50206.889
50248.553
50290.219
50331.886
50373.551
50415.216
50456.881
50498.547
50540.214
50581.877
50623.543
50665.208
50706.897
50748.540
50790.208
50831.873
50873.537
50915.202
50956.868
50998.533
51040.199
51081.864
51123.528
51165.195
51206.859
51248.527
51290.190
51331.855
51373.521
51415.188
51456.852
51498.519
51540.184
51581.849
51623.513
51665.180
51706.845
51748.511
51790.178
51831.841
51873.507
51915.167
51956.839
51998.503
52040.169
52081.835
52123.501
52165.166
52206.832
52248.495
52290.162
52331.828
52373.494
52415.159
52456.825
52498.488
52540.156
52581.820
52623.486
52665.151
52706.818
52748.483
52790.148
52831.815
52873.480
52915.145
52956.809
52998.477
53040.143
53081.808
53123.472
53165.139
53206.801
53248.468
53290.133
53331.799
53373.464
53415.130
53456.796
53498.460
53540.125
53581.792
53623.457
53665.124
53706.804
53748.455
53790.121
53831.786
53873.452
53915.117
53956.781
53998.447
54040.113
54081.777
54123.442
54165.109
54206.774
54248.439
54290.105
54331.770
54373.435
54415.102
54456.766
54498.433
54540.097
54581.765
54623.428
54665.095
54706.763
54748.426
54790.092
54831.757
54873.423
54915.089
54956.753
54998.420
55040.085
55081.748
55123.414
55165.082
55206.746
55248.410
55290.077
55331.741
55373.407
55415.072
55456.738
55498.403
55540.068
55581.734
55623.400
55665.066
55706.736
55748.396
55790.063
55831.727
55873.395
55915.057
55956.725
55998.390
56040.056
56081.720
56123.386
56165.052
56206.718
56248.382
56290.048
56331.713
56373.380
56415.044
56456.711
56498.374
56540.041
56581.705
56623.371
56665.037
56706.711
56748.368
56790.035
56831.703
56873.366
56915.031
56956.697
56998.363
57040.028
57081.692
57123.354
57165.020
57206.688
57248.355
57290.020
57331.685
57373.350
57415.017
57456.681
57498.348
57540.012
57581.679
57623.344
57665.011
57706.680
57748.341
57790.006
57831.672
57873.338
57915.003
57956.668
57998.334
58039.999
58081.665
58123.323
58164.996
58206.657
58248.325
58289.986
58331.657
58373.317
58414.987
58456.652
58498.318
58539.984
58581.649
58623.314
58664.980
58706.649
58748.312
58789.979
58831.645
58873.309
58914.975
58956.640
58998.305
59039.971
59081.634
59123.302
59164.968
59206.633
59248.304
59289.964
59331.627
59373.295
59414.958
59456.626
59498.290
59539.957
59581.622
59623.286
59664.951
59706.627
59748.282
59789.949
59831.614
59873.280
59914.945
59956.611
59998.277
60039.941
60081.607
60123.271
60164.938
60206.603
60248.268
60289.935
60331.600
60373.264
60414.930
60456.597
60498.262
60539.926
60581.593
60623.257
60664.923
60706.599
60748.255
60789.921
60831.587
60873.252
60914.918
60956.583
60998.247
61039.912
61081.577
61123.243
61164.910
61206.574
61248.239
61289.904
61331.570
61373.236
61414.903
61456.566
61498.232
61539.898
61581.563
61623.228
61664.895
61706.565
61748.226
61789.892
61831.558
61873.223
61914.889
61956.554
61998.220
62039.885
62081.550
62123.216
62164.881
62206.547
62248.213
62289.878
62331.543
62373.209
62414.874
62456.540
62498.206
62539.870
62581.536
62623.202
62664.867
62706.536
62748.199
62789.864
62831.529
62873.194
62914.860
62956.526
62998.191
63039.857
63081.520
63123.188
63164.847
63206.519
63248.177
63289.849
63331.508
63373.181
63414.839
63456.514
63498.175
63539.843
63581.506
63623.173
63664.839
63706.510
63748.168
63789.836
63831.499
63873.166
63914.832
63956.497
63998.162
64039.828
64081.492
64123.158
64164.823
64206.489
64248.154
64289.818
64331.485
64373.150
64414.817
64456.481
64498.148
64539.812
64581.479
64623.143
64664.810
64706.481
64748.142
64789.806
64831.473
64873.137
64914.803
64956.469
64998.134
65039.799
65081.464
65123.130
65164.796
65206.461
65248.126
65289.791
65331.456
65373.122
65414.789
65456.452
65498.120
65539.784
65581.451
65623.116
65664.781
65706.454
65748.111
65789.777
65831.444
65873.109
65914.773
65956.440
65998.106
66039.771
66081.435
66123.101
66164.766
66206.432
66248.098
66289.762
66331.429
66373.093
66414.759
66456.424
66498.090
66539.755
66581.422
66623.086
66664.751
66706.423
66748.083
66789.749
66831.415
66873.080
66914.746
66956.409
66998.077
67039.741
67081.407
67123.072
67164.738
67206.405
67248.069
67289.736
67331.400
67373.065
67414.730
67456.396
67498.062
67539.727
67581.392
67623.058
67664.723
67706.401
67748.056
67789.720
67831.388
67873.051
67914.715
67956.383
67998.048
68039.714
68081.378
68123.046
68164.709
68206.374
68248.039
68289.706
68331.370
68373.037
68414.702
68456.369
68498.034
68539.698
68581.364
68623.030
68664.695
68706.367
68748.026
68789.692
68831.359
68873.023
68914.687
68956.353
68998.019
69039.684
69081.350
69123.015
69164.681
69206.348
69248.012
69289.679
69331.342
69373.009
69414.674
69456.341
69498.004
69539.672
69581.335
69623.006
69664.667
69706.358
69747.999
69789.664
69831.330
69872.995
69914.660
69956.325
69997.992
70039.657
70081.331
70122.988
70164.652
70206.319
70247.983
70289.648
70331.313
70372.979
70414.644
70456.310
70497.976
70539.644
70581.307
70622.972
70664.638
70706.329
70747.971
70789.634
70831.301
70872.967
70914.631
70956.299
70997.964
71039.628
71081.293
71122.958
71164.624
71206.290
71247.953
71289.621
71331.285
71372.952
71414.616
71456.282
71497.947
71539.614
71581.278
71622.944
71664.610
71706.295
71747.940
71789.606
71831.273
71872.937
71914.602
71956.267
71997.933
72039.598
72081.263
72122.929
72164.596
72206.260
72247.927
72289.592
72331.257
72372.922
72414.588
72456.254
72497.919
72539.584
72581.249
72622.917
72664.581
72706.254
72747.913
72789.578
72831.245
72872.909
72914.574
72956.241
72997.905
73039.571
73081.236
73122.900
73164.567
73206.233
73247.903
73289.564
73331.230
73372.894
73414.561
73456.225
73497.892
73539.556
73581.222
73622.887
73664.552
73706.227
73747.886
73789.550
73831.216
73872.881
73914.547
73956.213
73997.878
74039.543
74081.206
74122.872
74164.538
74206.204
74247.870
74289.534
74331.200
74372.865
74414.531
74456.196
74497.862
74539.528
74581.194
74622.860
74664.524
74706.200
74747.857
74789.521
74831.188
74872.853
74914.519
74956.183
74997.849
75039.513
75081.180
75122.844
75164.511
75206.175
75247.842
75289.506
75331.173
75372.837
75414.504
75456.168
75497.834
75539.499
75581.166
75622.831
75664.496
75706.176
75747.828
75789.493
75831.158
75872.824
75914.489
75956.154
75997.821
76039.484
76081.150
76122.815
76164.483
76206.147
76247.811
76289.479
76331.144
76372.809
76414.475
76456.139
76497.805
76539.470
76581.136
76622.803
76664.468
76706.138
76747.801
76789.466
76831.129
76872.797
76914.462
76956.125
76997.793
77039.457
77081.157
77122.789
77164.477
77206.117
77247.806
77289.448
77331.125
77372.781
77414.440
77456.112
77497.773
77539.443
77581.109
77622.775
77664.439
77706.116
77747.772
77789.437
77831.103
77872.768
77914.432
77956.097
77997.757
78039.423
78081.088
78122.759
78164.426
78206.089
78247.758
78289.421
78331.088
78372.752
78414.419
78456.083
78497.749
78539.414
78581.081
78622.746
78664.412
78706.087
78747.743
78789.409
78831.073
78872.741
78914.405
78956.071
78997.734
79039.402
79081.065
79122.732
79164.395
79206.063
79247.727
79289.394
79331.058
79372.725
79414.389
79456.057
79497.720
79539.387
79581.052
79622.718
79664.384
79706.061
79747.715
79789.380
79831.046
79872.711
79914.377
79956.042
79997.705
80039.373
80081.037
80122.703
80164.367
80206.035
80247.698
80289.365
80331.029
80372.697
80414.361
80456.028
80497.691
80539.362
80581.023
80622.690
80664.356
80706.029
80747.686
80789.352
80831.018
80872.683
80914.348
80956.013
80997.677
81039.345
81081.008
81122.675
81164.339
81206.005
81247.670
81289.335
81331.001
81372.667
81414.332
81455.998
81497.663
81539.328
81580.993
81622.661
81664.325
81706.000
81747.658
81789.323
81830.988
81872.654
81914.319
81955.984
81997.649
82039.316
82080.980
82122.647
82164.311
82205.978
82247.642
82289.309
82330.973
82372.639
82414.304
82455.970
82497.634
82539.301
82580.967
82622.632
82664.303
82705.971
82747.629
82789.293
82830.961
82872.626
82914.292
82955.957
82997.621
83039.287
83080.950
83122.618
83164.282
83205.943
83247.613
83289.273
83330.943
83372.610
83414.274
83455.943
83497.606
83539.272
83580.938
83622.603
83664.270
83705.942
83747.600
83789.267
83830.932
83872.598
83914.261
83955.927
83997.592
84039.257
84080.922
84122.588
84164.253
84205.920
84247.584
84289.250
84330.916
84372.582
84414.246
84455.914
84497.578
84539.243
84580.909
84622.574
84664.240
84705.914
84747.572
84789.237
84830.904
84872.569
84914.227
84955.897
84997.559
85039.230
85080.894
85122.560
85164.226
85205.891
85247.556
85289.221
85330.887
85372.553
85414.218
85455.883
85497.549
85539.216
85580.881
85622.546
85664.211
85705.885
85747.544
85789.210
85830.874
85872.542
85914.206
85955.870
85997.537
86039.200
86080.866
86122.533
86164.197
86205.864
86247.528
86289.196
86330.859
86372.526
86414.190
86455.857
86497.520
86539.188
86580.853
86622.519
86664.185
86705.857
86747.516
86789.181
86830.846
86872.512
86914.177
86955.843
86997.507
87039.175
87080.837
87122.506
87164.169
87205.836
87247.499
87289.167
87330.830
87372.498
87414.162
87455.829
87497.492
87539.159
87580.825
87622.490
87664.156
87705.826
87747.488
87789.152
87830.818
87872.484
87914.149
87955.815
87997.478
88039.146
88080.810
88122.477
88164.140
88205.807
88247.472
88289.138
88330.802
88372.470
88414.133
88455.800
88497.464
88539.132
88580.796
88622.463
88664.128
88705.797
88747.459
88789.125
88830.790
88872.456
88914.120
88955.786
88997.450
89039.115
89080.781
89122.448
89164.112
89205.778
89247.443
89289.110
89330.773
89372.439
89414.105
89455.771
89497.435
89539.102
89580.767
89622.433
89664.100
89705.772
89747.431
89789.096
89830.762
89872.427
89914.092
89955.758
89997.421
90039.088
90080.752
90122.419
90164.083
90205.750
90247.414
90289.080
90330.745
90372.412
90414.076
90455.744
90497.408
90539.078
90580.738
90622.405
90664.071
90705.747
90747.402
90789.068
90830.733
90872.399
90914.063
90955.729
90997.393
91039.058
91080.724
91122.389
91164.055
91205.721
91247.386
91289.051
91330.716
91372.381
91414.048
91455.715
91497.379
91539.044
91580.711
91622.376
91664.041
91705.723
91747.373
91789.039
91830.704
91872.368
91914.034
91955.699
91997.364
92039.031
92080.696
92122.361
92164.027
92205.693
92247.357
92289.024
92330.688
92372.352
92414.018
92455.684
92497.349
92539.015
92580.683
92622.347
92664.013
92705.680
92747.345
92789.010
92830.676
92872.341
92914.006
92955.672
92997.336
93039.001
93080.667
93122.333
93163.998
93205.664
93247.328
93288.994
93330.659
93372.325
93413.991
93455.657
93497.321
93538.987
93580.653
93622.318
93663.984
93705.655
93747.314
93788.982
93830.648
93872.314
93913.979
93955.644
93997.308
94038.974
94080.640
94122.305
94163.971
94205.637
94247.301
94288.966
94330.632
94372.299
94413.963
94455.629
94497.294
94538.961
94580.624
94622.291
94663.956
94705.630
94747.287
94788.951
94830.619
94872.285
94913.951
94955.614
94997.279
95038.945
95080.611
95122.276
95163.941
95205.607
95247.272
95288.937
95330.603
95372.269
95413.934
95455.600
95497.265
95538.932
95580.597
95622.262
95663.928
95705.599
95747.260
95788.926
95830.590
95872.257
95913.921
95955.587
95997.251
96038.916
96080.582
96122.248
96163.913
96205.579
96247.244
96288.910
96330.577
96372.240
96413.906
96455.572
96497.237
96538.903
96580.569
96622.233
96663.900
96705.572
96747.232
96788.895
96830.563
96872.228
96913.893
96955.558
96997.223
97038.889
97080.553
97122.220
97163.884
97205.552
97247.217
97288.881
97330.546
97372.214
97413.877
97455.544
97497.208
97538.875
97580.539
97622.205
97663.873
97705.545
97747.203
97788.868
97830.534
97872.200
97913.864
97955.531
97997.194
98038.860
98080.526
98122.192
98163.856
98205.524
98247.188
98288.854
98330.518
98372.186
98413.849
98455.516
98497.179
98538.847
98580.512
98622.177
98663.843
98705.510
98747.175
98788.840
98830.505
98872.172
98913.836
98955.503
98997.166
99038.833
99080.496
99122.162
99163.828
99205.492
99247.159
99288.826
99330.490
99372.155
99413.820
99455.486
99497.151
99538.817
99580.483
99622.149
99663.815
99705.487
99747.147
99788.812
99830.477
99872.144
99913.808
99955.473
99997.138
100038.803
100080.468
100122.134
100163.799
100205.465
100247.130
100288.796
100330.461
100372.127
100413.792
100455.458
100497.122
100538.788
100580.454
100622.120
100663.785
100705.459
100747.119
100788.783
100830.449
100872.114
100913.780
100955.446
100997.109
101038.776
101080.440
101122.106
101163.771
101205.438
101247.101
101288.768
101330.433
101372.099
101413.764
101455.431
101497.095
101538.761
101580.427
101622.092
101663.758
101705.434
101747.089
101788.755
101830.421
101872.086
101913.752
101955.417
101997.081
102038.746
102080.411
102122.077
102163.743
102205.408
102247.074
102288.739
102330.405
102372.070
102413.735
102455.402
102497.067
102538.733
102580.399
102622.063
102663.729
102705.416
102747.062
102788.726
102830.393
102872.058
102913.723
102955.388
102997.052
103038.719
103080.383
103122.049
103163.714
103205.380
103247.045
103288.712
103330.376
103372.044
103413.707
103455.375
103497.038
103538.706
103580.371
103622.037
103663.702
103705.375
103747.032
103788.698
103830.363
103872.028
103913.694
103955.358
103997.024
104038.689
104080.354
104122.020
104163.685
104205.351
104247.017
104288.682
104330.347
104372.013
104413.678
104455.344
104497.010
104538.676
104580.341
104622.006
104663.672
104705.348
104747.004
104788.669
104830.335
104872.002
104913.667
104955.331
104996.995
105038.661
105080.326
105121.993
105163.657
105205.324
105246.988
105288.654
105330.320
105371.986
105413.651
105455.317
105496.976
105538.641
105580.307
105621.977
105663.638
105705.310
105746.974
105788.641
105830.308
105871.972
105913.637
105955.303
105996.967
106038.634
106080.298
106121.964
106163.629
106205.295
106246.963
106288.625
106330.290
106371.956
106413.621
106455.287
106496.952
106538.619
106580.284
106621.949
106663.615
106705.284
106746.948
106788.612
106830.279
106871.944
106913.609
106955.274
106996.939
107038.605
107080.270
107121.936
107163.601
107205.268
107246.932
107288.597
107330.263
107371.928
107413.594
107455.260
107496.924
107538.590
107580.257
107621.921
107663.588
107705.263
107746.919
107788.584
107830.250
107871.916
107913.581
107955.246
107996.910
108038.577
108080.241
108121.907
108163.572
108205.237
108246.903
108288.569
108330.234
108371.900
108413.565
108455.231
108496.896
108538.562
108580.228
108621.893
108663.560
108705.234
108746.892
108788.556
108830.223
108871.888
108913.553
108955.217
108996.882
109038.549
109080.212
109121.880
109163.544
109205.210
109246.875
109288.541
109330.206
109371.873
109413.536
109455.203
109496.867
109538.532
109580.200
109621.864
109663.531
109705.218
109746.863
109788.527
109830.194
109871.858
109913.523
109955.189
109996.853
110038.519
110080.185
110121.850
110163.516
110205.182
110246.846
110288.513
110330.177
110371.844
110413.508
110455.175
110496.839
110538.506
110580.170
110621.836
110663.503
110705.169
110746.834
110788.500
110830.165
110871.830
110913.496
110955.155
110996.820
111038.493
111080.156
111121.822
111163.487
111205.154
111246.821
111288.483
111330.149
111371.816
111413.479
111455.146
111496.811
111538.478
111580.143
111621.809
111663.473
111705.144
111746.805
111788.470
111830.137
111871.802
111913.467
111955.132
111996.796
112038.462
112080.127
112121.793
112163.459
112205.125
112246.789
112288.455
112330.120
112371.786
112413.452
112455.118
112496.782
112538.447
112580.115
112621.779
112663.445
112705.134
112746.777
112788.440
112830.108
112871.772
112913.438
112955.102
112996.767
113038.434
113080.099
113121.766
113163.430
113205.096
113246.761
113288.428
113330.092
113371.759
113413.422
113455.089
113496.754
113538.421
113580.086
113621.752
113663.417
113705.099
113746.749
113788.413
113830.079
113871.743
113913.410
113955.075
113996.741
114038.405
114080.071
114121.737
114163.402
114205.069
114246.733
114288.399
114330.064
114371.729
114413.395
114455.061
114496.725
114538.392
114580.058
114621.722
114663.388
114705.060
114746.719
114788.385
114830.050
114871.717
114913.381
114955.046
114996.712
115038.377
115080.041
115121.707
115163.373
115205.040
115246.704
115288.369
115330.034
115371.702
115413.366
115455.033
115496.697
115538.364
115580.028
115621.693
115663.359
115705.036
115746.692
115788.357
115830.024
115871.690
115913.354
115955.018
115996.683
116038.349
116080.014
116121.680
116163.345
116205.011
116246.675
116288.341
116330.007
116371.674
116413.338
116455.005
116496.669
116538.334
116580.001
116621.666
116663.332
116705.005
116746.664
116788.328
116829.995
116871.661
116913.325
116954.990
116996.654
117038.320
117079.986
117121.651
117163.317
117204.982
117246.647
117288.312
117329.978
117371.644
117413.309
117454.974
117496.641
117538.305
117579.971
117621.637
117663.304
117704.977
117746.635
117788.307
117829.967
117871.632
117913.295
117954.961
117996.626
118038.291
118079.957
118121.624
118163.288
118204.954
118246.619
118288.285
118329.951
118371.617
118413.281
118454.947
118496.612
118538.279
118579.944
118621.609
118663.274
118704.948
118746.607
118788.273
118829.939
118871.602
118913.267
118954.933
118996.597
119038.263
119079.928
119121.595
119163.264
119204.927
119246.591
119288.256
119329.921
119371.588
119413.253
119454.918
119496.583
119538.249
119579.916
119621.581
119663.247
119704.918
119746.577
119788.242
119829.908
119871.575
119913.240
119954.904
119996.570
120038.236
120079.900
120121.566
120163.231
120204.899
120246.563
120288.227
120329.893
120371.560
120413.224
120454.889
120496.555
120538.220
120579.887
120621.552
120663.219
120704.892
120746.550
120788.216
120829.881
120871.547
120913.210
120954.876
120996.540
121038.207
121079.872
121121.537
121163.203
121204.870
121246.533
121288.201
121329.865
121371.530
121413.196
121454.861
121496.526
121538.192
121579.860
121621.524
121663.190
121704.866
121746.521
121788.188
121829.853
121871.518
121913.182
121954.847
121996.513
122038.177
122079.844
122121.509
122163.175
122204.842
122246.506
122288.170
122329.836
122371.501
122413.167
122454.833
122496.499
122538.163
122579.830
122621.495
122663.160
122704.834
122746.493
122788.159
122829.824
122871.489
122913.154
122954.819
122996.484
123038.149
123079.816
123121.482
123163.190
123204.813
123246.516
123288.142
123329.838
123371.473
123413.155
123454.806
123496.480
123538.135
123579.801
123621.466
123663.132
123704.805
123746.465
123788.130
123829.796
123871.462
123913.126
123954.792
123996.456
124038.122
124079.787
124121.452
124163.118
124204.785
124246.449
124288.114
124329.779
124371.446
124413.110
124454.778
124496.442
124538.107
124579.774
124621.439
124663.104
124704.778
124746.436
124788.101
124829.766
124871.433
124913.097
124954.763
124996.427
125038.092
125079.758
125121.424
125163.089
125204.755
125246.420
125288.086
125329.751
125371.416
125413.082
125454.748
125496.413
125538.078
125579.746
125621.410
125663.077
125704.747
125746.408
125788.074
125829.737
125871.403
125913.068
125954.734
125996.399
126038.066
126079.729
126121.396
126163.062
126204.726
126246.391
126288.057
126329.723
126371.388
126413.055
126454.719
126496.385
126538.050
126579.717
126621.382
126663.048
126704.722
126746.379
126788.045
126829.710
126871.376
126913.041
126954.707
126996.371
127038.037
127079.702
127121.368
127163.032
127204.697
127246.364
127288.028
127329.695
127371.361
127413.025
127454.691
127496.357
127538.021
127579.687
127621.353
127663.019
127704.708
127746.351
127788.015
127829.682
127871.348
127913.013
127954.678
127996.342
128038.008
128079.673
128121.339
128163.005
128204.669
128246.335
128288.000
128329.665
128371.332
128412.998
128454.663
128496.328
128537.994
128579.661
128621.324
128662.993
128704.661
128746.323
128787.988
128829.655
128871.319
128912.985
128954.651
128996.356
129037.979
129079.676
129121.310
129163.001
129204.641
129246.327
129287.972
129329.646
129371.303
129412.968
129454.637
129496.295
129537.966
129579.632
129621.298
129662.964
129704.645
129746.295
129787.958
129829.624
129871.291
129912.957
129954.622
129996.286
130037.951
130079.617
130121.282
130162.948
130204.613
130246.279
130287.944
130329.610
130371.275
130412.941
130454.606
130496.272
130537.937
130579.605
130621.270
130662.935
130704.611
130746.266
130787.932
130829.598
130871.262
130912.929
130954.594
130996.257
131037.925
131079.588
131121.255
131162.920
131204.587
131246.250
131287.916
131329.581
131371.248
131412.912
131454.579
131496.243
131537.910
131579.574
131621.234
131662.907
131704.569
131746.236
131787.901
131829.566
131871.232
131912.897
131954.563
131996.229
132037.895
132079.560
132121.225
132162.891
132204.556
132246.221
132287.888
132329.553
132371.219
132412.884
132454.549
132496.215
132537.881
132579.547
132621.211
132662.879
132704.565
132746.210
132787.875
132829.540
132871.206
132912.870
132954.535
132996.201
133037.865
133079.531
133121.196
133162.863
133204.527
133246.194
133287.858
133329.524
133371.191
133412.855
133454.521
133496.187
133537.852
133579.517
133621.182
133662.847
133704.522
133746.181
133787.847
133829.511
133871.177
133912.842
133954.506
133996.172
134037.838
134079.503
134121.169
134162.834
134204.500
134246.164
134287.831
134329.496
134371.163
134412.827
134454.492
134496.157
134537.824
134579.490
134621.157
134662.821
134704.493
134746.153
134787.818
134829.485
134871.150
134912.814
134954.480
134996.144
135037.809
135079.475
135121.142
135162.806
135204.472
135246.137
135287.803
135329.467
135371.133
135412.799
135454.464
135496.130
135537.795
135579.460
135621.126
135662.792
135704.462
135746.124
135787.789
135829.453
135871.119
135912.785
135954.450
135996.115
136037.781
136079.446
136121.114
136162.777
136204.443
136246.108
136287.773
136329.439
136371.105
136412.770
136454.437
136496.101
136537.766
136579.433
136621.099
136662.763
136704.437
136746.095
136787.760
136829.425
136871.091
136912.756
136954.417
136996.082
137037.753
137079.418
137121.085
137162.749
137204.415
137246.082
137287.745
137329.411
137371.077
137412.742
137454.408
137496.072
137537.739
137579.404
137621.071
137662.735
137704.411
137746.068
137787.732
137829.398
137871.063
137912.728
137954.393
137996.058
138037.724
138079.389
138121.054
138162.721
138204.386
138246.052
138287.716
138329.383
138371.048
138412.714
138454.379
138496.045
138537.711
138579.375
138621.041
138662.707
138704.379
138746.039
138787.705
138829.371
138871.037
138912.700
138954.365
138996.030
139037.696
139079.361
139121.027
139162.693
139204.359
139246.023
139287.688
139329.354
139371.020
139412.685
139454.351
139496.016
139537.682
139579.348
139621.013
139662.679
139704.349
139746.011
139787.677
139829.341
139871.006
139912.671
139954.336
139996.002
140037.667
140079.332
140120.998
140162.664
140204.330
140245.994
140287.660
140329.325
140370.990
140412.657
140454.321
140495.988
140537.652
140579.320
140620.985
140662.650
140704.318
140745.981
140787.647
140829.311
140870.978
140912.643
140954.308
140995.974
141037.640
141079.304
141120.970
141162.636
141204.302
141245.966
141287.631
141329.297
141370.962
141412.628
141454.294
141495.958
141537.624
141579.290
141620.955
141662.624
141704.293
141745.954
141787.618
141829.284
141870.951
141912.616
141954.281
141995.945
142037.610
142079.276
142120.942
142162.607
142204.273
142245.938
142287.603
142329.270
142370.934
142412.600
142454.265
142495.930
142537.597
142579.263
142620.929
142662.595
142704.268
142745.926
142787.592
142829.257
142870.922
142912.588
142954.254
142995.917
143037.584
143079.247
143120.913
143162.580
143204.244
143245.912
143287.576
143329.241
143370.907
143412.572
143454.237
143495.903
143537.567
143579.235
143620.901
143662.565
143704.238
143745.897
143787.563
143829.230
143870.894
143912.559
143954.225
143995.888
144037.554
144079.220
144120.885
144162.550
144204.216
144245.881
144287.546
144329.212
144370.878
144412.543
144454.209
144495.874
144537.540
144579.207
144620.873
144662.538
144704.209
144745.869
144787.534
144829.201
144870.867
144912.532
144954.196
144995.860
145037.525
145079.191
145120.856
145162.522
145204.187
145245.852
145287.520
145329.183
145370.849
145412.515
145454.180
145495.846
145537.510
145579.178
145620.843
145662.508
145704.181
145745.840
145787.506
145829.170
145870.835
145912.500
145954.166
145995.831
146037.498
146079.163
146120.829
146162.493
146204.160
146245.824
146287.490
146329.155
146370.820
146412.486
146454.151
146495.817
146537.483
146579.149
146620.815
146662.479
146704.153
146745.813
146787.478
146829.144
146870.809
146912.474
146954.139
146995.804
147037.470
147079.135
147120.799
147162.465
147204.132
147245.800
147287.462
147329.126
147370.792
147412.457
147454.123
147495.789
147537.455
147579.122
147620.786
147662.452
147704.122
147745.783
147787.449
147829.112
147870.780
147912.445
147954.109
147995.775
148037.440
148079.107
148120.772
148162.438
148204.102
148245.768
148287.435
148329.099
148370.766
148412.430
148454.095
148495.761
148537.426
148579.092
148620.758
148662.423
148704.094
148745.756
148787.421
148829.087
148870.752
148912.416
148954.081
148995.746
149037.412
149079.077
149120.742
149162.408
149204.075
149245.739
149287.404
149329.070
149370.736
149412.401
149454.066
149495.732
149537.399
149579.063
149620.729
149662.395
149704.068
149745.727
149787.393
149829.056
149870.723
149912.386
149954.053
149995.719
150037.385
150079.049
150120.716
150162.379
150204.046
150245.710
150287.375
150329.041
150370.707
150412.373
150454.038
150495.704
150537.369
150579.036
150620.700
150662.366
150704.038
150745.698
150787.363
150829.028
150870.694
150912.360
150954.023
150995.690
151037.355
151079.021
151120.687
151162.352
151204.019
151245.682
151287.348
151329.014
151370.679
151412.344
151454.009
151495.675
151537.341
151579.007
151620.672
151662.337
151704.014
151745.671
151787.336
151829.001
151870.667
151912.332
151953.996
151995.661
152037.327
152078.992
152120.658
152162.323
152203.989
152245.654
152287.319
152328.985
152370.652
152412.316
152453.981
152495.647
152537.312
152578.978
152620.644
152662.308
152703.983
152745.643
152787.308
152828.972
152870.638
152912.302
152953.967
152995.633
153037.298
153078.963
153120.629
153162.295
153203.962
153245.625
153287.291
153328.957
153370.621
153412.287
153453.953
153495.618
153537.283
153578.951
153620.615
153662.281
153703.952
153745.613
153787.279
153828.944
153870.611
153912.276
153953.939
153995.605
154037.269
154078.935
154120.600
154162.268
154203.931
154245.598
154287.262
154328.928
154370.595
154412.260
154453.924
154495.591
154537.255
154578.921
154620.587
154662.254
154703.927
154745.585
154787.250
154828.914
154870.581
154912.246
154953.911
154995.578
155037.242
155078.907
155120.574
155162.241
155203.904
155245.571
155287.236
155328.900
155370.567
155412.231
155453.897
155495.563
155537.228
155578.893
155620.559
155662.225
155703.898
155745.557
155787.222
155828.888
155870.553
155912.219
155953.884
155995.550
156037.214
156078.881
156120.545
156162.211
156203.875
156245.540
156287.206
156328.872
156370.537
156412.204
156453.867
156495.534
156537.200
156578.866
156620.530
156662.197
156703.870
156745.528
156787.193
156828.860
156870.525
156912.190
156953.855
156995.522
157037.185
157078.851
157120.516
157162.184
157203.848
157245.512
157287.177
157328.844
157370.508
157412.174
157453.840
157495.506
157537.170
157578.838
157620.502
157662.167
157703.834
157745.500
157787.166
157828.830
157870.496
157912.161
157953.827
157995.494
158037.157
158078.824
158120.488
158162.154
158203.818
158245.483
158287.151
158328.816
158370.482
158412.147
158453.811
158495.476
158537.143
158578.809
158620.474
158662.138
158703.813
158745.470
158787.137
158828.802
158870.467
158912.132
158953.798
158995.485
159037.129
159078.807
159120.460
159162.130
159203.792
159245.450
159287.120
159328.781
159370.451
159412.112
159453.783
159495.443
159537.113
159578.780
159620.446
159662.110
159703.784
159745.443
159787.109
159828.774
159870.440
159912.106
159953.771
159995.436
160037.100
160078.766
160120.430
160162.098
160203.764
160245.429
160287.093
160328.760
160370.424
160412.090
160453.756
160495.421
160537.086
160578.751
160620.416
160662.082
160703.754
160745.415
160787.081
160828.745
160870.411
160912.076
160953.741
160995.407
161037.072
161078.737
161120.401
161162.069
161203.734
161245.399
161287.065
161328.730
161370.395
161412.062
161453.727
161495.393
161537.057
161578.723
161620.390
161662.056
161703.728
161745.386
161787.052
161828.718
161870.383
161912.048
161953.713
161995.379
162037.042
162078.710
162120.374
162162.041
162203.705
162245.380
162287.036
162328.703
162370.366
162412.034
162453.698
162495.365
162537.029
162578.694
162620.361
162662.027
162703.696
162745.357
162787.023
162828.689
162870.354
162912.020
162953.686
162995.351
163037.015
163078.682
163120.346
163162.013
163203.677
163245.344
163287.008
163328.675
163370.338
163412.006
163453.669
163495.337
163537.000
163578.668
163620.326
163661.999
163703.665
163745.329
163786.996
163828.660
163870.326
163911.991
163953.656
163995.322
164036.986
164078.652
164120.317
164161.985
164203.648
164245.314
164286.979
164328.645
164370.310
164411.976
164453.641
164495.308
164536.971
164578.638
164620.304
164661.970
164703.643
164745.302
164786.967
164828.632
164870.299
164911.963
164953.628
164995.294
165036.957
165078.624
165120.288
165161.956
165203.621
165245.286
165286.952
165328.618
165370.282
165411.948
165453.613
165495.280
165536.944
165578.610
165620.276
165661.941
165703.615
165745.271
165786.937
165828.610
165870.270
165911.934
165953.599
165995.264
166036.931
166078.596
166120.261
166161.927
166203.592
166245.258
166286.922
166328.589
166370.254
166411.919
166453.585
166495.251
166536.916
166578.581
166620.246
166661.913
166703.585
166745.245
166786.910
166828.575
166870.241
166911.903
166953.571
166995.237
167036.902
167078.568
167120.233
167161.898
167203.564
167245.228
167286.893
167328.559
167370.224
167411.892
167453.556
167495.223
167536.887
167578.553
167620.219
167661.884
167703.570
167745.209
167786.877
167828.547
167870.208
167911.873
167953.537
167995.202
168036.868
168078.534
168120.201
168161.868
168203.535
168245.201
168286.867
168328.531
168370.197
168411.863
168453.529
168495.193
168536.860
168578.524
168620.190
168661.855
168703.525
168745.189
168786.854
168828.518
168870.183
168911.848
168953.514
168995.178
169036.843
169078.511
169120.175
169161.842
169203.507
169245.173
169286.837
169328.502
169370.168
169411.834
169453.500
169495.166
169536.830
169578.497
169620.163
169661.828
169703.499
169745.160
169786.824
169828.490
169870.155
169911.820
169953.485
169995.153
170036.816
170078.481
170120.147
170161.814
170203.477
170245.143
170286.809
170328.474
170370.140
170411.806
170453.470
170495.138
170536.803
170578.467
170620.133
170661.798
170703.470
170745.131
170786.797
170828.462
170870.127
170911.792
170953.457
170995.123
171036.788
171078.452
171120.118
171161.785
171203.449
171245.116
171286.780
171328.447
171370.112
171411.778
171453.443
171495.109
171536.774
171578.440
171620.105
171661.771
171703.438
171745.102
171786.768
171828.433
171870.099
171911.763
171953.429
171995.095
172036.759
172078.426
172120.089
172161.756
172203.421
172245.089
172286.752
172328.419
172370.082
172411.750
172453.414
172495.079
172536.744
172578.410
172620.076
172661.742
172703.410
172745.074
172786.740
172828.405
172870.070
172911.737
172953.401
172995.066
173036.730
173078.397
173120.062
173161.730
173203.393
173245.060
173286.723
173328.390
173370.055
173411.722
173453.386
173495.052
173536.716
173578.382
173620.047
173661.713
173703.384
173745.046
173786.712
173828.377
173870.042
173911.708
173953.372
173995.038
174036.702
174078.368
174120.032
174161.700
174203.366
174245.031
174286.695
174328.361
174370.026
174411.693
174453.357
174495.022
174536.687
174578.354
174620.019
174661.685
174703.357
174745.017
174786.682
174828.349
174870.014
174911.680
174953.344
174995.010
175036.673
175078.340
175120.004
175161.673
175203.337
175245.002
175286.668
175328.332
175369.997
175411.666
175453.329
175494.995
175536.660
175578.325
175619.991
175661.657
175703.333
175744.990
175786.658
175828.320
175869.986
175911.651
175953.316
175994.983
176036.648
176078.312
176119.977
176161.643
176203.308
176244.974
176286.638
176328.304
176369.970
176411.637
176453.300
176494.966
176536.632
176578.297
176619.963
176661.629
176703.300
176744.961
176786.626
176828.294
176869.957
176911.622
176953.287
176994.953
177036.617
177078.283
177119.949
177161.615
177203.280
177244.945
177286.610
177328.277
177369.941
177411.608
177453.271
177494.938
177536.603
177578.269
177619.934
177661.599
177703.274
177744.932
177786.597
177828.262
177869.928
177911.592
177953.258
177994.924
178036.590
178078.255
178119.921
178161.587
178203.252
178244.917
178286.581
178328.248
178369.914
178411.578
178453.245
178494.908
178536.575
178578.241
178619.908
178661.572
178703.243
178744.904
178786.568
178828.235
178869.901
178911.566
178953.231
178994.895
179036.561
179078.226
179119.893
179161.558
179203.224
179244.888
179286.553
179328.220
179369.884
179411.552
179453.215
179494.881
179536.547
179578.212
179619.879
179661.544
179703.215
179744.875
179786.541
179828.208
179869.872
179911.538
179953.202
179994.869
180036.533
180078.199
180119.864
180161.530
180203.195
180244.861
180286.525
180328.191
180369.857
180411.523
180453.187
180494.852
180536.518
180578.185
180619.848
180661.516
180703.187
180744.847
180786.512
180828.184
180869.844
180911.509
180953.175
180994.840
181036.504
181078.170
181119.835
181161.502
181203.166
181244.832
181286.497
181328.162
181369.827
181411.494
181453.160
181494.827
181536.490
181578.155
181619.821
181661.486
181703.155
181744.818
181786.484
181828.150
181869.814
181911.479
181953.144
181994.811
182036.474
182078.141
182119.806
182161.473
182203.138
182244.804
182286.467
182328.135
182369.799
182411.466
182453.130
182494.796
182536.460
182578.126
182619.792
182661.457
182703.132
182744.790
182786.456
182828.121
182869.787
182911.451
182953.116
182994.783
183036.448
183078.114
183119.778
183161.444
183203.110
183244.775
183286.440
183328.107
183369.771
183411.437
183453.103
183494.769
183536.433
183578.099
183619.763
183661.429
183703.102
183744.761
183786.427
183828.093
183869.758
183911.423
183953.087
183994.754
184036.419
184078.084
184119.749
184161.417
184203.080
184244.747
184286.411
184328.077
184369.742
184411.408
184453.073
184494.739
184536.404
184578.069
184619.735
184661.402
184703.073
184744.734
184786.398
184828.065
184869.731
184911.395
184953.060
184994.725
185036.391
185078.056
185119.720
185161.387
185203.053
185244.717
185286.382
185328.048
185369.714
185411.379
185453.045
185494.710
185536.375
185578.041
185619.707
185661.372
185703.045
185744.706
185786.370
185828.037
185869.701
185911.366
185953.032
185994.696
186036.362
186078.028
186119.692
186161.360
186203.026
186244.689
186286.354
186328.022
186369.686
186411.351
186453.016
186494.682
186536.347
186578.013
186619.680
186661.345
186703.015
186744.677
186786.342
186828.007
186869.674
186911.339
186953.002
186994.670
187036.333
187078.000
187119.664
187161.331
187202.997
187244.662
187286.328
187327.993
187369.658
187411.324
187452.989
187494.655
187536.319
187577.986
187619.652
187661.316
187702.989
187744.647
187786.314
187827.979
187869.645
187911.310
187952.975
187994.640
188036.305
188077.970
188119.636
188161.303
188202.968
188244.633
188286.298
188327.965
188369.629
188411.295
188452.960
188494.626
188536.292
188577.956
188619.622
188661.282
188702.954
188744.619
188786.280
188827.946
188869.611
188911.281
188952.945
188994.611
189036.276
189077.942
189119.608
189161.275
189202.939
189244.604
189286.269
189327.935
189369.600
189411.267
189452.931
189494.598
189536.263
189577.927
189619.593
189661.258
189702.930
189744.589
189786.257
189827.921
189869.588
189911.252
189952.918
189994.584
190036.248
190077.914
190119.581
190161.244
190202.912
190244.576
190286.241
190327.907
190369.572
190411.238
190452.903
190494.569
190536.235
190577.900
190619.565
190661.231
190702.905
190744.563
190786.228
190827.894
190869.560
190911.225
190952.891
190994.554
191036.220
191077.885
191119.553
191161.216
191202.882
191244.547
191286.212
191327.878
191369.544
191411.209
191452.876
191494.540
191536.205
191577.871
191619.538
191661.203
191702.873
191744.535
191786.201
191827.868
191869.531
191911.196
191952.862
191994.526
192036.193
192077.856
192119.521
192161.188
192202.853
192244.524
192286.186
192327.849
192369.514
192411.181
192452.848
192494.511
192536.178
192577.844
192619.511
192661.176
192702.847
192744.506
192786.172
192827.838
192869.503
192911.168
192952.834
192994.499
193036.163
193077.829
193119.494
193161.161
193202.825
193244.492
193286.157
193327.823
193369.488
193411.153
193452.817
193494.484
193536.149
193577.814
193619.480
193661.145
193702.818
193744.478
193786.144
193827.809
193869.475
193911.140
193952.805
193994.472
194036.129
194077.799
194119.460
194161.126
194202.797
194244.464
194286.128
194327.794
194369.459
194411.125
194452.790
194494.456
194536.121
194577.787
194619.453
194661.119
194702.791
194744.449
194786.115
194827.781
194869.447
194911.111
194952.776
194994.442
195036.106
195077.772
195119.436
195161.104
195202.770
195244.435
195286.099
195327.766
195369.429
195411.096
195452.762
195494.428
195536.092
195577.757
195619.424
195661.089
195702.761
195744.421
195786.087
195827.753
195869.417
195911.083
195952.747
195994.413
196036.077
196077.744
196119.408
196161.075
196202.740
196244.407
196286.071
196327.738
196369.403
196411.068
196452.733
196494.398
196536.065
196577.729
196619.395
196661.060
196702.730
196744.392
196786.057
196827.723
196869.389
196911.055
196952.719
196994.384
197036.049
197077.715
197119.381
197161.046
197202.710
197244.378
197286.041
197327.709
197369.373
197411.040
197452.704
197494.371
197536.036
197577.702
197619.366
197661.031
197702.705
197744.365
197786.029
197827.696
197869.359
197911.025
197952.690
197994.355
198036.022
198077.687
198119.352
198161.018
198202.683
198244.356
198286.014
198327.681
198369.345
198411.011
198452.675
198494.341
198536.008
198577.672
198619.339
198661.002
198702.674
198744.334
198786.000
198827.665
198869.332
198910.997
198952.663
198994.328
199035.994
199077.659
199119.323
199160.991
199202.655
199244.320
199285.985
199327.653
199369.317
199410.982
199452.648
199494.314
199535.979
199577.644
199619.310
199660.975
199702.646
199744.307
199785.972
199827.637
199869.303
199910.969
199952.634
199994.299
200035.965
200077.630
200119.296
200160.962
200202.627
200244.293
200285.956
200327.624
200369.287
200410.954
200452.618
200494.284
200535.951
200577.615
200619.281
200660.947
200702.618
200744.278
200785.943
200827.608
200869.275
200910.941
200952.605
200994.272
201035.937
201077.602
201119.268
201160.935
201202.599
201244.265
201285.928
201327.595
201369.259
201410.925
201452.591
201494.257
201535.921
201577.587
201619.254
201660.919
201702.588
201744.250
201785.917
201827.581
201869.245
201910.912
201952.578
201994.244
202035.908
202077.574
202119.240
202160.904
202202.569
202244.237
202285.901
202327.565
202369.232
202410.898
202452.562
202494.228
202535.894
202577.559
202619.224
202660.889
202702.562
202744.223
202785.888
202827.553
202869.218
202910.884
202952.550
202994.214
203035.880
203077.546
203119.210
203160.876
203202.541
203244.207
203285.872
203327.539
203369.203
203410.869
203452.535
203494.200
203535.865
203577.531
203619.195
203660.861
203702.529
203744.194
203785.859
203827.525
203869.190
203910.854
203952.520
203994.185
204035.850
204077.516
204119.181
204160.848
204202.512
204244.178
204285.843
204327.510
204369.175
204410.841
204452.506
204494.170
204535.837
204577.501
204619.167
204660.833
204702.504
204744.164
204785.832
204827.496
204869.163
204910.827
204952.491
204994.158
205035.823
205077.488
205119.155
205160.821
205202.485
205244.150
205285.816
205327.481
205369.147
205410.813
205452.476
205494.144
205535.808
205577.474
205619.139
205660.804
205702.474
205744.135
205785.802
205827.467
205869.134
205910.799
205952.464
205994.129
206035.795
206077.461
206119.124
206160.791
206202.456
206244.121
206285.787
206327.453
206369.117
206410.784
206452.449
206494.114
206535.780
206577.445
206619.111
206660.777
206702.448
206744.109
206785.774
206827.441
206869.105
206910.770
206952.436
206994.102
207035.767
207077.431
207119.096
207160.764
207202.429
207244.093
207285.758
207327.424
207369.089
207410.755
207452.420
207494.087
207535.751
207577.417
207619.084
207660.749
207702.418
207744.080
207785.746
207827.411
207869.075
207910.742
207952.407
207994.073
208035.737
208077.403
208119.068
208160.734
208202.399
208244.064
208285.729
208327.397
208369.060
208410.727
208452.394
208494.059
208535.723
208577.388
208619.053
208660.719
208702.390
208744.052
208785.717
208827.383
208869.047
208910.714
208952.379
208994.044
209035.710
209077.375
209119.040
209160.707
209202.370
209244.036
209285.702
209327.367
209369.032
209410.699
209452.364
209494.029
209535.693
209577.360
209619.024
209660.691
209702.362
209744.023
209785.689
209827.353
209869.020
209910.683
209952.350
209994.016
210035.680
210077.346
210119.011
210160.678
210202.343
210244.008
210285.673
210327.339
210369.005
210410.670
210452.336
210494.001
210535.665
210577.332
210618.998
210660.663
210702.334
210743.995
210785.661
210827.326
210868.990
210910.656
210952.322
210993.988
211035.651
211077.317
211118.982
211160.650
211202.315
211243.979
211285.644
211327.312
211368.976
211410.643
211452.307
211493.973
211535.639
211577.303
211618.970
211660.635
211702.305
211743.966
211785.632
211827.297
211868.963
211910.629
211952.294
211993.960
212035.624
212077.290
212118.955
212160.622
212202.286
212243.952
212285.616
212327.284
212368.948
212410.614
212452.278
212493.944
212535.608
212577.275
212618.941
212660.605
212702.279
212743.938
212785.604
212827.269
212868.936
212910.600
212952.265
212993.931
213035.595
213077.261
213118.926
213160.593
213202.258
213243.922
213285.588
213327.254
213368.920
213410.584
213452.251
213493.915
213535.581
213577.247
213618.912
213660.578
213702.249
213743.910
213785.577
213827.240
213868.905
213910.570
213952.236
213993.901
214035.566
214077.232
214118.897
214160.563
214202.228
214243.901
214285.560
214327.227
214368.890
214410.557
214452.222
214493.887
214535.554
214577.218
214618.884
214660.549
214702.221
214743.882
214785.547
214827.213
214868.878
214910.542
214952.207
214993.874
215035.538
215077.206
215118.870
215160.536
215202.200
215243.867
215285.531
215327.197
215368.862
215410.529
215452.194
215493.859
215535.524
215577.190
215618.855
215660.520
215702.194
215743.854
215785.519
215827.183
215868.850
215910.515
215952.180
215993.846
216035.510
216077.176
216118.841
216160.508
216202.174
216243.838
216285.503
216327.168
216368.834
216410.500
216452.166
216493.830
216535.495
216577.161
216618.828
216660.492
216702.161
216743.824
216785.491
216827.155
216868.822
216910.486
216952.153
216993.818
217035.481
217077.148
217118.813
217160.479
217202.144
217243.811
217285.475
217327.141
217368.807
217410.472
217452.138
217493.803
217535.467
217577.134
217618.799
217660.464
217702.134
217743.797
217785.461
217827.128
217868.793
217910.459
217952.124
217993.790
218035.455
218077.120
218118.783
218160.450
218202.116
218243.782
218285.446
218327.112
218368.777
218410.444
218452.108
218493.773
218535.438
218577.104
218618.770
218660.437
218702.111
218743.768
218785.434
218827.100
218868.767
218910.430
218952.096
218993.761
219035.424
219077.092
219118.756
219160.423
219202.087
219243.754
219285.418
219327.085
219368.749
219410.415
219452.079
219493.747
219535.410
219577.078
219618.743
219660.409
219702.078
219743.740
219785.406
219827.070
219868.736
219910.401
219952.067
219993.731
220035.397
220077.064
220118.727
220160.394
220202.058
220243.725
220285.390
220327.057
220368.720
220410.388
220452.051
220493.718
220535.382
220577.050
220618.714
220660.381
220702.047
220743.711
220785.377
220827.043
220868.708
220910.373
220952.039
220993.704
221035.368
221077.035
221118.699
221160.366
221202.029
221243.697
221285.361
221327.028
221368.691
221410.359
221452.023
221493.690
221535.354
221577.021
221618.686
221660.352
221702.022
221743.683
221785.349
221827.014
221868.680
221910.345
221952.011
221993.676
222035.339
222077.007
222118.670
222160.338
222202.001
222243.669
222285.332
222327.000
222368.664
222410.330
222451.994
222493.662
222535.327
222576.994
222618.658
222660.324
222701.995
222743.656
222785.321
222826.988
222868.651
222910.316
222951.982
222993.646
223035.312
223076.978
223118.642
223160.310
223201.973
223243.640
223285.304
223326.972
223368.635
223410.302
223451.966
223493.634
223535.297
223576.964
223618.630
223660.296
223701.964
223743.627
223785.292
223826.957
223868.623
223910.288
223951.953
223993.619
224035.282
224076.950
224118.616
224160.278
224201.945
224243.611
224285.276
224326.941
224368.609
224410.272
224451.939
224493.603
224535.268
224576.934
224618.599
224660.266
224701.936
224743.599
224785.258
224826.921
224868.595
224910.260
224951.925
224993.589
225035.255
225076.915
225118.580
225160.248
225201.911
225243.581
225285.242
225326.915
225368.579
225410.245
225451.910
225493.576
225535.240
225576.907
225618.573
225660.238
225701.907
225743.570
225785.235
225826.900
225868.566
225910.231
225951.897
225993.562
226035.226
226076.893
226118.557
226160.225
226201.888
226243.554
226285.222
226326.889
226368.551
226410.217
226451.883
226493.547
226535.212
226576.877
226618.544
226660.208
226701.880
226743.542
226785.206
226826.871
226868.538
226910.202
226951.868
226993.534
227035.199
227076.864
227118.529
227160.196
227201.859
227243.527
227285.190
227326.858
227368.524
227410.188
227451.851
227493.518
227535.183
227576.849
227618.516
227660.181
227701.850
227743.513
227785.178
227826.841
227868.509
227910.175
227951.840
227993.505
228035.171
228076.836
228118.501
228160.168
228201.831
228243.498
228285.161
228326.827
228368.493
228410.160
228451.824
228493.489
228535.154
228576.821
228618.488
228660.152
228701.824
228743.484
228785.148
228826.815
228868.481
228910.145
228951.810
228993.477
229035.142
229076.807
229118.471
229160.138
229201.802
229243.469
229285.134
229326.799
229368.464
229410.130
229451.795
229493.461
229535.126
229576.793
229618.460
229660.123
229701.795
229743.455
229785.121
229826.784
229868.452
229910.117
229951.783
229993.448
230035.113
230076.778
230118.444
230160.111
230201.774
230243.440
230285.105
230326.770
230368.436
230410.103
230451.767
230493.433
230535.099
230576.760
230618.432
230660.096
230701.770
230743.428
230785.094
230826.759
230868.424
230910.090
230951.755
230993.420
231035.084
231076.751
231118.415
231160.082
231201.746
231243.414
231285.077
231326.744
231368.407
231410.075
231451.739
231493.406
231535.069
231576.737
231618.403
231660.068
231701.737
231743.399
231785.065
231826.730
231868.396
231910.061
231951.727
231993.391
232035.056
232076.723
232118.386
232160.054
232201.717
232243.385
232285.048
232326.716
232368.380
232410.047
232451.712
232493.376
232535.041
232576.708
232618.375
232660.039
232701.710
232743.371
232785.035
232826.700
232868.367
232910.031
232951.695
232993.363
233035.028
233076.694
233118.359
233160.025
233201.690
233243.356
233285.020
233326.686
233368.351
233410.018
233451.682
233493.348
233535.012
233576.680
233618.344
233660.011
233701.687
233743.342
233785.006
233826.672
233868.340
233910.004
233951.669
233993.335
234035.000
234076.666
234118.329
234159.996
234201.662
234243.327
234284.991
234326.657
234368.323
234409.989
234451.655
234493.320
234534.984
234576.650
234618.315
234659.981
234701.651
234743.313
234784.978
234826.644
234868.311
234909.976
234951.639
234993.307
235034.972
235076.637
235118.303
235159.968
235201.632
235243.299
235284.962
235326.629
235368.294
235409.960
235451.625
235493.292
235534.955
235576.622
235618.287
235659.953
235701.624
235743.286
235784.950
235826.614
235868.283
235909.947
235951.611
235993.277
236034.942
236076.609
236118.272
236159.940
236201.604
236243.270
236284.935
236326.600
236368.265
236409.932
236451.596
236493.263
236534.927
236576.593
236618.258
236659.924
236701.598
236743.257
236784.922
236826.585
236868.251
236909.919
236951.583
236993.248
237034.913
237076.579
237118.244
237159.912
237201.577
237243.242
237284.907
237326.571
237368.239
237409.903
237451.568
237493.234
237534.898
237576.565
237618.231
237659.895
237701.567
237743.228
237784.892
237826.559
237868.217
237909.888
237951.554
237993.220
238034.884
238076.551
238118.216
238159.883
238201.548
238243.215
238284.878
238326.544
238368.208
238409.875
238451.540
238493.206
238534.872
238576.538
238618.202
238659.868
238701.538
238743.200
238784.864
238826.529
238868.196
238909.862
238951.525
238993.193
239034.858
239076.522
239118.187
239159.855
239201.519
239243.185
239284.848
239326.515
239368.180
239409.846
239451.511
239493.178
239534.842
239576.508
239618.174
239659.841
239701.510
239743.171
239784.830
239826.503
239868.169
239909.832
239951.497
239993.165
240034.828
240076.495
240118.159
240159.825
240201.490
240243.156
240284.821
240326.487
240368.152
240409.818
240451.485
240493.149
240534.813
240576.479
240618.146
240659.810
240701.482
240743.144
240784.809
240826.475
240868.140
240909.806
240951.471
240993.136
241034.800
241076.467
241118.130
241159.799
241201.462
241243.129
241284.793
241326.460
241368.124
241409.791
241451.455
241493.123
241534.786
241576.453
241618.118
241659.784
241701.455
241743.115
241784.781
241826.445
241868.112
241909.777
241951.442
241993.108
242034.771
242076.438
242118.103
242159.770
242201.434
242243.101
242284.764
242326.431
242368.096
242409.763
242451.426
242493.094
242534.757
242576.425
242618.090
242659.755
242701.425
242743.086
242784.752
242826.417
242868.083
242909.748
242951.414
242993.080
243034.743
243076.410
243118.074
243159.742
243201.407
243243.070
243284.736
243326.403
243368.067
243409.734
243451.398
243493.065
243534.729
243576.396
243618.061
243659.727
243701.397
243743.058
243784.724
243826.389
243868.054
243909.720
243951.385
243993.051
244034.717
244076.381
244118.045
244159.714
244201.378
244243.043
244284.708
244326.373
244368.039
244409.706
244451.370
244493.037
244534.700
244576.366
244618.032
244659.698
244701.368
244743.030
244784.695
244826.360
244868.026
244909.690
244951.355
244993.022
245034.685
245076.353
245118.018
245159.684
245201.347
245243.013
245284.680
245326.345
245368.010
245409.676
245451.342
245493.007
245534.673
245576.338
245618.004
245659.669
245701.339
245743.001
245784.668
245826.332
245867.998
245909.663
245951.327
245992.994
246034.658
246076.324
246117.989
246159.655
246201.320
246242.985
246284.650
246326.317
246367.982
246409.647
246451.314
246492.979
246534.643
246576.310
246617.976
246659.641
246701.311
246742.972
246784.637
246826.302
246867.968
246909.633
246951.299
246992.965
247034.629
247076.296
247117.960
247159.627
247201.293
247242.957
247284.622
247326.288
247367.955
247409.618
247451.284
247492.950
247534.616
247576.282
247617.947
247659.612
247701.283
247742.945
247784.610
247826.276
247867.942
247909.606
247951.271
247992.936
248034.602
248076.267
248117.931
248159.599
248201.264
248242.930
248284.595
248326.260
248367.925
248409.592
248451.256
248492.923
248534.588
248576.253
248617.918
248659.586
248701.259
248742.917
248784.582
248826.246
248867.911
248909.578
248951.242
248992.909
249034.572
249076.239
249117.903
249159.571
249201.235
249242.900
249284.566
249326.231
249367.896
249409.562
249451.227
249492.893
249534.558
249576.224
249617.890
249659.557
249701.227
249742.888
249784.554
249826.218
249867.884
249909.549
249951.213
249992.881
250034.545
250076.210
250117.875
250159.543
250201.208
250242.873
250284.537
250326.203
250367.869
250409.534
250451.199
250492.865
250534.530
250576.198
250617.861
250659.527
250701.200
250742.860
250784.525
250826.189
250867.856
250909.521
250951.186
250992.853
251034.519
251076.183
251117.848
251159.515
251201.178
251242.844
251284.509
251326.175
251367.840
251409.507
251451.171
251492.838
251534.503
251576.168
251617.835
251659.500
251701.172
251742.831
251784.495
251826.161
251867.828
251909.492
251951.157
251992.824
252034.489
252076.153
252117.819
252159.485
252201.151
252242.815
252284.481
252326.146
252367.812
252409.477
252451.142
252492.809
252534.474
252576.139
252617.806
252659.469
252701.144
252742.803
252784.468
252826.134
252867.800
252909.464
252951.130
252992.796
253034.459
253076.126
253117.790
253159.457
253201.121
253242.787
253284.452
253326.118
253367.783
253409.450
253451.114
253492.780
253534.446
253576.112
253617.778
253659.443
253701.113
253742.775
253784.439
253826.103
253867.770
253909.436
253951.101
253992.767
254034.432
254076.097
254117.762
254159.428
254201.094
254242.759
254284.424
254326.090
254367.754
254409.420
254451.084
254492.751
254534.416
254576.083
254617.748
254659.414
254701.086
254742.746
254784.411
254826.076
254867.740
254909.405
254951.071
254992.738
255034.404
255076.068
255117.733
255159.401
255201.065
255242.731
255284.395
255326.061
255367.727
255409.393
255451.057
255492.724
255534.389
255576.055
255617.720
255659.385
255701.057
255742.717
255784.383
255826.048
255867.713
255909.378
255951.043
255992.710
256034.374
256076.041
256117.705
256159.372
256201.036
256242.701
256284.367
256326.033
256367.699
256409.364
256451.030
256492.695
256534.360
256576.027
256617.693
256659.358
256701.030
256742.690
256784.354
256826.020
256867.686
256909.351
256951.017
256992.682
257034.346
257076.013
257117.677
257159.343
257201.008
257242.674
257284.340
257326.005
257367.670
257409.336
257451.002
257492.667
257534.327
257575.996
257617.662
257659.322
257700.994
257742.655
257784.319
257825.990
257867.650
257909.322
257950.982
257992.647
258034.312
258075.978
258117.643
258159.316
258200.979
258242.646
258284.310
258325.977
258367.643
258409.308
258450.973
258492.638
258534.303
258575.969
258617.634
258659.300
258700.970
258742.633
258784.298
258825.962
258867.629
258909.294
258950.959
258992.625
259034.289
259075.955
259117.619
259159.286
259200.952
259242.617
259284.281
259325.947
259367.612
259409.280
259450.943
259492.609
259534.274
259575.942
259617.607
259659.271
259700.944
259742.604
259784.269
259825.935
259867.600
259909.265
259950.930
259992.596
260034.261
260075.926
260117.591
260159.258
260200.924
260242.589
260284.254
260325.919
260367.585
260409.249
260450.915
260492.581
260534.246
260575.911
260617.579
260659.244
260700.914
260742.575
260784.241
260825.905
260867.571
260909.237
260950.902
260992.568
261034.232
261075.898
261117.563
261159.229
261200.896
261242.560
261284.226
261325.891
261367.555
261409.222
261450.889
261492.552
261534.219
261575.883
261617.548
261659.215
261700.891
261742.548
261784.212
261825.877
261867.543
261909.210
261950.874
261992.541
262034.205
262075.868
262117.535
262159.201
262200.867
262242.531
262284.196
262325.862
262367.530
262409.195
262450.858
262492.525
262534.191
262575.854
262617.521
262659.186
262700.858
262742.519
262784.185
262825.848
262867.515
262909.181
262950.846
262992.512
263034.175
263075.841
263117.506
263159.172
263200.838
263242.504
263284.170
263325.834
263367.501
263409.165
263450.831
263492.495
263534.161
263575.826
263617.491
263659.158
263700.836
263742.489
263784.158
263825.821
263867.488
263909.153
263950.818
263992.484
264034.149
264075.815
264117.478
264159.146
264200.809
264242.476
264284.141
264325.807
264367.471
264409.138
264450.802
264492.468
264534.133
264575.800
264617.464
264659.131
264700.799
264742.463
264784.128
264825.792
264867.459
264909.123
264950.788
264992.455
265034.120
265075.784
265117.450
265159.116
265200.780
265242.446
265284.111
265325.778
265367.444
265409.108
265450.773
265492.439
265534.105
265575.771
265617.435
265659.101
265700.771
265742.433
265784.097
265825.763
265867.428
265909.094
265950.759
265992.425
266034.091
266075.756
266117.421
266159.087
266200.753
266242.417
266284.084
266325.748
266367.414
266409.079
266450.745
266492.411
266534.077
266575.741
266617.407
266659.073
266700.742
266742.404
266784.071
266825.736
266867.400
266909.066
266950.731
266992.398
267034.064
267075.728
267117.394
267159.060
267200.725
267242.391
267284.055
267325.721
267367.386
267409.050
267450.717
267492.382
267534.048
267575.713
267617.379
267659.043
267700.716
267742.377
267784.043
267825.707
267867.375
267909.037
267950.705
267992.371
268034.035
268075.699
268117.364
268159.031
268200.696
268242.361
268284.027
268325.692
268367.358
268409.023
268450.689
268492.354
268534.020
268575.685
268617.350
268659.017
268700.687
268742.349
268784.014
268825.678
268867.347
268909.011
268950.674
268992.341
269034.007
269075.670
269117.336
269159.003
269200.669
269242.333
269283.998
269325.663
269367.330
269408.994
269450.662
269492.326
269533.991
269575.656
269617.323
269658.987
269700.658
269742.319
269783.985
269825.651
269867.318
269908.982
269950.647
269992.311
270033.978
270075.644
270117.308
270158.975
270200.640
270242.305
270283.970
270325.638
270367.301
270408.967
270450.632
270492.299
270533.962
270575.628
270617.294
270658.959
270700.631
270742.291
270783.957
270825.622
270867.289
270908.954
270950.620
270992.286
271033.949
271075.613
271117.279
271158.946
271200.612
271242.276
271283.943
271325.609
271367.273
271408.937
271450.604
271492.269
271533.935
271575.599
271617.265
271658.930
271700.603
271742.263
271783.928
271825.594
271867.260
271908.925
271950.591
271992.257
272033.922
272075.586
272117.253
272158.917
272200.582
272242.248
272283.915
272325.578
272367.243
272408.909
272450.575
272492.241
272533.906
272575.572
272617.237
272658.903
272700.579
272742.234
272783.901
272825.566
272867.232
272908.897
272950.563
272992.228
273033.892
273075.558
273117.223
273158.890
273200.555
273242.220
273283.885
273325.553
273367.216
273408.882
273450.547
273492.212
273533.878
273575.544
273617.209
273658.875
273700.547
273742.205
273783.872
273825.539
273867.203
273908.867
273950.534
273992.201
274033.865
274075.529
274117.195
274158.861
274200.526
274242.193
274283.857
274325.523
274367.188
274408.852
274450.518
274492.185
274533.850
274575.515
274617.180
274658.845
274700.517
274742.179
274783.843
274825.509
274867.175
274908.839
274950.506
274992.172
275033.837
275075.501
275117.166
275158.833
275200.498
275242.164
275283.828
275325.495
275367.158
275408.823
275450.490
275492.157
275533.821
275575.488
275617.151
275658.819
275700.492
275742.150
275783.814
275825.481
275867.147
275908.812
275950.476
275992.143
276033.808
276075.473
276117.137
276158.804
276200.468
276242.135
276283.800
276325.467
276367.131
276408.796
276450.462
276492.129
276533.793
276575.458
276617.125
276658.789
276700.462
276742.121
276783.785
276825.451
276867.118
276908.782
276950.449
276992.114
277033.779
277075.445
277117.110
277158.775
277200.441
277242.106
277283.771
277325.438
277367.104
277408.768
277450.434
277492.099
277533.765
277575.431
277617.095
277658.760
277700.436
277742.093
277783.758
277825.425
277867.089
277908.756
277950.421
277992.087
278033.752
278075.416
278117.080
278158.748
278200.414
278242.078
278283.744
278325.409
278367.075
278408.740
278450.407
278492.071
278533.737
278575.401
278617.068
278658.733
278700.400
278742.064
278783.730
278825.396
278867.062
278908.727
278950.392
278992.058
279033.723
279075.387
279117.054
279158.718
279200.385
279242.049
279283.716
279325.380
279367.047
279408.711
279450.378
279492.041
279533.707
279575.372
279617.038
279658.703
279700.378
279742.035
279783.702
279825.367
279867.032
279908.697
279950.363
279992.029
280033.694
280075.360
280117.024
280158.690
280200.356
280242.021
280283.687
280325.353
280367.017
280408.683
280450.350
280492.014
280533.679
280575.344
280617.009
280658.675
280700.348
280742.007
280783.673
280825.340
280867.005
280908.670
280950.335
280992.001
281033.666
281075.331
281116.996
281158.663
281200.326
281241.993
281283.657
281325.323
281366.989
281408.654
281450.321
281491.985
281533.651
281575.316
281616.982
281658.646
281700.317
281741.980
281783.644
281825.310
281866.977
281908.641
281950.306
281991.972
282033.637
282075.302
282116.968
282158.633
282200.300
282241.965
282283.629
282325.295
282366.959
282408.626
282450.291
282491.958
282533.622
282575.290
282616.952
282658.619
282700.288
282741.951
282783.617
282825.277
282866.948
282908.613
282950.279
282991.944
283033.610
283075.274
283116.939
283158.605
283200.272
283241.935
283283.602
283325.267
283366.932
283408.597
283450.264
283491.928
283533.595
283575.259
283616.925
283658.590
283700.266
283741.923
283783.589
283825.254
283866.919
283908.584
283950.250
283991.915
284033.580
284075.246
284116.910
284158.577
284200.242
284241.909
284283.572
284325.239
284366.904
284408.570
284450.234
284491.901
284533.566
284575.232
284616.897
284658.563
284700.242
284741.895
284783.559
284825.225
284866.892
284908.555
284950.222
284991.888
285033.553
285075.219
285116.882
285158.550
285200.213
285241.879
285283.544
285325.210
285366.875
285408.542
285450.206
285491.874
285533.537
285575.203
285616.869
285658.535
285700.206
285741.867
285783.530
285825.197
285866.863
285908.529
285950.192
285991.859
286033.524
286075.187
286116.855
286158.519
286200.186
286241.850
286283.515
286325.181
286366.846
286408.512
286450.179
286491.842
286533.510
286575.174
286616.839
286658.505
286700.176
286741.836
286783.502
286825.168
286866.836
286908.499
286950.164
286991.829
287033.496
287075.159
287116.825
287158.492
287200.157
287241.823
287283.489
287325.154
287366.820
287408.484
287450.151
287491.815
287533.482
287575.145
287616.812
287658.478
287700.150
287741.808
287783.475
287825.140
287866.805
287908.470
287950.136
287991.802
288033.468
288075.132
288116.797
288158.464
288200.128
288241.795
288283.459
288325.125
288366.790
288408.455
288450.121
288491.788
288533.451
288575.118
288616.783
288658.448
288700.120
288741.781
288783.440
288825.106
288866.771
288908.442
288950.108
288991.773
289033.433
289075.097
289116.768
289158.431
289200.100
289241.764
289283.431
289325.097
289366.763
289408.428
289450.094
289491.758
289533.424
289575.088
289616.755
289658.420
289700.095
289741.752
289783.419
289825.084
289866.749
289908.415
289950.080
289991.746
290033.411
290075.076
290116.740
290158.412
290200.071
290241.737
290283.401
290325.067
290366.733
290408.399
290450.064
290491.730
290533.396
290575.061
290616.727
290658.393
290700.062
290741.725
290783.389
290825.053
290866.721
290908.387
290950.051
290991.718
291033.382
291075.046
291116.712
291158.378
291200.043
291241.709
291283.375
291325.040
291366.707
291408.366
291450.037
291491.702
291533.368
291575.034
291616.699
291658.364
291700.038
291741.694
291783.361
291825.027
291866.691
291908.357
291950.023
291991.688
292033.354
292075.017
292116.684
292158.350
292200.017
292241.679
292283.347
292325.013
292366.676
292408.343
292450.007
292491.674
292533.340
292575.005
292616.671
292658.335
292700.008
292741.668
292783.332
292824.997
292866.664
292908.328
292949.993
292991.661
293033.324
293074.990
293116.656
293158.322
293199.988
293241.652
293283.318
293324.983
293366.650
293408.313
293449.981
293491.644
293533.311
293574.976
293616.643
293658.307
293699.979
293741.638
293783.304
293824.970
293866.636
293908.302
293949.967
293991.633
294033.298
294074.963
294116.627
294158.293
294199.957
294241.623
294283.290
294324.954
294366.619
294408.286
294449.950
294491.616
294533.283
294574.947
294616.613
294658.278
294699.949
294741.611
294783.275
294824.942
294866.607
294908.274
294949.938
294991.603
295033.269
295074.932
295116.600
295158.265
295199.930
295241.596
295283.261
295324.926
295366.593
295408.257
295449.922
295491.588
295533.253
295574.919
295616.585
295658.251
295699.927
295741.583
295783.248
295824.913
295866.578
295908.243
295949.908
295991.574
296033.240
296074.906
296116.570
296158.234
296199.902
296241.567
296283.232
296324.899
296366.564
296408.230
296449.893
296491.558
296533.224
296574.889
296616.557
296658.220
296699.895
296741.553
296783.218
296824.883
296866.549
296908.215
296949.880
296991.545
297033.211
297074.875
297116.542
297158.209
297199.872
297241.538
297283.203
297324.870
297366.535
297408.199
297449.864
297491.531
297533.196
297574.861
297616.527
297658.192
297699.860
297741.525
297783.190
297824.855
297866.522
297908.186
297949.852
297991.519
298033.183
298074.847
298116.513
298158.179
298199.846
298241.509
298283.177
298324.842
298366.506
298408.171
298449.837
298491.502
298533.168
298574.833
298616.500
298658.164
298699.838
298741.496
298783.161
298824.827
298866.493
298908.158
298949.822
298991.488
299033.154
299074.818
299116.484
299158.152
299199.815
299241.481
299283.146
299324.811
299366.478
299408.145
299449.808
299491.476
299533.140
299574.805
299616.470
299658.137
299699.804
299741.468
299783.134
299824.799
299866.465
299908.129
299949.795
299991.462
300033.124
300074.791
300116.457
300158.122
300199.788
300241.454
300283.120
300324.784
300366.450
300408.115
300449.780
300491.446
300533.111
300574.778
300616.442
300658.108
300699.779
300741.440
300783.105
300824.771
300866.437
300908.103
300949.767
300991.433
301033.099
301074.762
301116.428
301158.095
301199.761
301241.425
301283.091
301324.755
301366.422
301408.087
301449.752
301491.417
301533.083
301574.748
301616.415
301658.079
301699.751
301741.411
301783.076
301824.741
301866.417
301908.074
301949.740
301991.405
302033.070
302074.734
302116.399
302158.065
302199.732
302241.396
302283.063
302324.726
302366.392
302408.057
302449.724
302491.389
302533.053
302574.720
302616.386
302658.051
302699.724
302741.382
302783.048
302824.714
302866.380
302908.045
302949.710
302991.375
303033.041
303074.707
303116.371
303158.038
303199.704
303241.368
303283.032
303324.699
303366.364
303408.031
303449.694
303491.360
303533.026
303574.691
303616.358
303658.024
303699.694
303741.355
303783.019
303824.686
303866.352
303908.017
303949.681
303991.346
304033.011
304074.677
304116.342
304158.008
304199.673
304241.339
304283.004
304324.670
304366.336
304408.002
304449.666
304491.332
304532.997
304574.664
304616.329
304657.993
304699.662
304741.326
304782.993
304824.657
304866.324
304907.989
304949.653
304991.319
305032.983
305074.648
305116.314
305157.982
305199.645
305241.311
305282.976
305324.642
305366.307
305407.974
305449.639
305491.305
305532.971
305574.636
305616.302
305657.965
305699.634
305741.297
305782.964
305824.628
305866.295
305907.960
305949.624
305991.293
306032.955
306074.620
306116.286
306157.953
306199.617
306241.283
306282.947
306324.613
306366.279
306407.943
306449.609
306491.275
306532.940
306574.607
306616.272
306657.938
306699.604
306741.270
306782.936
306824.600
306866.266
306907.932
306949.596
306991.262
307032.927
307074.592
307116.256
307157.924
307199.589
307241.254
307282.919
307324.585
307366.250
307407.915
307449.580
307491.248
307532.912
307574.580
307616.242
307657.908
307699.578
307741.240
307782.907
307824.572
307866.237
307907.902
307949.567
307991.234
308032.900
308074.565
308116.229
308157.896
308199.560
308241.227
308282.891
308324.557
308366.222
308407.890
308449.552
308491.220
308532.884
308574.551
308616.215
308657.880
308699.548
308741.212
308782.878
308824.544
308866.209
308907.875
308949.540
308991.206
309032.872
309074.535
309116.201
309157.866
309199.532
309241.197
309282.864
309324.529
309366.195
309407.860
309449.525
309491.190
309532.857
309574.521
309616.187
309657.852
309699.523
309741.184
309782.850
309824.515
309866.181
309907.847
309949.512
309991.178
310032.843
310074.506
310116.174
310157.838
310199.505
310241.169
310282.836
310324.499
310366.167
310407.832
310449.496
310491.163
310532.827
310574.493
310616.159
310657.826
310699.512
310741.156
310782.822
310824.487
310866.152
310907.818
310949.483
310991.150
311032.815
311074.478
311116.145
311157.809
311199.476
311241.140
311282.806
311324.473
311366.140
311407.821
311449.468
311491.134
311532.807
311574.472
311616.132
311657.808
311699.467
311741.131
311782.795
311824.459
311866.124
311907.789
311949.455
311991.120
312032.787
312074.457
312116.121
312157.791
312199.450
312241.117
312282.779
312324.443
312366.110
312407.774
312449.442
312491.105
312532.772
312574.436
312616.102
312657.777
312699.435
312741.112
312782.769
312824.435
312866.101
312907.767
312949.427
312991.092
313032.757
313074.424
313116.090
313157.773
313199.418
313241.084
313282.749
313324.416
313366.080
313407.745
313449.410
313491.076
313532.743
313574.407
313616.073
313657.740
313699.410
313741.071
313782.736
313824.403
313866.068
313907.732
313949.398
313991.064
314032.729
314074.393
314116.059
314157.726
314199.390
314241.057
314282.720
314324.386
314366.051
314407.717
314449.383
314491.048
314532.714
