0.000
41.667
83.333
124.998
166.661
208.329
249.993
291.659
333.324
374.990
416.655
458.322
499.987
541.652
583.317
624.983
666.648
708.313
749.978
791.644
833.309
874.975
916.641
958.305
999.971
1041.638
1083.302
1124.967
1166.632
1208.298
1249.961
1291.629
1333.293
1374.960
1416.623
1458.291
1499.959
1541.622
1583.286
1624.951
1666.616
1708.282
1749.947
1791.612
1833.277
1874.943
1916.608
1958.274
1999.940
2041.606
2083.272
2124.935
2166.601
2208.269
2249.932
2291.598
2333.262
2374.928
2416.592
2458.261
2499.928
2541.590
2583.256
2624.922
2666.587
2708.253
2749.918
2791.584
2833.248
2874.914
2916.580
2958.244
2999.910
3041.576
3083.241
3124.906
3166.570
3208.237
3249.901
3291.567
3333.232
3374.899
3416.563
3458.231
3499.896
3541.561
3583.225
3624.891
3666.557
3708.222
3749.887
3791.552
3833.217
3874.883
3916.548
3958.214
3999.879
4041.545
4083.212
4124.876
4166.540
4208.206
4249.872
4291.543
4333.203
4374.868
4416.533
4458.201
4499.873
4541.531
4583.198
4624.863
4666.527
4708.193
4749.858
4791.523
4833.188
4874.854
4916.518
4958.184
4999.849
5041.509
5083.180
5124.847
5166.511
5208.178
5249.841
5291.508
5333.174
5374.839
5416.504
5458.170
5499.838
5541.501
5583.168
5624.833
5666.498
5708.162
5749.827
5791.494
5833.159
5874.823
5916.489
5958.154
5999.819
6041.485
6083.151
6124.816
6166.480
6208.146
6249.811
6291.478
6333.142
6374.809
6416.473
6458.141
6499.809
6541.471
6583.136
6624.803
6666.468
6708.133
6749.798
6791.463
6833.127
6874.794
6916.458
6958.124
6999.789
7041.456
7083.121
7124.787
7166.452
7208.117
7249.782
7291.448
7333.112
7374.778
7416.443
7458.112
7499.779
7541.441
7583.106
7624.772
7666.438
7708.102
7749.767
7791.432
7833.099
7874.764
7916.430
7958.095
7999.760
8041.438
8083.090
8124.756
8166.421
8208.087
8249.752
8291.417
8333.082
8374.747
8416.414
8458.083
8499.749
8541.411
8583.077
8624.742
8666.407
8708.073
8749.739
8791.403
8833.069
8874.735
8916.400
8958.066
8999.731
9041.396
9083.062
9124.727
9166.390
9208.058
9249.722
9291.389
9333.053
9374.720
9416.383
9458.051
9499.719
9541.387
9583.046
9624.712
9666.377
9708.042
9749.707
9791.373
9833.039
9874.703
9916.370
9958.034
9999.700
10041.364
10083.032
10124.696
10166.361
10208.025
10249.691
10291.358
10333.022
10374.688
10416.353
10458.020
10499.688
10541.352
10583.016
10624.681
10666.347
10708.012
10749.678
10791.342
10833.008
10874.673
10916.339
10958.005
10999.669
11041.335
11083.000
11124.665
11166.330
11207.996
11249.661
11291.327
11332.992
11374.658
11416.324
11457.990
11499.660
11541.321
11582.986
11624.652
11666.318
11707.982
11749.649
11791.313
11832.979
11874.646
11916.309
11957.975
11999.641
12041.306
12082.971
12124.635
12166.301
12207.968
12249.632
12291.299
12332.962
12374.629
12416.293
12457.960
12499.627
12541.291
12582.956
12624.622
12666.288
12707.952
12749.618
12791.284
12832.949
12874.614
12916.280
12957.945
12999.611
13041.277
13082.941
13124.608
13166.271
13207.938
13249.603
13291.268
13332.933
13374.599
13416.264
13457.932
13499.595
13541.261
13582.926
13624.591
13666.257
13707.922
13749.587
13791.254
13832.917
13874.583
13916.248
13957.913
13999.580
14041.247
14082.912
14124.576
14166.239
14207.905
14249.571
14291.238
14332.901
14374.568
14416.232
14457.900
14499.570
14541.230
14582.895
14624.562
14666.227
14707.892
14749.557
14791.223
14832.888
14874.554
14916.218
14957.883
14999.549
15041.216
15082.881
15124.546
15166.210
15207.877
15249.541
15291.207
15332.872
15374.537
15416.202
15457.871
15499.538
15541.201
15582.867
15624.533
15666.197
15707.863
15749.528
15791.194
15832.860
15874.525
15916.190
15957.856
15999.521
16041.186
16082.851
16124.517
16166.181
16207.847
16249.511
16291.179
16332.842
16374.510
16416.173
16457.841
16499.505
16541.171
16582.836
16624.502
16666.167
16707.833
16749.498
16791.163
16832.829
16874.495
16916.160
16957.826
16999.491
17041.158
17082.821
17124.487
17166.151
17207.818
17249.481
17291.149
17332.813
17374.480
17416.142
17457.811
17499.479
17541.141
17582.806
17624.472
17666.138
17707.801
17749.467
17791.133
17832.798
17874.463
17916.128
17957.794
17999.459
18041.125
18082.792
18124.456
18166.120
18207.786
18249.451
18291.118
18332.783
18374.449
18416.112
18457.781
18499.450
18541.111
18582.777
18624.442
18666.108
18707.773
18749.438
18791.104
18832.769
18874.435
18916.100
18957.766
18999.431
19041.097
19082.761
19124.428
19166.090
19207.757
19249.421
19291.089
19332.752
19374.417
19416.083
19457.751
19499.419
19541.081
19582.746
19624.412
19666.076
19707.741
19749.406
19791.072
19832.738
19874.403
19916.068
19957.733
19999.399
20041.065
20082.731
20124.396
20166.061
20207.726
20249.391
20291.058
20332.722
20374.382
20416.053
20457.716
20499.385
20541.044
20582.709
20624.382
20666.047
20707.713
20749.378
20791.045
20832.710
20874.375
20916.040
20957.704
20999.370
21041.036
21082.702
21124.367
21166.030
21207.696
21249.363
21291.027
21332.696
21374.357
21416.025
21457.695
21499.358
21541.021
21582.686
21624.352
21666.017
21707.683
21749.349
21791.014
21832.680
21874.345
21916.010
21957.676
21999.341
22041.007
22082.671
22124.337
22166.000
22207.668
22249.331
22290.999
22332.662
22374.329
22415.993
22457.663
22499.330
22540.989
22582.657
22624.322
22665.987
22707.653
22749.319
22790.983
22832.649
22874.315
22915.980
22957.646
22999.311
23040.976
23082.642
23124.307
23165.971
23207.638
23249.302
23290.969
23332.633
23374.300
23415.963
23457.630
23499.291
23540.960
23582.626
23624.292
23665.958
23707.623
23749.289
23790.954
23832.620
23874.285
23915.950
23957.615
23999.281
24040.946
24082.612
24124.277
24165.941
24207.608
24249.272
24290.939
24332.602
24374.270
24415.933
24457.601
24499.269
24540.930
24582.596
24624.262
24665.928
24707.595
24749.258
24790.924
24832.589
24874.255
24915.921
24957.586
24999.251
25040.915
25082.582
25124.247
25165.911
25207.578
25249.241
25290.909
25332.572
25374.240
25415.903
25457.573
25499.240
25540.900
25582.567
25624.232
25665.898
25707.563
25749.227
25790.894
25832.560
25874.225
25915.890
25957.555
25999.222
26040.884
26082.552
26124.218
26165.883
26207.548
26249.212
26290.878
26332.542
26374.210
26415.874
26457.541
26499.211
26540.870
26582.538
26624.203
26665.868
26707.533
26749.198
26790.864
26832.529
26874.194
26915.859
26957.524
26999.189
27040.854
27082.521
27124.186
27165.850
27207.517
27249.182
27290.848
27332.513
27374.179
27415.844
27457.512
27499.176
27540.840
27582.507
27624.172
27665.836
27707.503
27749.168
27790.833
27832.499
27874.164
27915.830
27957.496
27999.161
28040.825
28082.492
28124.157
28165.821
28207.488
28249.152
28290.819
28332.482
28374.149
28415.814
28457.482
28499.151
28540.810
28582.476
28624.142
28665.808
28707.471
28749.139
28790.804
28832.469
28874.134
28915.800
28957.466
28999.131
29040.797
29082.462
29124.127
29165.791
29207.457
29249.122
29290.788
29332.453
29374.119
29415.784
29457.451
29499.119
29540.782
29582.447
29624.112
29665.778
29707.443
29749.107
29790.774
29832.440
29874.105
29915.770
29957.436
29999.100
30040.766
30082.432
30124.097
30165.761
30207.428
30249.092
30290.759
30332.423
30374.090
30415.754
30457.421
30499.090
30540.752
30582.417
30624.083
30665.748
30707.413
30749.079
30790.743
30832.410
30874.076
30915.739
30957.406
30999.071
31040.736
31082.402
31124.068
31165.731
31207.398
31249.063
31290.730
31332.393
31374.059
31415.724
31457.392
31499.059
31540.722
31582.387
31624.053
31665.718
31707.383
31749.049
31790.715
31832.379
31874.045
31915.711
31957.376
31999.041
32040.707
32082.373
32124.036
32165.701
32207.367
32249.033
32290.698
32332.364
32374.028
32415.695
32457.365
32499.027
32540.692
32582.357
32624.023
32665.688
32707.354
32749.019
32790.684
32832.348
32874.014
32915.680
32957.346
32999.009
33040.675
33082.342
33124.007
33165.671
33207.338
33249.003
33290.668
33332.333
33373.999
33415.665
33457.332
33498.996
33540.661
33582.327
33623.993
33665.658
33707.323
33748.988
33790.655
33832.320
33873.985
33915.649
33957.316
33998.980
34040.646
34082.310
34123.978
34165.642
34207.308
34248.973
34290.637
34332.303
34373.969
34415.633
34457.301
34498.968
34540.631
34582.297
34623.964
34665.628
34707.294
34748.957
34790.624
34832.289
34873.954
34915.619
34957.286
34998.950
35040.616
35082.282
35123.947
35165.611
35207.277
35248.942
35290.608
35332.275
35373.939
35415.604
35457.273
35498.938
35540.601
35582.267
35623.933
35665.598
35707.263
35748.929
35790.594
35832.259
35873.925
35915.591
35957.255
35998.920
36040.587
36082.251
36123.916
36165.582
36207.248
36248.913
36290.578
36332.243
36373.911
36415.574
36457.242
36498.906
36540.572
36582.238
36623.903
36665.568
36707.234
36748.898
36790.563
36832.228
36873.895
36915.559
36957.225
36998.890
37040.556
37082.222
37123.887
37165.552
37207.217
37248.882
37290.548
37332.215
37373.880
37415.545
37457.213
37498.874
37540.541
37582.207
37623.872
37665.538
37707.203
37748.868
37790.533
37832.199
37873.865
37915.530
37957.195
37998.860
38040.526
38082.191
38123.857
38165.521
38207.187
38248.853
38290.519
38332.184
38373.849
38415.515
38457.182
38498.846
38540.512
38582.177
38623.843
38665.509
38707.174
38748.839
38790.504
38832.170
38873.834
38915.500
38957.165
38998.831
39040.497
39082.162
39123.827
39165.491
39207.157
39248.823
39290.489
39332.154
39373.820
39415.484
39457.154
39498.821
39540.481
39582.148
39623.813
39665.477
39707.143
39748.808
39790.473
39832.139
39873.805
39915.472
39957.136
39998.801
40040.467
40082.133
40123.798
40165.462
40207.128
40248.794
40290.457
40332.124
40373.790
40415.456
40457.123
40498.793
40540.452
40582.118
40623.784
40665.448
40707.114
40748.779
40790.445
40832.110
40873.776
40915.440
40957.106
40998.771
41040.437
41082.101
41123.767
41165.432
41207.098
41248.763
41290.428
41332.094
41373.759
41415.426
41457.092
41498.758
41540.422
41582.087
41623.753
41665.418
41707.083
41748.748
41790.416
41832.081
41873.746
41915.412
41957.076
41998.742
42040.407
42082.073
42123.738
42165.402
42207.069
42248.733
42290.399
42332.065
42373.729
42415.396
42457.062
42498.729
42540.392
42582.056
42623.724
42665.389
42707.054
42748.720
42790.385
42832.050
42873.715
42915.382
42957.046
42998.712
43040.377
43082.043
43123.708
43165.372
43207.038
43248.704
43290.370
43332.034
43373.699
43415.366
43457.032
43498.697
43540.363
43582.026
43623.692
43665.359
43707.024
43748.689
43790.355
43832.020
43873.684
43915.350
43957.016
43998.682
44040.348
44082.013
44123.678
44165.342
44207.008
44248.673
44290.340
44332.005
44373.670
44415.335
44457.004
44498.672
44540.333
44581.998
44623.662
44665.328
44706.995
44748.661
44790.325
44831.991
44873.656
44915.321
44956.987
44998.652
45040.318
45081.983
45123.649
45165.312
45206.979
45248.643
45290.310
45331.974
45373.642
45415.305
45456.974
45498.637
45540.303
45581.968
45623.634
45665.297
45706.965
45748.630
45790.296
45831.961
45873.626
45915.292
45956.957
45998.623
46040.288
46081.953
46123.618
46165.283
46206.950
46248.613
46290.280
46331.939
46373.606
46415.270
46456.939
46498.609
46540.273
46581.938
46623.604
46665.270
46706.935
46748.600
46790.264
46831.930
46873.595
46915.260
46956.926
46998.591
47040.258
47081.922
47123.588
47165.254
47206.919
47248.583
47290.249
47331.914
47373.580
47415.244
47456.914
47498.582
47540.244
47581.907
47623.574
47665.239
47706.905
47748.569
47790.234
47831.900
47873.566
47915.232
47956.896
47998.563
48040.228
48081.892
48123.557
48165.224
48206.888
48248.553
48290.219
48331.886
48373.551
48415.215
48456.884
48498.550
48540.211
48581.876
48623.544
48665.209
48706.873
48748.538
48790.204
48831.868
48873.535
48915.201
48956.866
48998.531
49040.198
49081.862
49123.529
49165.193
49206.858
49248.524
49290.189
49331.855
49373.519
49415.186
49456.855
49498.521
49540.183
49581.847
49623.514
49665.177
49706.843
49748.508
49790.175
49831.840
49873.504
49915.170
49956.836
49998.500
50040.168
50081.834
50123.498
50165.162
50206.828
50248.493
50290.159
50331.824
50373.490
50415.155
50456.822
50498.490
50540.154
50581.817
50623.484
50665.149
50706.813
50748.479
50790.145
50831.809
50873.475
50915.141
50956.807
50998.473
51040.137
51081.802
51123.467
51165.132
51206.798
51248.463
51290.130
51331.795
51373.459
51415.126
51456.794
51498.460
51540.123
51581.789
51623.449
51665.114
51706.779
51748.450
51790.115
51831.776
51873.445
51915.112
51956.777
51998.442
52040.108
52081.772
52123.437
52165.104
52206.769
52248.435
52290.099
52331.766
52373.432
52415.095
52456.764
52498.428
52540.093
52581.758
52623.425
52665.089
52706.755
52748.420
52790.085
52831.750
52873.417
52915.081
52956.746
52998.413
53040.077
53081.741
53123.407
53165.073
53206.738
53248.405
53290.071
53331.734
53373.400
53415.065
53456.733
53498.403
53540.062
53581.727
53623.394
53665.059
53706.723
53748.390
53790.055
53831.720
53873.386
53915.052
53956.716
53998.381
54040.047
54081.713
54123.379
54165.042
54206.707
54248.374
54290.040
54331.706
54373.370
54415.037
54456.712
54498.371
54540.033
54581.697
54623.365
54665.030
54706.694
54748.359
54790.026
54831.690
54873.355
54915.021
54956.686
54998.351
55040.017
55081.683
55123.348
55165.012
55206.678
55248.344
55290.009
55331.675
55373.340
55415.007
55456.673
55498.341
55540.003
55581.667
55623.335
55664.999
55706.663
55748.330
55789.995
55831.660
55873.326
55914.991
55956.657
55998.322
56039.988
56081.652
56123.318
56164.982
56206.650
56248.314
56289.979
56331.645
56373.312
56414.977
56456.643
56498.309
56539.973
56581.639
56623.305
56664.969
56706.636
56748.299
56789.965
56831.630
56873.296
56914.961
56956.626
56998.292
57039.959
57081.622
57123.290
57164.954
57206.620
57248.284
57289.951
57331.615
57373.283
57414.946
57456.614
57498.278
57539.943
57581.607
57623.273
57664.940
57706.604
57748.269
57789.936
57831.601
57873.266
57914.932
57956.597
57998.262
58039.929
58081.592
58123.259
58164.925
58206.589
58248.255
58289.920
58331.585
58373.251
58414.917
58456.584
58498.252
58539.914
58581.579
58623.245
58664.910
58706.574
58748.240
58789.907
58831.566
58873.237
58914.901
58956.568
58998.233
59039.897
59081.562
59123.229
59164.894
59206.561
59248.225
59289.891
59331.555
59373.221
59414.887
59456.554
59498.221
59539.883
59581.548
59623.216
59664.881
59706.546
59748.212
59789.877
59831.543
59873.208
59914.873
59956.538
59998.203
60039.868
60081.535
60123.200
60164.863
60206.530
60248.195
60289.860
60331.526
60373.191
60414.858
60456.524
60498.192
60539.855
60581.517
60623.185
60664.850
60706.516
60748.180
60789.846
60831.511
60873.177
60914.842
60956.507
60998.172
61039.839
61081.504
61123.169
61164.834
61206.501
61248.166
61289.831
61331.497
61373.162
61414.828
61456.495
61498.160
61539.824
61581.490
61623.156
61664.818
61706.485
61748.149
61789.815
61831.481
61873.146
61914.812
61956.477
61998.142
62039.809
62081.475
62123.140
62164.803
62206.471
62248.136
62289.801
62331.466
62373.133
62414.796
62456.465
62498.134
62539.794
62581.461
62623.126
62664.789
62706.454
62748.121
62789.787
62831.453
62873.117
62914.782
62956.449
62998.113
63039.778
63081.444
63123.116
63164.774
63206.441
63248.105
63289.772
63331.435
63373.103
63414.766
63456.435
63498.103
63539.764
63581.430
63623.095
63664.761
63706.425
63748.091
63789.757
63831.423
63873.088
63914.754
63956.419
63998.084
64039.750
64081.415
64123.080
64164.744
64206.412
64248.075
64289.742
64331.406
64373.073
64414.737
64456.405
64498.070
64539.734
64581.401
64623.066
64664.731
64706.396
64748.060
64789.728
64831.393
64873.058
64914.724
64956.389
64998.054
65039.720
65081.385
65123.051
65164.714
65206.381
65248.045
65289.712
65331.376
65373.044
65414.707
65456.374
65498.040
65539.705
65581.370
65623.035
65664.701
65706.366
65748.032
65789.697
65831.363
65873.028
65914.694
65956.359
65998.025
66039.690
66081.355
66123.021
66164.684
66206.352
66248.015
66289.682
66331.346
66373.013
66414.677
66456.346
66498.012
66539.675
66581.340
66623.006
66664.671
66706.337
66748.002
66789.668
66831.333
66872.999
66914.663
66956.329
66997.994
67039.660
67081.324
67122.990
67164.654
67206.320
67247.985
67289.651
67331.316
67372.982
67414.647
67456.315
67497.986
67539.644
67581.310
67622.977
67664.643
67706.306
67747.972
67789.636
67831.303
67872.969
67914.633
67956.299
67997.964
68039.630
68081.295
68122.960
68164.625
68206.292
68247.956
68289.622
68331.286
68372.952
68414.617
68456.285
68497.951
68539.616
68581.280
68622.946
68664.611
68706.277
68747.942
68789.607
68831.273
68872.938
68914.603
68956.268
68997.935
69039.601
69081.264
69122.935
69164.596
69206.262
69247.926
69289.591
69331.256
69372.923
69414.587
69456.255
69497.920
69539.585
69581.250
69622.916
69664.581
69706.246
69747.913
69789.578
69831.243
69872.908
69914.572
69956.239
69997.903
70039.570
70081.236
70122.899
70164.565
70206.231
70247.895
70289.561
70331.227
70372.894
70414.559
70456.224
70497.891
70539.556
70581.220
70622.886
70664.550
70706.216
70747.882
70789.546
70831.212
70872.878
70914.544
70956.209
70997.874
71039.540
71081.205
71122.871
71164.535
71206.201
71247.866
71289.530
71331.198
71372.863
71414.528
71456.195
71497.860
71539.525
71581.190
71622.856
71664.521
71706.186
71747.852
71789.517
71831.182
71872.848
71914.514
71956.180
71997.845
72039.511
72081.175
72122.841
72164.505
72206.172
72247.835
72289.503
72331.168
72372.833
72414.498
72456.166
72497.832
72539.495
72581.161
72622.827
72664.492
72706.157
72747.822
72789.489
72831.154
72872.819
72914.485
72956.150
72997.816
73039.481
73081.146
73122.812
73164.475
73206.143
73247.806
73289.473
73331.137
73372.804
73414.470
73456.135
73497.799
73539.466
73581.131
73622.797
73664.462
73706.128
73747.793
73789.458
73831.124
73872.789
73914.454
73956.120
73997.785
74039.451
74081.116
74122.782
74164.446
74206.113
74247.776
74289.442
74331.107
74372.774
74414.438
74456.106
74497.769
74539.436
74581.101
74622.768
74664.432
74706.098
74747.763
74789.428
74831.094
74872.760
74914.424
74956.090
74997.756
75039.421
75081.087
75122.752
75164.415
75206.082
75247.748
75289.412
75331.077
75372.744
75414.407
75456.076
75497.744
75539.406
75581.072
75622.737
75664.402
75706.068
75747.733
75789.399
75831.064
75872.730
75914.396
75956.061
75997.725
76039.391
76081.057
76122.721
76164.386
76206.053
76247.716
76289.383
76331.047
76372.712
76414.380
76456.049
76497.717
76539.376
76581.042
76622.707
76664.372
76706.037
76747.703
76789.369
76831.034
76872.700
76914.366
76956.030
76997.696
77039.361
77081.027
77122.692
77164.356
77206.023
77247.687
77289.354
77331.017
77372.685
77414.348
77456.010
77497.687
77539.346
77581.012
77622.678
77664.343
77706.008
77747.673
77789.339
77831.005
77872.668
77914.335
77956.000
77997.666
78039.332
78080.998
78122.662
78164.326
78205.993
78247.656
78289.324
78330.987
78372.655
78414.319
78455.988
78497.651
78539.316
78580.982
78622.645
78664.313
78705.980
78747.643
78789.309
78830.975
78872.640
78914.305
78955.971
78997.636
79039.301
79080.967
79122.632
79164.296
79205.963
79247.627
79289.294
79330.957
79372.625
79414.288
79455.956
79497.622
79539.286
79580.952
79622.617
79664.281
79705.950
79747.614
79789.279
79830.945
79872.610
79914.275
79955.941
79997.606
80039.272
80080.937
80122.602
80164.266
80205.933
80247.597
80289.264
80330.927
80372.595
80414.259
80455.930
80497.597
80539.256
80580.922
80622.587
80664.253
80705.916
80747.584
80789.250
80830.915
80872.580
80914.245
80955.911
80997.576
81039.241
81080.907
81122.573
81164.236
81205.903
81247.566
81289.234
81330.898
81372.566
81414.229
81455.897
81497.561
81539.227
81580.892
81622.558
81664.223
81705.889
81747.552
81789.218
81830.885
81872.550
81914.215
81955.881
81997.547
82039.211
82080.877
82122.546
82164.206
82205.873
82247.537
82289.205
82330.868
82372.535
82414.198
82455.867
82497.533
82539.198
82580.855
82622.521
82664.186
82705.856
82747.522
82789.182
82830.849
82872.513
82914.185
82955.844
82997.514
83039.182
83080.846
83122.511
83164.177
83205.843
83247.507
83289.173
83330.839
83372.504
83414.169
83455.839
83497.504
83539.167
83580.832
83622.497
83664.162
83705.828
83747.492
83789.158
83830.823
83872.488
83914.156
83955.819
83997.485
84039.152
84080.816
84122.481
84164.145
84205.811
84247.477
84289.144
84330.808
84372.475
84414.140
84455.808
84497.473
84539.137
84580.801
84622.467
84664.132
84705.797
84747.462
84789.127
84830.793
84872.459
84914.124
84955.790
84997.455
85039.122
85080.787
85122.453
85164.116
85205.782
85247.447
85289.113
85330.779
85372.444
85414.110
85455.778
85497.442
85539.107
85580.771
85622.438
85664.102
85705.767
85747.432
85789.098
85830.766
85872.429
85914.094
85955.760
85997.425
86039.091
86080.756
86122.422
86164.086
86205.753
86247.418
86289.084
86330.748
86372.415
86414.079
86455.747
86497.410
86539.076
86580.747
86622.409
86664.073
86705.737
86747.405
86789.071
86830.735
86872.399
86914.064
86955.730
86997.394
87039.060
87080.726
87122.397
87164.056
87205.724
87247.389
87289.053
87330.719
87372.386
87414.049
87455.721
87497.386
87539.047
87580.712
87622.379
87664.043
87705.707
87747.373
87789.040
87830.704
87872.370
87914.035
87955.699
87997.366
88039.030
88080.697
88122.363
88164.027
88205.694
88247.357
88289.023
88330.689
88372.354
88414.019
88455.688
88497.352
88539.017
88580.683
88622.347
88664.013
88705.678
88747.343
88789.010
88830.676
88872.340
88914.006
88955.672
88997.337
89039.002
89080.668
89122.333
89163.997
89205.663
89247.328
89288.994
89330.660
89372.325
89413.989
89455.660
89497.322
89538.987
89580.653
89622.319
89663.984
89705.648
89747.314
89788.979
89830.646
89872.310
89913.976
89955.640
89997.305
90038.973
90080.638
90122.303
90163.968
90205.633
90247.298
90288.965
90330.630
90372.296
90413.959
90455.627
90497.293
90538.958
90580.623
90622.289
90663.954
90705.620
90747.285
90788.951
90830.616
90872.282
90913.947
90955.612
90997.276
91038.943
91080.608
91122.272
91163.937
91205.603
91247.269
91288.933
91330.601
91372.266
91413.930
91455.598
91497.265
91538.928
91580.593
91622.259
91663.925
91705.589
91747.255
91788.920
91830.586
91872.251
91913.915
91955.581
91997.246
92038.913
92080.578
92122.243
92163.907
92205.574
92247.239
92288.904
92330.569
92372.235
92413.900
92455.567
92497.232
92538.898
92580.563
92622.227
92663.893
92705.558
92747.223
92788.890
92830.555
92872.220
92913.885
92955.551
92997.216
93038.883
93080.548
93122.213
93163.878
93205.544
93247.208
93288.875
93330.539
93372.204
93413.870
93455.557
93497.206
93538.867
93580.532
93622.197
93663.863
93705.530
93747.195
93788.860
93830.526
93872.190
93913.857
93955.524
93997.186
94038.854
94080.518
94122.186
94163.848
94205.515
94247.179
94288.845
94330.511
94372.176
94413.840
94455.508
94497.172
94538.837
94580.503
94622.167
94663.834
94705.500
94747.164
94788.829
94830.495
94872.160
94913.826
94955.491
94997.156
95038.823
95080.488
95122.151
95163.817
95205.484
95247.148
95288.814
95330.479
95372.146
95413.811
95455.481
95497.148
95538.809
95580.473
95622.139
95663.805
95705.470
95747.134
95788.802
95830.466
95872.131
95913.797
95955.461
95997.126
96038.793
96080.459
96122.122
96163.787
96205.454
96247.119
96288.784
96330.450
96372.116
96413.780
96455.448
96497.117
96538.779
96580.443
96622.108
96663.775
96705.440
96747.104
96788.771
96830.436
96872.103
96913.766
96955.431
96997.098
97038.763
97080.429
97122.092
97163.759
97205.425
97247.088
97288.756
97330.419
97372.085
97413.751
97455.419
97497.088
97538.747
97580.413
97622.077
97663.745
97705.408
97747.076
97788.741
97830.406
97872.070
97913.736
97955.401
97997.066
98038.733
98080.398
98122.063
98163.729
98205.396
98247.059
98288.726
98330.392
98372.057
98413.721
98455.389
98497.052
98538.717
98580.383
98622.047
98663.713
98705.380
98747.043
98788.710
98830.377
98872.041
98913.706
98955.373
98997.038
99038.704
99080.369
99122.033
99163.698
99205.364
99247.030
99288.696
99330.361
99372.026
99413.692
99455.360
99497.025
99538.690
99580.354
99622.018
99663.684
99705.350
99747.015
99788.680
99830.347
99872.012
99913.678
99955.344
99997.009
100038.674
100080.340
100122.003
100163.668
100205.336
100246.999
100288.667
100330.330
100371.997
100413.661
100455.328
100496.992
100538.659
100580.325
100621.990
100663.656
100705.321
100746.986
100788.652
100830.316
100871.982
100913.648
100955.314
100996.980
101038.644
101080.310
101121.975
101163.639
101205.306
101246.969
101288.637
101330.300
101371.968
101413.631
101455.300
101496.963
101538.629
101580.294
101621.960
101663.626
101705.291
101746.957
101788.621
101830.287
101871.951
101913.618
101955.283
101996.949
102038.614
102080.280
102121.945
102163.608
102205.276
102246.939
102288.607
102330.273
102371.938
102413.601
102455.270
102496.934
102538.600
102580.265
102621.931
102663.596
102705.261
102746.927
102788.592
102830.258
102871.923
102913.587
102955.254
102996.919
103038.584
103080.250
103121.916
103163.579
103205.247
103246.909
103288.577
103330.241
103371.909
103413.571
103455.240
103496.902
103538.569
103580.235
103621.900
103663.566
103705.232
103746.897
103788.562
103830.227
103871.894
103913.558
103955.222
103996.889
104038.555
104080.218
104121.885
104163.549
104205.215
104246.880
104288.546
104330.212
104371.877
104413.542
104455.211
104496.888
104538.540
104580.204
104621.871
104663.536
104705.200
104746.866
104788.533
104830.199
104871.863
104913.527
104955.193
104996.858
105038.523
105080.190
105121.855
105163.518
105205.184
105246.850
105288.517
105330.180
105371.848
105413.511
105455.181
105496.843
105538.510
105580.175
105621.841
105663.505
105705.170
105746.836
105788.501
105830.168
105871.832
105913.497
105955.162
105996.828
106038.495
106080.160
106121.824
106163.489
106205.154
106246.820
106288.487
106330.153
106371.817
106413.481
106455.151
106496.819
106538.479
106580.144
106621.811
106663.475
106705.140
106746.807
106788.471
106830.137
106871.803
106913.467
106955.133
106996.798
107038.465
107080.130
107121.794
107163.459
107205.127
107246.790
107288.456
107330.122
107371.787
107413.453
107455.121
107496.783
107538.449
107580.115
107621.781
107663.445
107705.111
107746.776
107788.443
107830.108
107871.774
107913.439
107955.104
107996.770
108038.436
108080.100
108121.764
108163.430
108205.096
108246.760
108288.426
108330.093
108371.757
108413.422
108455.090
108496.753
108538.420
108580.086
108621.751
108663.416
108705.080
108746.747
108788.413
108830.079
108871.744
108913.409
108955.075
108996.741
109038.406
109080.071
109121.737
109163.400
109205.065
109246.731
109288.397
109330.056
109371.727
109413.392
109455.062
109496.729
109538.391
109580.056
109621.722
109663.387
109705.052
109746.718
109788.383
109830.051
109871.715
109913.381
109955.044
109996.710
110038.376
110080.040
110121.707
110163.369
110205.037
110246.701
110288.368
110330.033
110371.698
110413.362
110455.032
110496.701
110538.360
110580.026
110621.692
110663.356
110705.021
110746.686
110788.353
110830.018
110871.682
110913.348
110955.013
110996.679
111038.346
111080.010
111121.675
111163.339
111205.005
111246.671
111288.336
111330.002
111371.669
111413.332
111455.000
111496.664
111538.330
111579.995
111621.662
111663.327
111704.992
111746.658
111788.323
111829.988
111871.652
111913.318
111954.985
111996.649
112038.316
112079.981
112121.645
112163.310
112204.975
112246.642
112288.308
112329.972
112371.638
112413.302
112454.970
112496.639
112538.300
112579.966
112621.632
112663.297
112704.961
112746.628
112788.293
112829.959
112871.624
112913.289
112954.955
112996.619
113038.286
113079.951
113121.615
113163.280
113204.946
113246.611
113288.277
113329.942
113371.609
113413.272
113454.940
113496.604
113538.264
113579.937
113621.602
113663.266
113704.932
113746.597
113788.263
113829.929
113871.594
113913.258
113954.924
113996.589
114038.256
114079.921
114121.585
114163.250
114204.917
114246.582
114288.248
114329.912
114371.578
114413.242
114454.913
114496.577
114538.240
114579.906
114621.574
114663.238
114704.903
114746.568
114788.233
114829.899
114871.563
114913.228
114954.895
114996.560
115038.226
115079.891
115121.555
115163.220
115204.886
115246.553
115288.219
115329.882
115371.547
115413.208
115454.878
115496.540
115538.208
115579.876
115621.536
115663.205
115704.866
115746.531
115788.197
115829.867
115871.533
115913.197
115954.865
115996.530
116038.196
116079.861
116121.526
116163.190
116204.856
116246.521
116288.187
116329.853
116371.520
116413.183
116454.853
116496.521
116538.180
116579.845
116621.512
116663.176
116704.842
116746.508
116788.172
116829.838
116871.503
116913.168
116954.835
116996.499
117038.166
117079.830
117121.496
117163.161
117204.826
117246.492
117288.159
117329.822
117371.488
117413.153
117454.821
117496.489
117538.150
117579.816
117621.483
117663.148
117704.812
117746.477
117788.144
117829.808
117871.476
117913.139
117954.805
117996.470
118038.135
118079.800
118121.466
118163.130
118204.797
118246.462
118288.128
118329.793
118371.458
118413.123
118454.791
118496.456
118538.120
118579.787
118621.453
118663.118
118704.782
118746.449
118788.114
118829.779
118871.443
118913.110
118954.775
118996.440
119038.106
119079.771
119121.436
119163.101
119204.767
119246.432
119288.099
119329.763
119371.430
119413.093
119454.761
119496.424
119538.090
119579.756
119621.422
119663.087
119704.753
119746.418
119788.084
119829.749
119871.414
119913.078
119954.745
119996.410
120038.078
120079.742
120121.407
120163.071
120204.738
120246.403
120288.067
120329.732
120371.400
120413.064
120454.732
120496.395
120538.061
120579.726
120621.391
120663.058
120704.724
120746.388
120788.053
120829.719
120871.384
120913.049
120954.714
120996.379
121038.047
121079.712
121121.376
121163.041
121204.708
121246.372
121288.037
121329.703
121371.370
121413.033
121454.704
121496.366
121538.032
121579.697
121621.363
121663.028
121704.693
121746.359
121788.024
121829.689
121871.354
121913.020
121954.684
121996.350
122038.015
122079.681
122121.346
122163.012
122204.678
122246.342
122288.009
122329.673
122371.338
122413.004
122454.673
122496.336
122538.002
122579.668
122621.333
122662.998
122704.664
122746.331
122787.995
122829.660
122871.326
122912.990
122954.657
122996.320
123037.985
123079.651
123121.317
123162.981
123204.649
123246.313
123287.979
123329.644
123371.310
123412.974
123454.643
123496.306
123537.972
123579.636
123621.303
123662.968
123704.635
123746.301
123787.965
123829.629
123871.295
123912.959
123954.625
123996.291
124037.957
124079.622
124121.287
124162.952
124204.618
124246.285
124287.949
124329.613
124371.279
124412.944
124454.613
124496.280
124537.943
124579.608
124621.274
124662.939
124704.604
124746.270
124787.935
124829.600
124871.266
124912.930
124954.595
124996.262
125037.927
125079.592
125121.258
125162.922
125204.588
125246.255
125287.920
125329.584
125371.251
125412.914
125454.584
125496.246
125537.911
125579.577
125621.242
125662.908
125704.574
125746.238
125787.904
125829.569
125871.234
125912.900
125954.567
125996.231
126037.898
126079.562
126121.227
126162.892
126204.559
126246.225
126287.889
126329.554
126371.221
126412.885
126454.552
126496.216
126537.883
126579.548
126621.214
126662.879
126704.544
126746.210
126787.875
126829.541
126871.207
126912.872
126954.537
126996.202
127037.869
127079.534
127121.199
127162.863
127204.530
127246.193
127287.861
127329.524
127371.190
127412.855
127454.524
127496.188
127537.851
127579.519
127621.185
127662.849
127704.515
127746.180
127787.846
127829.512
127871.176
127912.842
127954.507
127996.173
128037.838
128079.504
128121.169
128162.833
128204.500
128246.163
128287.831
128329.494
128371.162
128412.825
128454.494
128496.157
128537.822
128579.488
128621.154
128662.819
128704.484
128746.150
128787.816
128829.481
128871.147
128912.811
128954.476
128996.142
129037.808
129079.473
129121.138
129162.802
129204.468
129246.134
129287.799
129329.465
129371.129
129412.795
129454.463
129496.126
129537.792
129579.457
129621.123
129662.790
129704.454
129746.119
129787.784
129829.449
129871.115
129912.781
129954.446
129996.111
130037.779
130079.442
130121.109
130162.773
130204.439
130246.103
130287.769
130329.435
130371.101
130412.766
130454.434
130496.098
130537.763
130579.430
130621.094
130662.759
130704.425
130746.089
130787.755
130829.420
130871.085
130912.753
130954.416
130996.082
131037.748
131079.413
131121.078
131162.743
131204.409
131246.074
131287.740
131329.404
131371.072
131412.735
131454.404
131496.069
131537.732
131579.397
131621.065
131662.729
131704.395
131746.060
131787.726
131829.392
131871.058
131912.721
131954.387
131996.053
132037.718
132079.382
132121.048
132162.714
132204.380
132246.044
132287.710
132329.375
132371.042
132412.706
132454.376
132496.038
132537.702
132579.369
132621.034
132662.700
132704.365
132746.031
132787.696
132829.361
132871.026
132912.691
132954.358
132996.022
133037.688
133079.354
133121.020
133162.683
133204.350
133246.014
133287.681
133329.345
133371.012
133412.676
133454.345
133496.009
133537.674
133579.340
133621.003
133662.670
133704.336
133746.001
133787.667
133829.333
133870.998
133912.664
133954.328
133995.994
134037.659
134079.325
134120.991
134162.654
134204.321
134245.984
134287.652
134329.315
134370.983
134412.646
134454.314
134495.980
134537.644
134579.310
134620.976
134662.639
134704.304
134745.971
134787.636
134829.302
134870.966
134912.633
134954.298
134995.963
135037.628
135079.293
135120.960
135162.624
135204.290
135245.954
135287.621
135329.286
135370.952
135412.616
135454.285
135495.949
135537.614
135579.279
135620.944
135662.609
135704.276
135745.940
135787.608
135829.273
135870.936
135912.603
135954.268
135995.933
136037.599
136079.264
136120.928
136162.594
136204.260
136245.925
136287.590
136329.255
136370.921
136412.587
136454.256
136495.919
136537.584
136579.249
136620.915
136662.579
136704.245
136745.911
136787.578
136829.241
136870.907
136912.571
136954.237
136995.903
137037.570
137079.233
137120.899
137162.563
137204.231
137245.895
137287.560
137329.225
137370.892
137412.556
137454.226
137495.889
137537.555
137579.220
137620.883
137662.548
137704.217
137745.880
137787.547
137829.212
137870.878
137912.543
137954.201
137995.873
138037.539
138079.204
138120.872
138162.533
138204.199
138245.864
138287.530
138329.195
138370.862
138412.527
138454.194
138495.860
138537.523
138579.189
138620.857
138662.519
138704.185
138745.851
138787.516
138829.183
138870.849
138912.513
138954.179
138995.843
139037.509
139079.176
139120.841
139162.505
139204.172
139245.835
139287.503
139329.166
139370.834
139412.497
139454.166
139495.828
139537.495
139579.161
139620.826
139662.491
139704.157
139745.822
139787.488
139829.154
139870.819
139912.484
139954.149
139995.815
140037.478
140079.145
140120.813
140162.474
140204.142
140245.805
140287.473
140329.136
140370.804
140412.467
140454.135
140495.798
140537.466
140579.131
140620.796
140662.462
140704.128
140745.793
140787.458
140829.124
140870.789
140912.454
140954.120
140995.786
141037.451
141079.114
141120.780
141162.445
141204.110
141245.776
141287.441
141329.106
141370.773
141412.437
141454.107
141495.769
141537.434
141579.094
141620.766
141662.426
141704.090
141745.761
141787.428
141829.094
141870.759
141912.424
141954.089
141995.754
142037.419
142079.085
142120.749
142162.415
142204.081
142245.745
142287.411
142329.076
142370.743
142412.408
142454.077
142495.738
142537.405
142579.070
142620.737
142662.400
142704.066
142745.733
142787.396
142829.062
142870.727
142912.393
142954.059
142995.723
143037.391
143079.056
143120.720
143162.384
143204.052
143245.716
143287.383
143329.047
143370.713
143412.377
143454.047
143495.713
143537.375
143579.041
143620.707
143662.371
143704.036
143745.701
143787.368
143829.034
143870.698
143912.362
143954.028
143995.694
144037.361
144079.026
144120.690
144162.355
144204.022
144245.686
144287.353
144329.016
144370.682
144412.347
144454.016
144495.681
144537.346
144579.011
144620.677
144662.342
144704.006
144745.672
144787.339
144829.004
144870.669
144912.334
144953.998
144995.664
145037.331
145078.996
145120.662
145162.325
145203.992
145245.656
145287.322
145328.987
145370.655
145412.318
145453.986
145495.654
145537.316
145578.983
145620.647
145662.312
145703.977
145745.642
145787.308
145828.973
145870.639
145912.303
145953.969
145995.635
146037.301
146078.966
146120.631
146162.295
146203.961
146245.628
146287.292
146328.957
146370.624
146412.288
146453.952
146495.619
146537.286
146578.952
146620.617
146662.281
146703.947
146745.614
146787.278
146828.937
146870.608
146912.273
146953.935
146995.604
147037.265
147078.930
147120.601
147162.265
147203.931
147245.596
147287.262
147328.928
147370.594
147412.258
147453.927
147495.589
147537.257
147578.921
147620.588
147662.252
147703.918
147745.584
147787.249
147828.914
147870.579
147912.244
147953.911
147995.575
148037.241
148078.908
148120.571
148162.235
148203.902
148245.568
148287.232
148328.898
148370.564
148412.228
148453.897
148495.560
148537.225
148578.891
148620.557
148662.222
148703.887
148745.552
148787.218
148828.884
148870.549
148912.214
148953.879
148995.545
149037.210
149078.877
149120.542
149162.205
149203.871
149245.537
149287.203
149328.868
149370.534
149412.199
149453.867
149495.529
149537.196
149578.862
149620.527
149662.194
149703.858
149745.522
149787.190
149828.855
149870.520
149912.186
149953.851
149995.516
150037.182
150078.847
150120.518
150162.176
150203.844
150245.507
150287.174
150328.838
150370.505
150412.169
150453.836
150495.499
150537.167
150578.833
150620.496
150662.163
150703.829
150745.494
150787.160
150828.825
150870.490
150912.156
150953.821
150995.487
151037.152
151078.817
151120.483
151162.146
151203.813
151245.477
151287.144
151328.808
151370.476
151412.139
151453.808
151495.470
151537.137
151578.802
151620.468
151662.132
151703.799
151745.465
151787.130
151828.795
151870.461
151912.126
151953.791
151995.457
152037.123
152078.787
152120.453
152162.117
152203.785
152245.448
152287.116
152328.778
152370.447
152412.109
152453.778
152495.445
152537.108
152578.772
152620.439
152662.104
152703.769
152745.435
152787.100
152828.766
152870.431
152912.096
152953.762
152995.427
153037.092
153078.758
153120.423
153162.087
153203.754
153245.418
153287.085
153328.748
153370.415
153412.079
153453.747
153495.410
153537.077
153578.744
153620.408
153662.073
153703.739
153745.405
153787.069
153828.736
153870.402
153912.066
153953.732
153995.397
154037.062
154078.728
154120.393
154162.057
154203.723
154245.387
154287.054
154328.719
154370.385
154412.049
154453.717
154495.390
154537.048
154578.714
154620.378
154662.044
154703.709
154745.375
154787.040
154828.705
154870.371
154912.037
154953.700
154995.367
155037.033
155078.698
155120.364
155162.027
155203.695
155245.358
155287.025
155328.689
155370.356
155412.020
155453.688
155495.351
155537.018
155578.684
155620.349
155662.014
155703.680
155745.345
155787.010
155828.676
155870.341
155912.007
155953.672
155995.336
156037.003
156078.668
156120.334
156161.997
156203.664
156245.328
156286.995
156328.659
156370.326
156411.990
156453.659
156495.323
156536.988
156578.654
156620.319
156661.984
156703.649
156745.315
156786.980
156828.646
156870.311
156911.976
156953.641
156995.307
157036.971
157078.638
157120.312
157161.967
157203.634
157245.298
157286.964
157328.629
157370.295
157411.960
157453.629
157495.295
157536.959
157578.624
157620.290
157661.954
157703.620
157745.286
157786.950
157828.615
157870.281
157911.946
157953.613
157995.277
158036.943
158078.608
158120.272
158161.937
158203.605
158245.268
158286.935
158328.599
158370.266
158411.930
158453.600
158495.261
158536.928
158578.595
158620.259
158661.925
158703.589
158745.256
158786.921
158828.586
158870.252
158911.917
158953.582
158995.248
159036.913
159078.578
159120.242
159161.907
159203.573
159245.238
159286.904
159328.569
159370.236
159411.900
159453.568
159495.232
159536.898
159578.564
159620.228
159661.895
159703.558
159745.225
159786.892
159828.554
159870.220
159911.885
159953.550
159995.216
160036.882
160078.549
160120.213
160161.877
160203.544
160245.208
160286.874
160328.539
160370.205
160411.870
160453.543
160495.206
160536.868
160578.535
160620.198
160661.864
160703.528
160745.193
160786.859
160828.526
160870.191
160911.856
160953.521
160995.187
161036.852
161078.519
161120.183
161161.847
161203.514
161245.179
161286.844
161328.510
161370.177
161411.840
161453.509
161495.171
161536.837
161578.502
161620.168
161661.833
161703.498
161745.163
161786.830
161828.495
161870.160
161911.826
161953.491
161995.156
162036.824
162078.488
162120.154
162161.818
162203.484
162245.149
162286.816
162328.481
162370.147
162411.810
162453.479
162495.142
162536.809
162578.473
162620.138
162661.803
162703.469
162745.135
162786.800
162828.466
162870.131
162911.796
162953.462
162995.127
163036.794
163078.459
163120.124
163161.788
163203.453
163245.118
163286.784
163328.450
163370.116
163411.780
163453.449
163495.113
163536.779
163578.444
163620.111
163661.775
163703.440
163745.105
163786.770
163828.436
163870.100
163911.766
163953.432
163995.097
164036.764
164078.429
164120.095
164161.758
164203.426
164245.089
164286.755
164328.420
164370.085
164411.752
164453.424
164495.088
164536.749
164578.416
164620.080
164661.746
164703.409
164745.076
164786.743
164828.407
164870.072
164911.737
164953.403
164995.067
165036.735
165078.399
165120.064
165161.728
165203.396
165245.060
165286.726
165328.391
165370.056
165411.721
165453.392
165495.052
165536.718
165578.383
165620.050
165661.716
165703.380
165745.046
165786.712
165828.377
165870.041
165911.708
165953.373
165995.039
166036.705
166078.369
166120.035
166161.699
166203.365
166245.030
166286.695
166328.360
166370.026
166411.691
166453.359
166495.025
166536.688
166578.354
166620.018
166661.685
166703.351
166745.016
166786.683
166828.346
166870.011
166911.678
166953.342
166995.008
167036.675
167078.341
167120.004
167161.668
167203.335
167245.000
167286.666
167328.331
167369.996
167411.661
167453.331
167494.995
167536.660
167578.325
167619.984
167661.654
167703.314
167744.980
167786.646
167828.316
167869.982
167911.649
167953.314
167994.979
168036.644
168078.310
168119.976
168161.639
168203.306
168244.970
168286.637
168328.301
168369.968
168411.632
168453.300
168494.963
168536.630
168578.296
168619.961
168661.624
168703.291
168744.957
168786.621
168828.287
168869.953
168911.617
168953.284
168994.950
169036.615
169078.281
169119.945
169161.609
169203.277
169244.940
169286.607
169328.270
169369.936
169411.602
169453.270
169494.936
169536.600
169578.266
169619.931
169661.597
169703.261
169744.926
169786.593
169828.258
169869.922
169911.588
169953.254
169994.920
170036.585
170078.251
170119.916
170161.579
170203.245
170244.910
170286.576
170328.241
170369.906
170411.572
170453.241
170494.904
170536.570
170578.235
170619.901
170661.566
170703.232
170744.897
170786.563
170828.226
170869.893
170911.558
170953.223
170994.888
171036.555
171078.220
171119.885
171161.549
171203.216
171244.880
171286.546
171328.212
171369.877
171411.542
171453.216
171494.881
171536.539
171578.204
171619.872
171661.535
171703.202
171744.868
171786.533
171828.197
171869.864
171911.529
171953.195
171994.860
172036.526
172078.191
172119.857
172161.520
172203.187
172244.851
172286.519
172328.181
172369.849
172411.512
172453.183
172494.844
172536.511
172578.177
172619.842
172661.507
172703.172
172744.838
172786.503
172828.169
172869.835
172911.499
172953.166
172994.831
173036.495
173078.156
173119.820
173161.490
173203.158
173244.821
173286.489
173328.152
173369.820
173411.483
173453.150
173494.814
173536.481
173578.147
173619.812
173661.477
173703.142
173744.809
173786.473
173828.139
173869.805
173911.468
173953.136
173994.802
174036.466
174078.131
174119.797
174161.460
174203.126
174244.791
174286.459
174328.122
174369.790
174411.453
174453.121
174494.793
174536.451
174578.117
174619.782
174661.447
174703.111
174744.778
174786.442
174828.107
174869.773
174911.438
174953.104
174994.769
175036.435
175078.101
175119.766
175161.430
175203.097
175244.761
175286.427
175328.092
175369.758
175411.422
175453.092
175494.759
175536.420
175578.086
175619.752
175661.416
175703.080
175744.746
175786.412
175828.079
175869.743
175911.408
175953.073
175994.739
176036.405
176078.070
176119.737
176161.401
176203.067
176244.732
176286.398
176328.063
176369.729
176411.393
176453.062
176494.724
176536.390
176578.055
176619.721
176661.386
176703.052
176744.718
176786.383
176828.048
176869.714
176911.380
176953.045
176994.711
177036.376
177078.041
177119.706
177161.370
177203.036
177244.702
177286.369
177328.032
177369.698
177411.363
177453.032
177494.694
177536.360
177578.027
177619.691
177661.358
177703.022
177744.687
177786.353
177828.019
177869.683
177911.350
177953.015
177994.681
178036.346
178078.012
178119.677
178161.341
178203.006
178244.672
178286.337
178328.003
178369.669
178411.334
178453.002
178494.679
178536.331
178577.996
178619.661
178661.326
178702.992
178744.659
178786.325
178827.989
178869.656
178911.321
178952.985
178994.651
179036.316
179077.981
179119.646
179161.311
179202.976
179244.641
179286.309
179327.973
179369.639
179411.304
179452.974
179494.638
179536.301
179577.966
179619.633
179661.298
179702.962
179744.629
179786.295
179827.959
179869.625
179911.291
179952.956
179994.621
180036.286
180077.952
180119.617
180161.281
180202.948
180244.613
180286.278
180327.943
180369.609
180411.273
180452.943
180494.605
180536.271
180577.937
180619.603
180661.268
180702.932
180744.598
180786.263
180827.929
180869.595
180911.260
180952.927
180994.591
181036.257
181077.922
181119.589
181161.252
181202.920
181244.583
181286.247
181327.913
181369.578
181411.244
181452.914
181494.578
181536.242
181577.908
181619.574
181661.238
181702.904
181744.570
181786.234
181827.899
181869.566
181911.232
181952.897
181994.561
182036.227
182077.893
182119.557
182161.221
182202.888
182244.553
182286.218
182327.884
182369.549
182411.214
182452.883
182494.546
182536.211
182577.877
182619.544
182661.209
182702.874
182744.539
182786.205
182827.869
182869.534
182911.201
182952.867
182994.530
183036.196
183077.863
183119.527
183161.192
183202.859
183244.523
183286.190
183327.854
183369.521
183411.184
183452.852
183494.517
183536.183
183577.848
183619.515
183661.179
183702.844
183744.509
183786.176
183827.841
183869.504
183911.170
183952.837
183994.512
184036.168
184077.833
184119.499
184161.163
184202.830
184244.494
184286.161
184327.824
184369.492
184411.155
184452.823
184494.486
184536.154
184577.819
184619.485
184661.150
184702.814
184744.480
184786.146
184827.811
184869.476
184911.142
184952.807
184994.473
185036.139
185077.804
185119.469
185161.132
185202.800
185244.464
185286.131
185327.795
185369.462
185411.125
185452.796
185494.456
185536.123
185577.789
185619.454
185661.119
185702.785
185744.450
185786.116
185827.781
185869.447
185911.112
185952.777
185994.443
186036.108
186077.774
186119.440
186161.102
186202.770
186244.434
186286.099
186327.765
186369.432
186411.096
186452.765
186494.428
186536.093
186577.759
186619.425
186661.090
186702.755
186744.421
186786.086
186827.751
186869.417
186911.083
186952.748
186994.414
187036.080
187077.744
187119.410
187161.073
187202.741
187244.404
187286.071
187327.735
187369.402
187411.066
187452.733
187494.392
187536.064
187577.729
187619.394
187661.060
187702.726
187744.391
187786.057
187827.722
187869.388
187911.052
187952.718
187994.384
188036.049
188077.714
188119.380
188161.044
188202.711
188244.374
188286.041
188327.705
188369.373
188411.035
188452.703
188494.371
188536.033
188577.700
188619.365
188661.030
188702.696
188744.362
188786.027
188827.692
188869.358
188911.023
188952.688
188994.354
189036.019
189077.684
189119.351
189161.013
189202.679
189244.344
189286.010
189327.675
189369.340
189411.006
189452.676
189494.340
189536.004
189577.668
189619.335
189661.001
189702.666
189744.331
189785.997
189827.662
189869.328
189910.993
189952.658
189994.324
190035.990
190077.653
190119.320
190160.983
190202.648
190244.315
190285.982
190327.646
190369.311
190410.977
190452.645
190494.309
190535.973
190577.639
190619.304
190660.970
190702.635
190744.300
190785.966
190827.630
190869.296
190910.963
190952.627
190994.293
191035.959
191077.623
191119.290
191160.953
191202.619
191244.285
191285.951
191327.616
191369.280
191410.946
191452.616
191494.279
191535.944
191577.609
191619.276
191660.941
191702.605
191744.271
191785.938
191827.602
191869.268
191910.933
191952.598
191994.263
192035.930
192077.594
192119.260
192160.924
192202.589
192244.255
192285.921
192327.585
192369.253
192410.916
192452.588
192494.250
192535.914
192577.579
192619.244
192660.909
192702.574
192744.242
192785.908
192827.573
192869.239
192910.904
192952.569
192994.234
193035.900
193077.565
193119.231
193160.894
193202.562
193244.225
193285.893
193327.556
193369.224
193410.887
193452.555
193494.219
193535.885
193577.550
193619.216
193660.881
193702.542
193744.207
193785.875
193827.541
193869.207
193910.872
193952.538
193994.204
194035.880
194077.534
194119.201
194160.864
194202.531
194244.196
194285.862
194327.527
194369.191
194410.857
194452.526
194494.191
194535.855
194577.521
194619.186
194660.852
194702.515
194744.182
194785.846
194827.512
194869.179
194910.851
194952.510
194994.175
195035.841
195077.505
195119.170
195160.835
195202.502
195244.166
195285.833
195327.497
195369.171
195410.828
195452.495
195494.160
195535.825
195577.491
195619.156
195660.821
195702.488
195744.153
195785.818
195827.482
195869.149
195910.814
195952.480
195994.145
196035.811
196077.476
196119.141
196160.805
196202.471
196244.137
196285.800
196327.466
196369.134
196410.797
196452.466
196494.129
196535.795
196577.461
196619.127
196660.792
196702.457
196744.123
196785.788
196827.453
196869.118
196910.783
196952.449
196994.115
197035.781
197077.446
197119.110
197160.775
197202.442
197244.106
197285.773
197327.437
197369.103
197410.769
197452.436
197494.101
197535.766
197577.430
197619.097
197660.762
197702.426
197744.092
197785.758
197827.424
197869.089
197910.754
197952.420
197994.086
198035.751
198077.418
198119.082
198160.745
198202.412
198244.076
198285.741
198327.407
198369.074
198410.738
198452.406
198494.072
198535.736
198577.400
198619.068
198660.732
198702.397
198744.062
198785.729
198827.394
198869.060
198910.725
198952.390
198994.056
199035.722
199077.381
199119.051
199160.711
199202.376
199244.042
199285.712
199327.377
199369.044
199410.708
199452.378
199494.048
199535.706
199577.372
199619.038
199660.703
199702.369
199744.033
199785.700
199827.365
199869.031
199910.696
199952.360
199994.026
200035.691
200077.356
200119.022
200160.686
200202.353
200244.016
200285.684
200327.348
200369.013
200410.678
200452.349
200494.011
200535.675
200577.342
200619.007
200660.672
200702.337
200744.003
200785.668
200827.333
200869.000
200910.665
200952.331
200993.995
201035.661
201077.326
201118.992
201160.656
201202.321
201243.987
201285.653
201327.318
201368.983
201410.648
201452.317
201493.981
201535.646
201577.311
201618.976
201660.643
201702.306
201743.972
201785.638
201827.303
201868.970
201910.635
201952.301
201993.966
202035.631
202077.298
202118.963
202160.627
202202.291
202243.957
202285.624
202327.288
202368.953
202410.619
202452.288
202493.952
202535.616
202577.282
202618.948
202660.613
202702.277
202743.942
202785.609
202827.273
202868.939
202910.604
202952.271
202993.936
203035.601
203077.267
203118.932
203160.596
203202.262
203243.927
203285.593
203327.258
203368.924
203410.590
203452.257
203493.922
203535.587
203577.252
203618.917
203660.582
203702.248
203743.913
203785.577
203827.246
203868.910
203910.574
203952.240
203993.906
204035.572
204077.238
204118.903
204160.567
204202.234
204243.898
204285.563
204327.229
204368.895
204410.559
204452.228
204493.898
204535.558
204577.223
204618.890
204660.554
204702.218
204743.883
204785.550
204827.213
204868.880
204910.546
204952.211
204993.878
205035.543
205077.209
205118.880
205160.537
205202.204
205243.868
205285.535
205327.198
205368.864
205410.530
205452.198
205493.863
205535.528
205577.195
205618.858
205660.528
205702.190
205743.856
205785.520
205827.186
205868.852
205910.517
205952.183
205993.849
206035.513
206077.179
206118.844
206160.507
206202.173
206243.838
206285.504
206327.169
206368.836
206410.500
206452.170
206493.833
206535.498
206577.164
206618.832
206660.495
206702.160
206743.825
206785.491
206827.156
206868.822
206910.487
206952.153
206993.818
207035.483
207077.149
207118.814
207160.478
207202.143
207243.808
207285.474
207327.140
207368.805
207410.471
207452.140
207493.803
207535.467
207577.135
207618.799
207660.465
207702.130
207743.795
207785.461
207827.126
207868.792
207910.457
207952.123
207993.792
208035.455
208077.126
208118.792
208160.448
208202.117
208243.779
208285.447
208327.110
208368.777
208410.441
208452.108
208493.778
208535.438
208577.102
208618.770
208660.435
208702.101
208743.766
208785.431
208827.097
208868.762
208910.428
208952.093
208993.758
209035.424
209077.089
209118.755
209160.418
209202.084
209243.749
209285.415
209327.080
209368.746
209410.411
209452.082
209493.744
209535.409
209577.075
209618.738
209660.405
209702.077
209743.737
209785.402
209827.067
209868.732
209910.398
209952.063
209993.729
210035.394
210077.059
210118.723
210160.388
210202.055
210243.720
210285.386
210327.050
210368.715
210410.381
210452.051
210493.715
210535.379
210577.045
210618.710
