0.000
41.666
83.330
124.994
166.660
208.325
249.991
291.665
333.324
374.991
416.666
458.321
499.983
541.650
583.314
624.980
666.645
708.311
749.976
791.640
833.306
874.972
916.637
958.304
999.968
1041.633
1083.300
1124.963
1166.631
1208.295
1249.959
1291.625
1333.291
1374.960
1416.624
1458.290
1499.955
1541.620
1583.285
1624.950
1666.616
1708.282
1749.947
1791.612
1833.278
1874.943
1916.608
1958.274
1999.940
2041.604
2083.270
2124.934
2166.601
2208.265
2249.931
2291.595
2333.263
2374.928
2416.593
2458.259
2499.924
2541.590
2583.255
2624.922
2666.586
2708.252
2749.916
2791.582
2833.247
2874.913
2916.577
2958.243
2999.909
3041.574
3083.240
3124.903
3166.570
3208.235
3249.901
3291.565
3333.232
3374.898
3416.567
3458.228
3499.894
3541.559
3583.225
3624.889
3666.554
3708.222
3749.887
3791.552
3833.219
3874.881
3916.547
3958.214
3999.879
4041.544
4083.209
4124.874
4166.539
4208.206
4249.871
4291.535
4333.202
4374.875
4416.533
4458.199
4499.865
4541.531
4583.195
4624.861
4666.526
4708.191
4749.856
4791.521
4833.187
4874.852
4916.517
4958.183
4999.848
5041.513
5083.179
5124.843
5166.510
5208.175
5249.834
5291.500
5333.172
5374.839
5416.503
5458.169
5499.835
5541.500
5583.165
5624.831
5666.495
5708.161
5749.826
5791.491
5833.157
5874.823
5916.489
5958.153
5999.819
6041.484
6083.150
6124.813
6166.481
6208.144
6249.811
6291.475
6333.142
6374.808
6416.473
6458.138
6499.804
6541.469
6583.135
6624.800
6666.466
6708.131
6749.796
6791.462
6833.127
6874.793
6916.458
6958.124
6999.788
7041.454
7083.119
7124.783
7166.450
7208.114
7249.781
7291.445
7333.110
7374.777
7416.443
7458.109
7499.773
7541.440
7583.104
7624.768
7666.435
7708.101
7749.766
7791.430
7833.095
7874.761
7916.427
7958.093
7999.757
8041.423
8083.088
8124.753
8166.418
8208.085
8249.750
8291.414
8333.080
8374.746
8416.416
8458.077
8499.743
8541.410
8583.074
8624.740
8666.405
8708.070
8749.735
8791.401
8833.065
8874.731
8916.396
8958.061
8999.727
9041.393
9083.058
9124.722
9166.388
9208.054
9249.720
9291.384
9333.050
9374.722
9416.382
9458.046
9499.710
9541.382
9583.043
9624.707
9666.374
9708.040
9749.704
9791.370
9833.035
9874.700
9916.366
9958.031
9999.697
10041.362
10083.028
10124.692
10166.359
10208.022
10249.690
10291.354
10333.019
10374.687
10416.351
10458.015
10499.682
10541.348
10583.013
10624.678
10666.343
10708.009
10749.675
10791.339
10833.005
10874.671
10916.335
10958.001
10999.667
11041.332
11082.998
11124.663
11166.329
11207.992
11249.659
11291.324
11332.990
11374.656
11416.323
11457.986
11499.651
11541.316
11582.983
11624.648
11666.313
11707.977
11749.644
11791.309
11832.975
11874.640
11916.307
11957.973
11999.637
12041.302
12082.966
12124.631
12166.298
12207.963
12249.628
12291.293
12332.959
12374.627
12416.291
12457.957
12499.621
12541.288
12582.953
12624.618
12666.283
12707.947
12749.613
12791.279
12832.943
12874.609
12916.274
12957.940
12999.605
13041.271
13082.936
13124.601
13166.266
13207.932
13249.597
13291.263
13332.929
13374.595
13416.262
13457.926
13499.590
13541.258
13582.923
13624.588
13666.253
13707.919
13749.584
13791.249
13832.915
13874.579
13916.244
13957.910
13999.576
14041.242
14082.906
14124.571
14166.237
14207.902
14249.569
14291.233
14332.899
14374.565
14416.233
14457.897
14499.562
14541.227
14582.892
14624.556
14666.223
14707.888
14749.554
14791.218
14832.884
14874.550
14916.215
14957.881
14999.546
15041.210
15082.875
15124.540
15166.207
15207.871
15249.539
15291.203
15332.868
15374.536
15416.200
15457.865
15499.531
15541.197
15582.862
15624.528
15666.193
15707.858
15749.524
15791.191
15832.855
15874.519
15916.185
15957.851
15999.516
16041.181
16082.845
16124.510
16166.177
16207.841
16249.507
16291.172
16332.838
16374.505
16416.171
16457.836
16499.500
16541.167
16582.831
16624.496
16666.162
16707.826
16749.492
16791.156
16832.823
16874.488
16916.152
16957.820
16999.486
17041.150
17082.815
17124.481
17166.148
17207.811
17249.478
17291.141
17332.809
17374.479
17416.140
17457.805
17499.470
17541.137
17582.800
17624.465
17666.131
17707.796
17749.462
17791.127
17832.792
17874.458
17916.125
17957.789
17999.455
18041.121
18082.786
18124.451
18166.116
18207.781
18249.447
18291.112
18332.779
18374.450
18416.111
18457.776
18499.440
18541.106
18582.772
18624.437
18666.103
18707.768
18749.433
18791.099
18832.764
18874.429
18916.094
18957.760
18999.425
19041.091
19082.757
19124.420
19166.085
19207.751
19249.417
19291.081
19332.748
19374.413
19416.079
19457.745
19499.410
19541.076
19582.741
19624.407
19666.072
19707.737
19749.402
19791.068
19832.734
19874.399
19916.064
19957.730
19999.395
20041.061
20082.726
20124.391
20166.057
20207.720
20249.387
20291.051
20332.718
20374.383
20416.055
20457.714
20499.380
20541.045
20582.710
20624.374
20666.034
20707.700
20749.365
20791.031
20832.701
20874.376
20916.035
20957.700
20999.365
21041.030
21082.696
21124.359
21166.026
21207.690
21249.357
21291.021
21332.688
21374.353
21416.019
21457.684
21499.349
21541.015
21582.680
21624.346
21666.011
21707.676
21749.342
21791.007
21832.673
21874.338
21916.004
21957.669
21999.334
22041.000
22082.665
22124.329
22165.996
22207.659
22249.327
22290.990
22332.657
22374.323
22415.988
22457.654
22499.319
22540.985
22582.650
22624.316
22665.981
22707.646
22749.311
22790.977
22832.643
22874.308
22915.974
22957.640
22999.303
23040.968
23082.635
23124.299
23165.966
23207.629
23249.296
23290.960
23332.627
23374.294
23415.958
23457.624
23499.288
23540.954
23582.619
23624.285
23665.950
23707.615
23749.281
23790.946
23832.612
23874.278
23915.943
23957.608
23999.273
24040.937
24082.603
24124.268
24165.934
24207.599
24249.265
24290.930
24332.596
24374.261
24415.928
24457.593
24499.258
24540.924
24582.589
24624.254
24665.921
24707.586
24749.251
24790.916
24832.582
24874.247
24915.912
24957.578
24999.243
25040.908
25082.572
25124.238
25165.903
25207.569
25249.234
25290.900
25332.565
25374.232
25415.900
25457.563
25499.228
25540.894
25582.559
25624.224
25665.889
25707.556
25749.221
25790.886
25832.553
25874.216
25915.882
25957.546
25999.213
26040.877
26082.543
26124.208
26165.874
26207.538
26249.205
26290.869
26332.534
26374.203
26415.867
26457.532
26499.198
26540.863
26582.529
26624.194
26665.860
26707.524
26749.190
26790.856
26832.521
26874.187
26915.852
26957.518
26999.183
27040.848
27082.514
27124.177
27165.845
27207.508
27249.175
27290.834
27332.506
27374.172
27415.836
27457.502
27499.168
27540.833
27582.499
27624.164
27665.829
27707.494
27749.160
27790.826
27832.491
27874.156
27915.821
27957.487
27999.152
28040.817
28082.483
28124.147
28165.814
28207.477
28249.145
28290.808
28332.473
28374.141
28415.810
28457.472
28499.136
28540.803
28582.467
28624.132
28665.798
28707.464
28749.128
28790.793
28832.459
28874.124
28915.790
28957.457
28999.121
29040.787
29082.453
29124.117
29165.782
29207.447
29249.112
29290.778
29332.445
29374.110
29415.775
29457.440
29499.105
29540.770
29582.436
29624.101
29665.767
29707.432
29749.099
29790.763
29832.428
29874.094
29915.759
29957.425
29999.090
30040.754
30082.420
30124.086
30165.751
30207.416
30249.082
30290.747
30332.412
30374.080
30415.750
30457.411
30499.077
30540.742
30582.407
30624.073
30665.738
30707.404
30749.069
30790.734
30832.399
30874.065
30915.731
30957.396
30999.061
31040.725
31082.392
31124.056
31165.724
31207.387
31249.054
31290.718
31332.385
31374.050
31415.718
31457.381
31499.044
31540.710
31582.377
31624.042
31665.708
31707.374
31749.038
31790.704
31832.369
31874.035
31915.700
31957.365
31999.031
32040.695
32082.362
32124.026
32165.692
32207.356
32249.024
32290.687
32332.354
32374.019
32415.689
32457.351
32499.016
32540.680
32582.345
32624.011
32665.676
32707.342
32749.007
32790.673
32832.337
32874.003
32915.669
32957.334
32998.999
33040.664
33082.329
33123.996
33165.661
33207.326
33248.991
33290.657
33332.322
33373.994
33415.657
33457.320
33498.985
33540.650
33582.314
33623.979
33665.645
33707.313
33748.976
33790.642
33832.307
33873.972
33915.638
33957.304
33998.969
34040.634
34082.299
34123.964
34165.630
34207.295
34248.962
34290.626
34332.292
34373.960
34415.628
34457.289
34498.955
34540.618
34582.285
34623.949
34665.616
34707.281
34748.947
34790.612
34832.278
34873.943
34915.608
34957.274
34998.940
35040.603
35082.269
35123.934
35165.600
35207.265
35248.931
35290.595
35332.260
35373.928
35415.598
35457.260
35498.926
35540.588
35582.256
35623.921
35665.586
35707.252
35748.917
35790.582
35832.248
35873.913
35915.579
35957.244
35998.910
36040.573
36082.240
36123.904
36165.571
36207.235
36248.902
36290.566
36332.233
36373.898
36415.564
36457.228
36498.894
36540.560
36582.225
36623.889
36665.556
36707.221
36748.885
36790.550
36832.216
36873.881
36915.547
36957.214
36998.879
37040.543
37082.208
37123.873
37165.539
37207.205
37248.871
37290.535
37332.200
37373.868
37415.537
37457.198
37498.864
37540.527
37582.195
37623.860
37665.526
37707.192
37748.856
37790.522
37832.187
37873.853
37915.519
37957.183
37998.849
38040.513
38082.180
38123.843
38165.511
38207.174
38248.841
38290.505
38332.171
38373.837
38415.507
38457.167
38498.832
38540.496
38582.162
38623.828
38665.495
38707.160
38748.824
38790.489
38832.154
38873.822
38915.488
38957.153
38998.818
39040.482
39082.149
39123.813
39165.480
39207.144
39248.810
39290.475
39332.141
39373.807
39415.480
39457.136
39498.803
39540.467
39582.134
39623.799
39665.465
39707.130
39748.795
39790.462
39832.126
39873.790
39915.457
39957.125
39998.787
40040.452
40082.116
40123.782
40165.448
40207.113
40248.779
40290.444
40332.110
40373.777
40415.457
40457.107
40498.773
40540.438
40582.104
40623.768
40665.434
40707.099
40748.766
40790.429
40832.095
40873.760
40915.426
40957.092
40998.757
41040.422
41082.087
41123.752
41165.418
41207.083
41248.750
41290.415
41332.080
41373.746
41415.410
41457.076
41498.743
41540.408
41582.074
41623.738
41665.404
41707.070
41748.734
41790.399
41832.065
41873.731
41915.396
41957.062
41998.727
42040.392
42082.058
42123.721
42165.389
42207.053
42248.719
42290.384
42332.049
42373.716
42415.388
42457.047
42498.712
42540.377
42582.043
42623.707
42665.374
42707.038
42748.704
42790.368
42832.034
42873.700
42915.366
42957.031
42998.697
43040.362
43082.027
43123.691
43165.359
43207.022
43248.690
43290.353
43332.020
43373.685
43415.351
43457.016
43498.682
43540.348
43582.012
43623.678
43665.344
43707.009
43748.675
43790.340
43832.005
43873.670
43915.336
43957.001
43998.666
44040.331
44081.997
44123.660
44165.328
44206.992
44248.660
44290.322
44331.990
44373.655
44415.319
44456.986
44498.653
44540.317
44581.982
44623.648
44665.313
44706.979
44748.644
44790.309
44831.976
44873.640
44915.306
44956.971
44998.636
45040.302
45081.965
45123.631
45165.298
45206.961
45248.629
45290.292
45331.960
45373.625
45415.291
45456.955
45498.620
45540.287
45581.951
45623.617
45665.283
45706.948
45748.613
45790.279
45831.945
45873.609
45915.275
45956.941
45998.606
46040.271
46081.937
46123.600
46165.268
46206.931
46248.599
46290.262
46331.929
46373.594
46415.260
46456.926
46498.590
46540.256
46581.922
46623.587
46665.252
46706.918
46748.583
46790.248
46831.914
46873.580
46915.245
46956.910
46998.576
47040.240
47081.906
47123.570
47165.235
47206.901
47248.568
47290.231
47331.899
47373.564
47415.228
47456.894
47498.559
47540.226
47581.892
47623.557
47665.223
47706.888
47748.553
47790.219
47831.884
47873.549
47915.215
47956.881
47998.546
48040.211
48081.876
48123.540
48165.208
48206.870
48248.538
48290.201
48331.869
48373.534
48415.199
48456.865
48498.530
48540.196
48581.859
48623.524
48665.191
48706.855
48748.521
48790.186
48831.851
48873.517
48915.182
48956.848
48998.514
49040.179
49081.844
49123.508
49165.175
49206.839
49248.506
49290.170
49331.835
49373.502
49415.169
49456.834
49498.500
49540.164
49581.830
49623.494
49665.161
49706.826
49748.491
49790.156
49831.823
49873.487
49915.152
49956.818
49998.484
50040.149
50081.813
50123.479
50165.144
50206.810
50248.475
50290.140
50331.805
50373.474
50415.144
50456.803
50498.468
50540.134
50581.800
50623.464
50665.129
50706.796
50748.460
50790.126
50831.792
50873.457
50915.123
50956.789
50998.454
51040.120
51081.783
51123.448
51165.114
51206.779
51248.446
51290.110
51331.777
51373.442
51415.107
51456.773
51498.436
51540.104
51581.762
51623.432
51665.098
51706.763
51748.424
51790.089
51831.762
51873.420
51915.090
51956.751
51998.418
52040.081
52081.752
52123.418
52165.084
52206.749
52248.414
52290.079
52331.746
52373.412
52415.082
52456.743
52498.408
52540.072
52581.737
52623.404
52665.069
52706.734
52748.399
52790.064
52831.732
52873.395
52915.060
52956.727
52998.391
53040.056
53081.722
53123.387
53165.053
53206.717
53248.384
53290.048
53331.714
53373.382
53415.046
53456.711
53498.379
53540.043
53581.707
53623.372
53665.038
53706.704
53748.369
53790.034
53831.701
53873.365
53915.028
53956.698
53998.363
54040.027
54081.693
54123.357
54165.023
54206.688
54248.354
54290.019
54331.685
54373.352
54415.021
54456.682
54498.348
54540.013
54581.678
54623.342
54665.002
54706.674
54748.339
54790.004
54831.670
54873.335
54915.001
54956.667
54998.332
55039.997
55081.663
55123.327
55164.994
55206.658
55248.323
55289.989
55331.654
55373.321
55414.987
55456.651
55498.317
55539.983
55581.647
55623.314
55664.979
55706.644
55748.310
55789.975
55831.641
55873.306
55914.972
55956.636
55998.302
56039.967
56081.633
56123.296
56164.964
56206.627
56248.294
56289.958
56331.625
56373.291
56414.958
56456.621
56498.287
56539.952
56581.617
56623.283
56664.949
56706.614
56748.279
56789.945
56831.611
56873.276
56914.941
56956.606
56998.272
57039.937
57081.602
57123.266
57164.933
57206.596
57248.263
57289.927
57331.595
57373.262
57414.926
57456.591
57498.256
57539.922
57581.588
57623.253
57664.918
57706.584
57748.249
57789.915
57831.580
57873.245
57914.911
57956.576
57998.241
58039.906
58081.572
58123.236
58164.903
58206.566
58248.234
58289.897
58331.564
58373.230
58414.898
58456.561
58498.226
58539.892
58581.557
58623.222
58664.888
58706.554
58748.219
58789.884
58831.549
58873.212
58914.877
58956.545
58998.210
59039.875
59081.540
59123.205
59164.872
59206.537
59248.201
59289.867
59331.533
59373.200
59414.864
59456.530
59498.197
59539.861
59581.526
59623.191
59664.859
59706.523
59748.188
59789.853
59831.518
59873.184
59914.850
59956.515
59998.180
60039.846
60081.511
60123.174
60164.840
60206.506
60248.172
60289.836
60331.501
60373.170
60414.835
60456.498
60498.165
60539.831
60581.496
60623.162
60664.826
60706.491
60748.156
60789.821
60831.487
60873.152
60914.818
60956.483
60998.150
61039.814
61081.479
61123.144
61164.809
61206.475
61248.141
61289.806
61331.471
61373.139
61414.805
61456.469
61498.133
61539.799
61581.465
61623.130
61664.795
61706.463
61748.128
61789.791
61831.456
61873.122
61914.788
61956.454
61998.120
62039.783
62081.450
62123.113
62164.779
62206.445
62248.110
62289.775
62331.441
62373.108
62414.777
62456.438
62498.104
62539.768
62581.435
62623.099
62664.764
62706.431
62748.096
62789.763
62831.427
62873.092
62914.756
62956.423
62998.089
63039.753
63081.420
63123.084
63164.750
63206.415
63248.079
63289.745
63331.413
63373.078
63414.744
63456.408
63498.073
63539.739
63581.403
63623.070
63664.735
63706.402
63748.065
63789.732
63831.397
63873.064
63914.727
63956.393
63998.059
64039.724
64081.389
64123.053
64164.719
64206.384
64248.049
64289.714
64331.382
64373.048
64414.717
64456.378
64498.044
64539.709
64581.374
64623.038
64664.705
64706.371
64748.036
64789.702
64831.367
64873.032
64914.698
64956.363
64998.028
65039.694
65081.359
65123.023
65164.690
65206.354
65248.021
65289.684
65331.352
65373.017
65414.686
65456.347
65498.012
65539.679
65581.343
65623.009
65664.672
65706.340
65748.004
65789.669
65831.335
65873.000
65914.667
65956.332
65997.998
66039.662
66081.327
66122.992
66164.658
66206.324
66247.990
66289.654
66331.321
66372.987
66414.655
66456.316
66497.983
66539.649
66581.313
66622.978
66664.644
66706.309
66747.974
66789.641
66831.305
66872.972
66914.636
66956.301
66997.966
67039.633
67081.299
67122.962
67164.628
67206.294
67247.958
67289.623
67331.289
67372.957
67414.621
67456.286
67497.952
67539.617
67581.283
67622.949
67664.613
67706.278
67747.944
67789.609
67831.275
67872.942
67914.606
67956.273
67997.938
68039.601
68081.267
68122.932
68164.596
68206.262
68247.930
68289.593
68331.260
68372.926
68414.594
68456.256
68497.922
68539.588
68581.253
68622.918
68664.584
68706.248
68747.915
68789.580
68831.244
68872.910
68914.576
68956.242
68997.906
69039.571
69081.236
69122.902
69164.567
69206.233
69247.898
69289.563
69331.230
69372.897
69414.560
69456.226
69497.892
69539.556
69581.221
69622.887
69664.553
69706.217
69747.883
69789.548
69831.215
69872.879
69914.546
69956.223
69997.876
70039.541
70081.205
70122.871
70164.537
70206.202
70247.868
70289.534
70331.198
70372.866
70414.535
70456.195
70497.861
70539.527
70581.192
70622.858
70664.523
70706.189
70747.855
70789.520
70831.185
70872.851
70914.515
70956.182
70997.847
71039.512
71081.176
71122.841
71164.507
71206.172
71247.837
71289.503
71331.169
71372.835
71414.508
71456.166
71497.830
71539.497
71581.161
71622.827
71664.493
71706.158
71747.824
71789.490
71831.154
71872.819
71914.485
71956.151
71997.816
72039.481
72081.147
72122.810
72164.476
72206.142
72247.807
72289.473
72331.138
72372.805
72414.477
72456.136
72497.801
72539.466
72581.126
72622.790
72664.456
72706.121
72747.787
72789.454
72831.123
72872.790
72914.456
72956.120
72997.785
73039.451
73081.115
73122.780
73164.446
73206.111
73247.777
73289.442
73331.107
73372.775
73414.440
73456.105
73497.771
73539.437
73581.101
73622.767
73664.433
73706.098
73747.763
73789.428
73831.094
73872.759
73914.425
73956.090
73997.755
74039.420
74081.087
74122.749
74164.417
74206.080
74247.747
74289.411
74331.077
74372.745
74414.413
74456.076
74497.741
74539.408
74581.073
74622.737
74664.401
74706.067
74747.732
74789.398
74831.063
74872.729
74914.393
74956.059
74997.725
75039.390
75081.055
75122.719
75164.384
75206.051
75247.716
75289.381
75331.047
75372.714
75414.379
75456.043
75497.710
75539.377
75581.040
75622.705
75664.369
75706.035
75747.700
75789.367
75831.032
75872.698
75914.362
75956.029
75997.694
76039.358
76081.025
76122.688
76164.355
76206.020
76247.686
76289.352
76331.017
76372.684
76414.349
76456.013
76497.678
76539.343
76581.010
76622.675
76664.339
76706.006
76747.670
76789.337
76831.001
76872.667
76914.332
76955.998
76997.663
77039.328
77080.994
77122.659
77164.324
77205.990
77247.654
77289.321
77330.987
77372.653
77414.321
77455.984
77497.649
77539.315
77580.981
77622.644
77664.311
77705.977
77747.640
77789.304
77830.970
77872.636
77914.301
77955.963
77997.627
78039.294
78080.965
78122.628
78164.295
78205.959
78247.625
78289.290
78330.956
78372.623
78414.294
78455.954
78497.618
78539.284
78580.950
78622.615
78664.281
78705.947
78747.611
78789.275
78830.942
78872.607
78914.272
78955.938
78997.604
79039.268
79080.932
79122.597
79164.263
79205.929
79247.594
79289.259
79330.927
79372.594
79414.257
79455.923
79497.588
79539.253
79580.918
79622.583
79664.249
79705.916
79747.580
79789.247
79830.911
79872.576
79914.242
79955.918
79997.573
80039.237
80080.903
80122.568
80164.234
80205.899
80247.564
80289.230
80330.896
80372.564
80414.236
80455.894
80497.559
80539.225
80580.890
80622.553
80664.219
80705.884
80747.550
80789.216
80830.880
80872.546
80914.211
80955.878
80997.543
81039.206
81080.874
81122.538
81164.203
81205.867
81247.533
81289.198
81330.867
81372.531
81414.198
81455.862
81497.528
81539.193
81580.858
81622.523
81664.189
81705.855
81747.519
81789.183
81830.850
81872.515
81914.181
81955.846
81997.512
82039.177
82080.841
82122.507
82164.173
82205.838
82247.503
82289.168
82330.834
82372.501
82414.170
82455.832
82497.498
82539.163
82580.828
82622.493
82664.159
82705.825
82747.490
82789.156
82830.821
82872.485
82914.150
82955.817
82997.482
83039.147
83080.811
83122.477
83164.142
83205.808
83247.473
83289.138
83330.805
83372.471
83414.140
83455.801
83497.467
83539.132
83580.798
83622.463
83664.128
83705.794
83747.460
83789.124
83830.790
83872.455
83914.120
83955.786
83997.451
84039.117
84080.781
84122.447
84164.111
84205.776
84247.443
84289.108
84330.773
84372.441
84414.111
84455.771
84497.437
84539.103
84580.769
84622.432
84664.098
84705.764
84747.430
84789.094
84830.759
84872.424
84914.090
84955.755
84997.420
85039.086
85080.750
85122.416
85164.082
85205.747
85247.414
85289.077
85330.742
85372.414
85414.074
85455.741
85497.406
85539.072
85580.738
85622.403
85664.068
85705.733
85747.399
85789.064
85830.728
85872.395
85914.061
85955.726
85997.390
86039.055
86080.722
86122.385
86164.051
86205.716
86247.382
86289.048
86330.715
86372.381
86414.048
86455.711
86497.376
86539.042
86580.706
86622.372
86664.037
86705.704
86747.368
86789.033
86830.698
86872.364
86914.029
86955.696
86997.361
87039.025
87080.690
87122.355
87164.021
87205.686
87247.353
87289.017
87330.682
87372.349
87414.018
87455.680
87497.346
87539.012
87580.676
87622.341
87664.006
87705.671
87747.337
87789.002
87830.667
87872.334
87913.998
87955.665
87997.330
88038.995
88080.659
88122.325
88163.992
88205.656
88247.321
88288.987
88330.652
88372.321
88413.985
88455.649
88497.315
88538.979
88580.645
88622.310
88663.975
88705.643
88747.307
88788.973
88830.639
88872.304
88913.969
88955.635
88997.299
89038.964
89080.631
89122.295
89163.960
89205.625
89247.292
89288.956
89330.622
89372.287
89413.954
89455.617
89497.284
89538.948
89580.615
89622.279
89663.945
89705.611
89747.276
89788.941
89830.606
89872.273
89913.937
89955.604
89997.269
90038.934
90080.599
90122.264
90163.929
90205.595
90247.260
90288.926
90330.592
90372.260
90413.924
90455.589
90497.255
90538.921
90580.584
90622.250
90663.916
90705.581
90747.247
90788.912
90830.577
90872.244
90913.908
90955.574
90997.238
91038.904
91080.569
91122.234
91163.900
91205.565
91247.230
91288.895
91330.562
91372.229
91413.894
91455.559
91497.225
91538.891
91580.555
91622.219
91663.884
91705.549
91747.215
91788.881
91830.546
91872.211
91913.876
91955.543
91997.208
92038.873
92080.538
92122.203
92163.868
92205.534
92247.200
92288.865
92330.531
92372.197
92413.866
92455.529
92497.193
92538.859
92580.525
92622.189
92663.853
92705.519
92747.186
92788.851
92830.516
92872.182
92913.846
92955.514
92997.177
93038.843
93080.508
93122.173
93163.838
93205.504
93247.170
93288.835
93330.502
93372.167
93413.837
93455.497
93497.162
93538.830
93580.495
93622.158
93663.824
93705.488
93747.156
93788.821
93830.487
93872.152
93913.817
93955.483
93997.148
94038.813
94080.477
94122.142
94163.810
94205.474
94247.139
94288.805
94330.470
94372.137
94413.806
94455.467
94497.133
94538.798
94580.463
94622.128
94663.794
94705.458
94747.123
94788.789
94830.456
94872.120
94913.787
94955.451
94997.117
95038.783
95080.447
95122.113
95163.778
95205.443
95247.109
95288.774
95330.440
95372.108
95413.772
95455.436
95497.101
95538.767
95580.432
95622.097
95663.764
95705.430
95747.095
95788.759
95830.423
95872.090
95913.757
95955.421
95997.086
96038.751
96080.417
96122.082
96163.747
96205.413
96247.078
96288.744
96330.410
96372.079
96413.744
96455.407
96497.071
96538.738
96580.404
96622.069
96663.734
96705.400
96747.064
96788.729
96830.394
96872.062
96913.728
96955.394
96997.058
97038.723
97080.387
97122.052
97163.718
97205.383
97247.050
97288.713
97330.381
97372.044
97413.715
97455.377
97497.043
97538.708
97580.374
97622.039
97663.705
97705.370
97747.034
97788.701
97830.366
97872.031
97913.697
97955.362
97997.027
98038.693
98080.356
98122.022
98163.687
98205.353
98247.019
98288.683
98330.348
98372.016
98413.681
98455.347
98497.011
98538.677
98580.341
98622.006
98663.673
98705.333
98746.998
98788.663
98830.334
98872.000
98913.660
98955.331
98996.996
99038.661
99080.325
99121.990
100580.280
100621.949
100663.613
100705.277
100746.943
100788.609
100830.275
100871.939
100913.605
100955.269
100996.935
101038.600
101080.264
101121.931
101163.596
101205.262
101246.928
101288.592
101330.259
101371.926
101413.588
101455.254
101496.921
101538.587
101580.252
101621.916
101663.583
101705.248
101746.913
101788.579
101830.245
101871.911
101913.575
101955.241
101996.906
102038.572
102080.238
102121.901
102163.568
102205.232
102246.899
102288.562
102330.230
102371.895
102413.560
102455.226
102496.891
102538.556
102580.221
102621.885
102663.553
102705.218
102746.884
102788.547
102830.214
102871.880
102913.544
102955.210
102996.875
103038.541
103080.205
103121.870
103163.536
103205.201
103246.867
103288.532
103330.197
103371.862
103413.533
103455.195
103496.859
103538.526
103580.190
103621.855
103663.522
103705.188
103746.853
103788.517
103830.182
103871.848
103913.513
103955.180
103996.844
104038.503
104080.175
104121.834
104163.505
104205.170
104246.836
104288.502
104330.166
104371.834
104413.498
104455.163
104496.829
104538.495
104580.160
104621.824
104663.491
104705.156
104746.822
104788.487
104830.152
104871.817
104913.482
104955.150
104996.815
105038.481
105080.145
105121.809
105163.476
105205.140
105246.806
105288.471
105330.136
105371.803
105413.473
105455.135
105496.798
105538.467
105580.129
105621.793
105663.460
105705.125
105746.792
105788.458
105830.123
105871.787
105913.453
105955.118
105996.783
106038.448
106080.114
106121.778
106163.445
106205.110
106246.776
106288.440
106330.107
106371.772
106413.441
106455.104
106496.769
106538.433
106580.099
106621.763
106663.430
106705.097
106746.761
106788.425
106830.091
106871.757
106913.422
106955.087
106996.752
107038.419
107080.083
107121.749
107163.415
107205.079
107246.745
107288.410
107330.078
107371.744
107413.413
107455.074
107496.738
107538.406
107580.071
107621.735
107663.400
107705.067
107746.732
107788.397
107830.063
107871.727
107913.392
107955.058
107996.722
108038.388
108080.055
108121.719
108163.384
108205.049
108246.715
108288.380
108330.047
108371.715
108413.378
108455.043
108496.708
108538.375
108580.040
108621.704
108663.370
108705.036
108746.701
108788.367
108830.033
108871.697
108913.362
108955.028
108996.694
109038.359
109080.023
109121.688
109163.353
109205.019
109246.684
109288.349
109330.016
109371.681
109413.347
109455.014
109496.679
109538.344
109580.010
109621.675
109663.341
109705.005
109746.672
109788.336
109830.002
109871.667
109913.332
109954.998
109996.663
110038.328
110079.992
110121.657
110163.323
110204.989
110246.654
110288.319
110329.987
110371.653
110413.317
110454.983
110496.648
110538.314
110579.979
110621.645
110663.310
110704.976
110746.641
110788.307
110829.973
110871.637
110913.302
110954.968
110996.633
111038.299
111079.962
111121.628
111163.293
111204.958
111246.624
111288.289
111329.955
111371.623
111413.287
111454.953
111496.618
111538.284
111579.949
111621.615
111663.280
111704.945
111746.611
111788.276
111829.942
111871.607
111913.273
111954.938
111996.602
112038.269
112079.932
112121.597
112163.263
112204.928
112246.595
112288.259
112329.926
112371.593
112413.257
112454.922
112496.587
112538.253
112579.919
112621.584
112663.250
112704.914
112746.580
112788.245
112829.912
112871.576
112913.242
112954.907
112996.573
113038.238
113079.902
113121.567
113163.233
113204.897
113246.565
113288.228
113329.895
113371.560
113413.227
113454.892
113496.558
113538.223
113579.888
113621.554
113663.219
113704.884
113746.550
113788.216
113829.881
113871.546
113913.212
113954.876
113996.542
114038.208
114079.871
114121.537
114163.203
114204.867
114246.533
114288.198
114329.864
114371.530
114413.203
114454.861
114496.527
114538.194
114579.857
114621.522
114663.188
114704.854
114746.519
114788.184
114829.850
114871.515
114913.181
114954.845
114996.510
115038.176
115079.841
115121.506
115163.171
115204.837
115246.502
115288.168
115329.835
115371.502
115413.171
115454.831
115496.497
115538.162
115579.828
115621.494
115663.158
115704.823
115746.489
115788.155
115829.820
115871.485
115913.151
115954.816
115996.482
116038.147
116079.810
116121.475
116163.142
116204.807
116246.472
116288.138
116329.803
116371.469
116413.138
116454.801
116496.466
116538.133
116579.797
116621.462
116663.128
116704.791
116746.462
116788.125
116829.791
116871.455
116913.121
116954.786
116996.452
117038.117
117079.781
117121.445
117163.111
117204.776
117246.442
117288.107
117329.772
117371.440
117413.109
117454.769
117496.435
117538.102
117579.765
117621.432
117663.097
117704.763
117746.429
117788.093
117829.760
117871.425
117913.089
117954.755
117996.420
118038.085
118079.749
118121.415
118163.080
118204.746
118246.412
118288.077
118329.742
118371.413
118413.076
118454.740
118496.407
118538.072
118579.737
118621.400
118663.068
118704.733
118746.400
118788.064
118829.730
118871.395
118913.060
118954.726
118996.391
119038.057
119079.720
119121.385
119163.052
119204.716
119246.381
119288.047
119329.713
119371.382
119413.048
119454.710
119496.375
119538.041
119579.704
119621.370
119663.035
119704.702
119746.369
119788.031
119829.697
119871.363
119913.028
119954.693
119996.359
120038.024
120079.689
120121.355
120163.019
120204.685
120246.351
120288.017
120329.681
120371.349
120413.019
120454.679
120496.345
120538.011
120579.674
120621.340
120663.005
120704.670
120746.336
120788.002
120829.666
120871.333
120912.999
120954.663
120996.329
121037.994
121079.659
121121.324
121162.989
121204.655
121246.321
121287.986
121329.652
121371.319
121412.984
121454.649
121496.313
121537.980
121579.645
121621.310
121662.975
121704.640
121746.307
121787.971
121829.636
121871.301
121912.967
121954.634
121996.299
122037.966
122079.629
122121.293
122162.960
122204.624
122246.291
122287.955
122329.620
122371.287
122412.953
122454.617
122496.283
122537.951
122579.613
122621.280
122662.946
122704.610
122746.276
122787.941
122829.608
122871.273
122912.937
122954.604
122996.270
123037.935
123079.598
123121.264
123162.930
123204.594
123246.260
123287.925
123329.591
123371.256
123412.926
123454.589
123496.254
123537.920
123579.585
123621.250
123662.916
123704.582
123746.247
123787.912
123829.578
123871.243
123912.908
123954.572
123996.239
124037.905
124079.569
124121.234
124162.901
124204.564
124246.231
124287.895
124329.561
124371.226
124412.893
124454.559
124496.225
124537.889
124579.555
124621.220
124662.886
124704.551
124746.217
124787.882
124829.548
124871.213
124912.878
124954.543
124996.209
125037.874
125079.538
125121.203
125162.868
125204.533
125246.201
125287.865
125329.530
125371.204
125412.863
125454.528
125496.193
125537.859
125579.524
125621.189
125662.855
125704.520
125746.187
125787.851
125829.516
125871.182
125912.847
125954.512
125996.177
126037.843
126079.507
126121.172
126162.838
126204.503
126246.172
126287.835
126329.501
126371.169
126412.832
126454.498
126496.163
126537.829
126579.495
126621.161
126662.823
126704.490
126746.156
126787.820
126829.487
126871.152
126912.817
126954.482
126996.148
127037.813
127079.477
127121.142
127162.808
127204.473
127246.141
127287.804
127329.469
127371.136
127412.802
127454.467
127496.133
127537.798
127579.464
127621.129
127662.794
127704.460
127746.128
127787.792
127829.456
127871.121
127912.787
127954.454
127996.118
128037.784
128079.447
128121.112
128162.778
128204.443
128246.109
128287.774
128329.439
128371.107
128412.777
128454.438
128496.103
128537.768
128579.434
128621.099
128662.764
128704.430
128746.095
128787.761
128829.426
128871.092
128912.757
128954.423
128996.088
129037.753
129079.417
129121.082
129162.749
129204.413
129246.079
129287.744
129329.409
129371.075
129412.745
129454.407
129496.071
129537.737
129579.403
129621.068
129662.734
129704.399
129746.064
129787.729
129829.395
129871.060
129912.725
129954.392
129996.056
130037.721
130079.388
130121.051
130162.718
130204.382
130246.049
130287.713
130329.380
130371.047
130412.712
130454.376
130496.041
130537.707
130579.371
130621.036
130662.703
130704.368
130746.033
130787.698
130829.363
130871.029
130912.695
130954.361
130996.026
131037.692
131079.356
131121.022
131162.686
131204.352
131246.017
131287.683
131329.348
131371.015
131412.679
131454.344
131496.011
131537.676
131579.342
131621.006
131662.673
131704.337
131746.004
131787.668
131829.333
131871.000
131912.664
131954.331
131995.996
132037.662
132079.326
132120.990
132162.657
132204.322
132245.989
132287.653
132329.318
132370.983
132412.652
132454.316
132495.980
132537.647
132579.312
132620.976
132662.641
132704.307
132745.973
132787.638
132829.303
132870.969
132912.634
132954.300
132995.965
133037.630
133079.296
133120.961
133162.625
133204.291
133245.957
133287.622
133329.288
133370.954
133412.621
133454.286
133495.949
133537.615
133579.282
133620.946
133662.611
133704.277
133745.942
133787.609
133829.274
133870.939
133912.605
133954.271
133995.936
134037.600
134079.267
134120.930
134162.596
134204.262
134245.927
134287.592
134329.259
134370.924
134412.589
134454.255
134495.920
134537.584
134579.250
134620.917
134662.582
134704.248
134745.912
134787.576
134829.238
134870.903
134912.573
134954.240
134995.899
135037.565
135079.230
135120.895
135162.560
135204.225
135245.896
135287.561
135329.227
135370.893
135412.562
135454.225
135495.890
135537.556
135579.220
135620.886
135662.552
135704.217
135745.882
135787.548
135829.213
135870.878
135912.544
135954.209
135995.874
136037.539
136079.204
136120.870
136162.535
136204.200
136245.867
136287.531
136329.198
136370.863
136412.532
136454.195
136495.859
136537.526
136579.191
136620.854
136662.520
136704.187
136745.852
136787.518
136829.182
136870.848
136912.513
136954.178
136995.845
137037.510
137079.175
137120.840
137162.506
137204.170
137245.836
137287.501
137329.166
137370.832
137412.502
137454.163
137495.830
137537.496
137579.160
137620.826
137662.491
137704.157
137745.823
137787.488
137829.154
137870.819
137912.484
137954.150
137995.814
138037.480
138079.144
138120.810
138162.476
138204.140
138245.806
138287.471
138329.137
138370.802
138412.472
138454.134
138495.800
138537.466
138579.130
138620.796
138662.460
138704.127
138745.792
138787.457
138829.123
138870.787
138912.451
138954.119
138995.783
139037.448
139079.114
139120.778
139162.445
139204.110
139245.775
139287.441
139329.106
139370.774
139412.440
139454.103
139495.769
139537.434
139579.101
139620.765
139662.431
139704.096
139745.763
139787.427
139829.091
139870.757
139912.421
139954.089
139995.753
140037.418
140079.082
140120.748
140162.417
140204.079
140245.745
140287.411
140329.075
140370.746
140412.408
140454.072
140495.738
140537.403
140579.069
140620.733
140662.401
140704.065
140745.730
140787.395
140829.060
140870.727
140912.392
140954.056
140995.723
141037.388
141079.052
141120.717
141162.385
141204.049
141245.714
141287.380
141329.045
141370.711
141412.378
141454.043
141495.710
141537.375
141579.040
141620.706
141662.370
141704.036
141745.702
141787.368
141829.032
141870.698
141912.364
141954.030
141995.692
142037.359
142079.023
142120.688
142162.354
142204.019
142245.684
142287.350
142329.016
142370.682
142412.352
142454.012
142495.678
142537.344
142579.009
142620.673
142662.340
142704.005
142745.671
142787.336
142829.001
142870.666
142912.331
142953.997
142995.662
143037.328
143078.994
143120.658
143162.323
143203.988
143245.653
143287.319
143328.984
143370.651
143412.320
143453.983
143495.648
143537.313
143578.979
143620.643
143662.308
143703.974
143745.640
143787.305
143828.970
143870.638
143912.302
143953.968
143995.633
144037.298
144078.962
144120.628
144162.293
144203.959
144245.624
144287.290
144328.955
144370.620
144412.288
144453.953
144495.617
144537.283
144578.949
144620.613
144662.278
144703.944
144745.610
144787.275
144828.940
144870.607
144912.272
144953.937
144995.603
145037.268
145078.932
145120.606
145162.263
145203.930
145245.594
145287.254
145328.925
145370.586
145412.260
145453.923
145495.588
145537.254
145578.919
145620.584
145662.247
145703.915
145745.580
145787.246
145828.911
145870.576
145912.242
145953.907
145995.572
146037.238
146078.902
146120.569
146162.232
146203.898
146245.565
146287.231
146328.894
146370.602
146412.228
146453.891
146495.557
146537.224
146578.888
146620.553
146662.217
146703.883
146745.551
146787.216
146828.881
146870.545
146912.211
146953.877
146995.541
147037.206
147078.873
147120.538
147162.202
147203.869
147245.534
147287.201
147328.864
147370.531
147412.195
147453.861
147495.526
147537.192
147578.857
147620.522
147662.188
147703.853
147745.519
147787.185
147828.849
147870.514
147912.180
147953.847
147995.511
148037.176
148078.841
148120.507
148162.173
148203.839
148245.504
148287.168
148328.834
148370.540
148412.180
148453.831
148495.497
148537.162
148578.828
148620.493
148662.158
148703.824
148745.490
148787.155
148828.820
148870.485
148912.151
148953.816
148995.481
149037.147
149078.812
149120.478
149162.143
149203.808
149245.473
149287.138
149328.803
149370.476
149412.139
149453.800
149495.466
149537.131
149578.796
149620.461
149662.127
149703.792
149745.457
149787.123
149828.789
149870.454
149912.119
149953.785
149995.450
150037.115
150078.781
150120.447
150162.112
150203.777
150245.443
150287.109
150328.775
150370.442
150412.106
150453.775
150495.436
150537.099
150578.766
150620.432
150662.096
150703.762
150745.428
150787.092
150828.758
150870.424
150912.089
150953.755
150995.420
151037.086
151078.751
151120.416
151162.081
151203.747
151245.413
151287.078
151328.742
151370.410
151412.076
151453.740
151495.406
151537.071
151578.735
151620.401
151662.068
151703.733
151745.398
151787.064
151828.730
151870.395
151912.060
151953.725
151995.389
152037.054
152078.719
152120.386
152162.053
152203.717
152245.382
152287.048
152328.712
152370.381
152412.048
152453.711
152495.376
152537.042
152578.705
152620.364
152662.037
152703.702
152745.369
152787.034
152828.699
152870.364
152912.028
152953.695
152995.360
153037.025
153078.690
153120.355
153162.020
153203.686
153245.351
153287.017
153328.681
153370.349
153412.015
153453.680
153495.346
153537.011
153578.676
153620.342
153662.007
153703.672
153745.338
153787.003
153828.668
153870.333
153911.998
153953.665
153995.330
154036.995
154078.661
154120.327
154161.992
154203.657
154245.320
154286.988
154328.652
154370.319
154411.985
154453.650
154495.315
154536.980
154578.645
154620.311
154661.976
154703.641
154745.307
154786.973
154828.638
154870.304
154911.969
154953.634
154995.301
155036.965
155078.629
155120.295
155161.961
155203.628
155245.290
155286.958
155328.621
155370.291
155411.954
155453.621
155495.285
155536.951
155578.616
155620.281
155661.947
155703.612
155745.272
155786.941
155828.601
155870.272
155911.937
155953.616
155995.268
156036.934
156078.599
156120.266
156161.930
156203.596
156245.261
156286.929
156328.592
156370.261
156411.925
156453.590
156495.255
156536.920
156578.586
156620.251
156661.917
156703.582
156745.248
156786.911
156828.578
156870.244
156911.909
156953.574
156995.239
157036.905
157078.569
157120.236
157161.901
157203.567
157245.232
157286.897
157328.561
157370.229
157411.895
157453.558
157495.224
157536.889
157578.554
157620.219
157661.884
157703.550
157745.216
157786.882
157828.545
157870.213
157911.878
157953.542
157995.210
158036.875
158078.540
158120.204
158161.870
158203.536
158245.201
158286.866
158328.531
158370.199
158411.867
158453.528
158495.193
158536.860
158578.525
158620.189
158661.855
158703.521
158745.186
158786.852
158828.516
158870.181
158911.847
158953.513
158995.177
159036.844
159078.509
159120.175
159161.839
159203.505
159245.170
159286.837
159328.501
159370.169
159411.835
159453.498
159495.164
159536.830
159578.495
159620.160
159661.826
159703.491
159745.156
159786.822
159828.488
159870.152
159911.818
159953.483
159995.148
160036.813
160078.478
160120.143
160161.809
160203.474
160245.140
160286.805
160328.471
160370.136
160411.806
160453.469
160495.134
160536.799
160578.465
160620.129
160661.795
160703.461
160745.125
160786.791
160828.456
160870.122
160911.787
160953.454
160995.118
161036.783
161078.449
161120.113
161161.773
161203.444
161245.104
161286.769
161328.440
161370.106
161411.773
161453.438
161495.103
161536.770
161578.434
161620.098
161661.764
161703.430
161745.095
161786.760
161828.426
161870.091
161911.756
161953.424
161995.087
162036.753
162078.417
162120.082
162161.748
162203.413
162245.080
162286.744
162328.409
162370.076
162411.744
162453.407
162495.072
162536.738
162578.404
162620.069
162661.734
162703.401
162745.064
162786.730
162828.396
162870.061
162911.726
162953.393
162995.057
163036.722
163078.387
163120.052
163161.718
163203.383
163245.049
163286.714
163328.380
163370.046
163411.717
163453.378
163495.043
163536.710
163578.373
163620.039
163661.704
163703.369
163745.035
163786.700
163828.365
163870.030
163911.696
163953.362
163995.027
164036.692
164078.356
164120.022
164161.688
164203.353
164245.019
164286.684
164328.351
164370.015
164411.684
164453.347
164495.012
164536.677
164578.342
164620.007
164661.673
164703.338
164745.004
164786.669
164828.335
164870.000
164911.665
164953.334
164994.996
165036.661
165078.326
165119.991
165161.658
165203.322
165244.988
165286.654
165328.319
165369.986
165411.652
165453.317
165494.982
165536.649
165578.314
165619.978
165661.642
165703.309
165744.974
165786.638
165828.305
165869.971
165911.635
165953.302
165994.968
166036.632
166078.295
166119.961
166161.627
166203.292
166244.958
166286.623
166328.290
166369.954
166411.622
166453.286
166494.952
166536.618
166578.285
166619.948
166661.614
166703.279
166744.943
166786.609
166828.275
166869.939
166911.605
166953.272
166994.937
167036.602
167078.268
167119.956
167161.597
167203.279
167244.927
167286.607
167328.259
167369.926
167411.592
167453.265
167494.922
167536.587
167578.253
167619.918
167661.584
167703.248
167744.914
167786.579
167828.244
167869.909
167911.575
167953.241
167994.907
168036.573
168078.236
168119.902
168161.568
168203.234
168244.898
168286.564
168328.229
168369.897
168411.562
168453.227
168494.891
168536.556
168578.223
168619.887
168661.553
168703.218
168744.884
168786.549
168828.213
168869.880
168911.546
168953.211
168994.876
169036.545
169078.206
169119.871
169161.536
169203.203
169244.869
169286.534
169328.198
169369.866
169411.531
169453.196
169494.861
169536.526
169578.190
169619.855
169661.522
169703.187
169744.853
169786.518
169828.185
169869.850
169911.515
169953.181
169994.846
170036.512
170078.175
170119.841
170161.506
170203.173
170244.838
170286.503
170328.168
170369.836
170411.506
170453.166
170494.831
170536.496
170578.161
170619.825
170661.492
170703.157
170744.823
170786.489
170828.154
170869.820
170911.485
170953.151
170994.816
171036.481
171078.145
171119.812
171161.476
171203.142
171244.808
171286.473
171328.138
171369.806
171411.469
171453.136
171494.800
171536.466
171578.132
171619.797
171661.461
171703.126
171744.792
171786.459
171828.125
171869.789
171911.456
171953.120
171994.786
172036.450
172078.116
172119.782
172161.446
172203.112
172244.777
172286.443
172328.107
172369.775
172411.442
172453.105
172494.771
172536.436
172578.101
172619.767
172661.432
172703.098
172744.762
172786.429
172828.093
172869.758
172911.423
172953.090
172994.756
173036.421
173078.086
173119.751
173161.417
173203.082
173244.747
173286.412
173328.077
173369.744
173411.413
173453.075
173494.740
173536.407
173578.071
173619.735
173661.400
173703.066
173744.732
173786.397
173828.064
173869.728
173911.393
173953.059
173994.725
174036.391
174078.056
174119.720
174161.386
174203.052
174244.717
174286.382
174328.048
174369.715
174411.381
174453.045
174494.710
174536.376
174578.040
174619.705
174661.372
174703.036
174744.701
174786.367
174828.031
174869.700
174911.364
174953.029
174994.694
175036.360
175078.024
175119.689
175161.356
175203.020
175244.687
175286.352
175328.018
175369.684
175411.348
175453.015
175494.680
175536.346
175578.010
175619.676
175661.342
175703.006
175744.672
175786.338
175828.003
175869.668
175911.334
175953.000
175994.666
176036.330
176077.993
176119.660
176161.326
176202.992
176244.657
176286.322
176327.986
176369.654
176411.323
176452.984
176494.650
176536.315
176577.980
176619.645
176661.310
176702.975
176744.641
176786.306
176827.972
176869.638
176911.302
176952.970
176994.636
177036.299
177077.964
177119.631
177161.296
177202.960
177244.626
177286.292
177327.957
177369.625
177411.294
177452.963
177494.619
177536.285
177577.950
177619.615
177661.280
177702.944
177744.610
177786.278
177827.942
177869.608
177911.273
177952.938
177994.603
178036.268
178077.934
178119.600
178161.265
178202.931
178244.595
178286.262
178327.926
178369.604
178411.258
178452.924
178494.589
178536.255
178577.921
178619.584
178661.250
178702.915
178744.581
178786.246
178827.913
178869.578
178911.242
178952.908
178994.574
179036.239
179077.905
179119.569
179161.235
179202.899
179244.565
179286.232
179327.895
179369.563
179411.227
179452.892
179494.558
179536.225
179577.890
179619.556
179661.221
179702.885
179744.551
179786.217
179827.882
179869.549
179911.213
179952.878
179994.544
180036.208
180077.873
180119.539
180161.204
180202.870
180244.535
180286.202
180327.866
180369.535
180411.198
180452.864
180494.528
180536.193
180577.860
180619.525
180661.190
180702.855
180744.521
180786.185
180827.852
180869.517
180911.182
180952.848
180994.513
181036.178
181077.843
181119.509
181161.174
181202.839
181244.504
181286.171
181327.837
181369.503
181411.170
181452.832
181494.498
181536.163
181577.823
181619.495
181661.160
181702.824
181744.490
181786.156
181827.822
181869.487
181911.151
181952.818
181994.483
182036.150
182077.813
182119.480
182161.146
182202.809
182244.475
182286.141
182327.808
182369.474
182411.138
182452.804
182494.469
182536.135
182577.801
182619.464
182661.129
182702.794
182744.462
182786.125
182827.792
182869.457
182911.122
182952.787
182994.453
183036.118
183077.782
183119.448
183161.113
183202.779
183244.445
183286.110
183327.775
183369.442
183411.109
183452.772
183494.438
183536.104
183577.769
183619.435
183661.099
183702.763
183744.431
183786.096
183827.761
183869.428
183911.092
183952.758
183994.423
184036.089
184077.753
184119.419
184161.083
184202.749
184244.414
184286.081
184327.746
184369.413
184411.079
184452.742
184494.407
184536.075
184577.739
184619.403
184661.069
184702.733
184744.400
184786.066
184827.732
184869.397
184911.062
184952.728
184994.393
185036.057
185077.723
185119.388
185161.054
185202.720
185244.385
185286.048
185327.714
185369.382
185411.048
185452.712
185494.379
185536.044
185577.709
185619.374
185661.038
185702.704
185744.370
185786.034
185827.700
185869.365
185911.032
185952.697
185994.362
186036.027
186077.691
186119.357
186161.022
186202.689
186244.353
186286.019
186327.683
186369.352
186411.021
186452.683
186494.347
186536.013
186577.680
186619.343
186661.008
186702.674
186744.339
186786.003
186827.670
186869.336
186911.001
186952.667
186994.333
187035.998
187077.662
187119.327
187160.992
187202.653
187244.323
187285.989
187327.654
187369.321
187410.989
187452.652
187494.318
187535.983
187577.649
187619.314
187660.978
187702.645
187744.310
187785.975
187827.640
187869.305
187910.976
187952.637
187994.303
188035.967
188077.631
188119.298
188160.962
188202.629
188244.293
188285.959
188327.625
188369.291
188410.960
188452.623
188494.287
188535.953
188577.618
188619.282
188660.947
188702.614
188744.278
188785.945
188827.611
188869.275
188910.940
188952.607
188994.272
189035.936
189077.602
189119.268
189160.931
189202.597
189244.263
189285.929
189327.594
189369.261
189410.930
189452.590
189494.256
189535.923
189577.589
189619.252
189660.917
189702.584
189744.248
189785.913
189827.579
189869.244
189910.909
189952.576
189994.242
190035.905
190077.570
190119.237
190160.901
190202.567
190244.233
190285.899
190327.563
190369.232
190410.898
190452.562
190494.226
190535.893
190577.557
190619.221
190660.888
190702.553
190744.218
190785.884
190827.549
190869.214
190910.880
190952.546
190994.211
191035.876
191077.540
191119.200
191160.871
191202.537
191244.202
191285.869
191327.533
191369.201
191410.868
191452.530
191494.196
191535.861
191577.526
191619.191
191660.856
191702.523
191744.189
191785.854
191827.520
191869.185
191910.850
191952.516
191994.182
192035.847
192077.510
192119.177
192160.842
192202.507
192244.172
192285.838
192327.503
192369.174
192410.834
192452.499
192494.159
192535.831
192577.497
192619.162
192660.827
192702.493
192744.158
192785.823
192827.490
192869.153
192910.821
192952.486
192994.150
193035.817
193077.482
193119.147
193160.813
193202.476
193244.142
193285.809
193327.473
193369.141
193410.810
193452.471
193494.136
193535.802
193577.468
193619.130
193660.796
193702.463
193744.128
193785.793
193827.459
193869.124
193910.788
193952.455
193994.120
194035.786
194077.450
194119.116
194160.782
194202.447
194244.111
194285.779
194327.443
194369.110
194410.776
194452.439
194494.105
194535.771
194577.436
194619.101
194660.766
194702.432
194744.098
194785.762
194827.428
194869.093
194910.759
194952.425
194994.091
195035.755
195077.421
195119.085
195160.750
195202.417
195244.082
195285.746
195327.413
195369.080
195410.745
195452.410
195494.074
195535.741
195577.407
195619.070
195660.736
195702.403
195744.068
195785.733
195827.400
195869.064
195910.728
195952.396
195994.061
196035.724
196077.391
196119.056
196160.720
196202.386
196244.051
196285.717
196327.381
196369.049
196410.718
196452.381
196494.045
196535.711
196577.375
196619.040
196660.706
196702.372
196744.038
196785.702
196827.368
196869.033
196910.697
196952.365
196994.030
197035.696
197077.361
197119.025
197160.690
197202.356
197244.021
197285.688
197327.352
197369.019
197410.688
197452.350
197494.014
197535.681
197577.346
197619.012
197660.678
197702.343
197744.009
197785.674
197827.339
197869.004
197910.670
197952.335
197994.000
198035.666
198077.330
198118.997
198160.660
198202.328
198243.991
198285.659
198327.323
198368.989
198410.655
198452.320
198493.986
198535.649
198577.316
198618.981
198660.647
198702.312
198743.978
198785.644
198827.309
198868.975
198910.640
198952.305
198993.971
199035.636
199077.299
199118.967
199160.630
199202.297
199243.961
199285.628
199327.291
199368.959
199410.628
199452.290
199493.956
199535.621
199577.284
199618.951
199660.617
199702.282
199743.948
199785.613
199827.278
199868.944
199910.610
199952.276
199993.941
200035.606
200077.269
200118.936
200160.600
200202.267
200243.931
200285.598
200327.262
200368.930
200410.598
200452.260
200493.925
200535.591
200577.256
200618.919
200660.580
200702.252
200743.918
200785.583
200827.248
200868.914
200910.579
200952.246
200993.910
201035.576
201077.240
201118.906
201160.570
201202.237
201243.901
201285.568
201327.232
201368.899
201410.564
201452.229
201493.895
201535.560
201577.226
201618.891
201660.556
201702.222
201743.888
201785.553
201827.219
201868.883
201910.549
201952.215
201993.880
202035.545
202077.209
202118.876
202160.544
202202.209
202243.870
202285.538
202327.201
202368.872
202410.534
202452.199
202493.865
202535.530
202577.196
202618.861
202660.526
202702.192
202743.857
202785.523
202827.188
202868.853
202910.519
202952.183
202993.849
203035.515
203077.180
203118.845
203160.510
203202.175
203243.841
203285.507
203327.171
203368.840
203410.505
203452.169
203493.834
203535.499
203577.166
203618.831
203660.497
203702.162
203743.827
203785.491
203827.158
203868.824
203910.488
203952.154
203993.820
204035.484
204077.148
204118.814
204160.481
204202.145
204243.810
204285.477
204327.141
204368.810
204410.480
204452.139
204493.804
204535.470
204577.135
204618.801
204660.466
204702.131
204743.797
204785.462
204827.128
204868.792
204910.460
204952.124
204993.790
205035.455
205077.118
205118.785
205160.449
205202.117
205243.780
205285.447
205327.111
205368.779
205410.446
205452.109
205493.774
205535.440
205577.105
205618.770
205660.436
205702.101
205743.767
205785.433
205827.098
205868.763
205910.428
205952.094
205993.759
206035.424
206077.088
206118.756
206160.419
206202.086
206243.750
206285.417
206327.081
206368.749
206410.415
206452.078
206493.744
206535.409
206577.075
206618.740
206660.406
206702.071
206743.737
206785.402
206827.067
206868.733
206910.396
206952.065
206993.732
207035.392
207077.058
207118.724
207160.388
207202.054
207243.719
207285.385
207327.050
207368.719
207410.386
207452.047
207493.712
207535.379
207577.045
207618.709
207660.375
207702.041
207743.707
207785.371
207827.038
207868.703
207910.367
207952.033
207993.698
208035.364
208077.028
208118.695
208160.358
208202.024
208243.689
208285.355
208327.020
208368.689
208410.357
208452.019
208493.683
208535.349
208577.014
208618.680
208660.344
208702.010
208743.676
208785.340
208827.007
208868.671
208910.336
208952.001
208993.667
209035.332
209076.997
209118.662
209160.328
209201.993
209243.659
209285.325
209326.992
209368.658
209410.327
209451.987
209493.651
209535.319
209576.985
209618.649
209660.314
209701.980
209743.646
209785.311
209826.977
209868.642
209910.307
209951.972
209993.637
210035.304
210076.967
210118.633
210160.297
210201.965
210243.629
210285.296
210326.960
210368.628
210410.296
210451.958
210493.623
210535.290
210576.954
210618.619
210660.285
210701.950
210743.615
210785.281
210826.947
210868.612
210910.276
210951.941
210993.607
211035.273
211076.937
211118.604
211160.267
211201.934
211243.600
211285.266
211326.931
211368.599
211410.265
211451.928
211493.593
211535.259
211576.924
211618.589
211660.255
211701.920
211743.586
211785.251
211826.919
211868.581
211910.247
211951.913
211993.578
212035.243
212076.907
212118.574
212160.238
212201.905
212243.569
212285.236
212326.900
212368.567
212410.235
212451.897
212493.563
212535.228
212576.894
212618.560
212660.225
212701.890
212743.556
212785.221
212826.887
212868.552
212910.217
212951.882
212993.548
213035.214
213076.876
213118.545
213160.208
213201.875
213243.539
213285.204
213326.864
213368.538
213410.207
213451.867
213493.532
213535.199
213576.864
213618.529
213660.194
213701.859
213743.525
213785.191
213826.856
213868.521
213910.186
213951.852
213993.517
214035.182
214076.846
214118.512
214160.178
214201.845
214243.508
214285.174
214326.839
214368.509
214410.175
214451.836
214493.502
214535.169
214576.834
214618.499
214660.163
214701.829
214743.494
214785.160
214826.825
214868.492
214910.156
214951.821
214993.487
215035.151
215076.816
215118.482
215160.147
215201.813
215243.480
215285.146
215326.810
215368.478
215410.140
215451.806
215493.471
215535.137
215576.803
215618.467
215660.134
215701.798
215743.464
215785.130
215826.795
215868.461
215910.125
215951.792
215993.457
216035.123
216076.786
216118.454
216160.118
216201.784
216243.448
216285.114
216326.779
216368.446
216410.119
216451.776
216493.442
216535.108
216576.771
216618.438
216660.103
216701.770
216743.434
216785.100
216826.765
216868.430
216910.095
216951.761
216993.427
217035.091
217076.755
217118.423
217160.087
217201.754
217243.419
217285.084
217326.749
217368.418
217410.080
217451.746
217493.411
217535.076
217576.743
217618.406
217660.072
217701.738
217743.403
217785.069
217826.735
217868.399
217910.065
217951.731
217993.396
218035.062
218076.726
218118.392
218160.056
218201.724
218243.388
218285.054
218326.719
218368.386
218410.056
218451.716
218493.381
218535.049
218576.712
218618.378
218660.042
218701.707
218743.374
218785.040
218826.705
218868.370
218910.036
218951.701
218993.367
219035.031
219076.695
219118.363
219160.027
219201.693
219243.360
219285.026
219326.694
219368.356
219410.023
219451.690
219493.361
219535.017
219576.690
219618.352
219660.018
219701.683
219743.344
219785.009
219826.674
219868.339
219910.005
219951.671
219993.340
220035.007
220076.667
220118.338
220159.997
220201.662
220243.327
220284.993
220326.657
220368.326
220409.995
220451.656
220493.321
220534.987
220576.652
220618.318
220659.982
220701.655
220743.313
220784.985
220826.654
220868.323
220909.983
220951.642
220993.306
221034.972
221076.635
221118.303
221159.968
221201.634
221243.298
221284.964
221326.630
221368.296
221409.961
221451.629
221493.292
221534.956
221576.622
221618.287
221659.952
221701.618
221743.282
221784.948
221826.614
221868.280
221909.945
221951.610
221993.276
222034.942
222076.605
222118.271
222159.937
222201.601
222243.266
222284.932
222326.598
222368.264
222409.935
222451.595
222493.260
222534.926
222576.591
222618.256
222659.921
222701.588
222743.252
222784.918
222826.585
222868.249
222909.916
222951.580
222993.246
223034.912
223076.575
223118.242
223159.905
223201.572
223243.236
223284.902
223326.562
223368.231
223409.896
223451.559
223493.225
223534.895
223576.554
223618.225
223659.886
223701.556
223743.222
223784.888
223826.554
