0.000
41.676
83.333
124.997
166.663
208.328
249.994
291.659
333.325
374.989
416.655
458.318
499.986
541.651
583.316
624.981
666.646
708.312
749.984
791.645
833.311
874.976
916.641
958.307
999.972
1041.638
1083.303
1124.970
1166.633
1208.300
1249.965
1291.631
1333.297
1374.961
1416.627
1458.292
1499.957
1541.622
1583.288
1624.954
1666.618
1708.282
1749.948
1791.615
1833.280
1874.947
1916.611
1958.276
1999.942
2041.614
2083.275
2124.938
2166.605
2208.270
2249.936
2291.601
2333.267
2374.932
2416.596
2458.262
2499.929
2541.594
2583.259
2624.923
2666.588
2708.255
2749.920
2791.586
2833.251
2874.917
2916.582
2958.248
2999.913
3041.590
3083.246
3124.911
3166.575
3208.242
3249.908
3291.572
3333.239
3374.903
3416.569
3458.233
3499.900
3541.564
3583.231
3624.895
3666.562
3708.225
3749.891
3791.557
3833.222
3874.887
3916.554
3958.218
3999.885
4041.552
4083.217
4124.882
4166.547
4208.211
4249.878
4291.543
4333.209
4374.874
4416.539
4458.204
4499.871
4541.536
4583.201
4624.868
4666.531
4708.197
4749.862
4791.529
4833.193
4874.859
4916.524
4958.190
4999.855
5041.529
5083.188
5124.853
5166.518
5208.184
5249.848
5291.515
5333.181
5374.847
5416.511
5458.175
5499.842
5541.506
5583.173
5624.837
5666.503
5708.168
5749.834
5791.499
5833.164
5874.830
5916.497
5958.160
5999.827
6041.495
6083.159
6124.824
6166.491
6208.155
6249.821
6291.484
6333.151
6374.818
6416.481
6458.146
6499.813
6541.476
6583.151
6624.808
6666.474
6708.139
6749.805
6791.470
6833.136
6874.800
6916.467
6958.132
6999.798
7041.469
7083.130
7124.795
7166.460
7208.127
7249.792
7291.457
7333.122
7374.787
7416.453
7458.117
7499.783
7541.448
7583.115
7624.779
7666.446
7708.110
7749.776
7791.442
7833.107
7874.772
7916.439
7958.103
7999.769
8041.442
8083.101
8124.767
8166.432
8208.097
8249.763
8291.427
8333.093
8374.759
8416.424
8458.090
8499.755
8541.420
8583.086
8624.750
8666.417
8708.081
8749.748
8791.412
8833.079
8874.744
8916.410
8958.075
8999.740
9041.409
9083.072
9124.737
9166.403
9208.069
9249.734
9291.400
9333.064
9374.729
9416.396
9458.059
9499.726
9541.394
9583.057
9624.722
9666.388
9708.053
9749.719
9791.384
9833.050
9874.716
9916.381
9958.045
9999.711
10041.383
10083.043
10124.709
10166.374
10208.040
10249.706
10291.371
10333.037
10374.700
10416.367
10458.031
10499.697
10541.364
10583.030
10624.695
10666.360
10708.025
10749.691
10791.356
10833.022
10874.686
10916.353
10958.016
10999.684
11041.353
11083.015
11124.680
11166.345
11208.012
11249.676
11291.342
11333.007
11374.671
11416.339
11458.002
11499.663
11541.333
11583.000
11624.664
11666.331
11707.995
11749.662
11791.325
11832.993
11874.657
11916.324
11957.988
11999.655
12041.323
12082.986
12124.651
12166.317
12207.982
12249.646
12291.312
12332.979
12374.643
12416.308
12457.973
12499.640
12541.304
12582.969
12624.635
12666.302
12707.967
12749.631
12791.296
12832.962
12874.627
12916.295
12957.959
12999.626
13041.295
13082.957
13124.622
13166.286
13207.954
13249.619
13291.285
13332.950
13374.614
13416.281
13457.945
13499.612
13541.275
13582.943
13624.607
13666.274
13707.937
13749.602
13791.267
13832.935
13874.598
13916.266
13957.931
13999.597
14041.263
14082.929
14124.592
14166.258
14207.924
14249.590
14291.256
14332.921
14374.587
14416.251
14457.916
14499.582
14541.248
14582.914
14624.579
14666.244
14707.910
14749.575
14791.239
14832.904
14874.570
14916.235
14957.901
14999.568
15041.238
15082.898
15124.564
15166.229
15207.895
15249.560
15291.226
15332.892
15374.555
15416.221
15457.886
15499.553
15541.219
15582.884
15624.551
15666.214
15707.881
15749.545
15791.212
15832.876
15874.544
15916.206
15957.874
15999.538
16041.209
16082.870
16124.535
16166.200
16207.866
16249.531
16291.196
16332.862
16374.528
16416.192
16457.858
16499.523
16541.189
16582.854
16624.521
16666.186
16707.850
16749.516
16791.181
16832.846
16874.513
16916.177
16957.843
16999.509
17041.180
17082.841
17124.506
17166.166
17207.837
17249.503
17291.169
17332.833
17374.498
17416.165
17457.830
17499.496
17541.160
17582.827
17624.491
17666.200
17707.822
17749.527
17791.154
17832.849
17874.485
17916.174
17957.816
17999.492
18041.153
18082.814
18124.480
18166.143
18207.810
18249.474
18291.142
18332.806
18374.469
18416.135
18457.801
18499.466
18541.134
18582.798
18624.465
18666.129
18707.795
18749.459
18791.124
18832.790
18874.456
18916.120
18957.787
18999.452
19041.123
19082.785
19124.448
19166.114
19207.779
19249.445
19291.110
19332.776
19374.441
19416.106
19457.772
19499.439
19541.103
19582.769
19624.435
19666.099
19707.766
19749.431
19791.097
19832.762
19874.428
19916.092
19957.759
19999.423
20041.095
20082.756
20124.421
20166.087
20207.752
20249.417
20291.083
20332.748
20374.412
20416.077
20457.742
20499.410
20541.074
20582.741
20624.405
20666.071
20707.735
20749.402
20791.067
20832.734
20874.398
20916.063
20957.729
20999.394
21041.064
21082.728
21124.392
21166.057
21207.721
21249.387
21291.053
21332.720
21374.385
21416.048
21457.715
21499.382
21541.047
21582.711
21624.376
21666.042
21707.707
21749.372
21791.039
21832.704
21874.371
21916.035
21957.700
21999.366
22041.039
22082.698
22124.363
22166.030
22207.695
22249.359
22291.026
22332.690
22374.355
22416.020
22457.687
22499.352
22541.018
22582.681
22624.348
22666.012
22707.678
22749.344
22791.012
22832.675
22874.342
22916.006
22957.671
22999.343
23041.020
23082.670
23124.335
23165.999
23207.666
23249.331
23290.996
23332.662
23374.328
23415.991
23457.658
23499.324
23540.989
23582.654
23624.320
23665.985
23707.650
23749.314
23790.982
23832.646
23874.313
23915.977
23957.644
23999.308
24040.980
24082.641
24124.306
24165.971
24207.637
24249.302
24290.968
24332.631
24374.293
24415.963
24457.623
24499.294
24540.954
24582.625
24624.291
24665.956
24707.621
24749.287
24790.951
24832.617
24874.283
24915.948
24957.613
24999.280
25040.947
25082.614
25124.278
25165.941
25207.607
25249.273
25290.938
25332.603
25374.269
25415.934
25457.599
25499.266
25540.931
25582.597
25624.263
25665.927
25707.592
25749.258
25790.923
25832.588
25874.254
25915.922
25957.585
25999.255
26040.927
26082.583
26124.249
26165.914
26207.580
26249.245
26290.911
26332.576
26374.241
26415.905
26457.572
26499.236
26540.903
26582.571
26624.235
26665.898
26707.565
26749.229
26790.896
26832.559
26874.227
26915.890
26957.558
26999.221
27040.892
27082.556
27124.220
27165.886
27207.551
27249.217
27290.882
27332.547
27374.214
27415.876
27457.545
27499.208
27540.874
27582.538
27624.205
27665.869
27707.537
27749.200
27790.868
27832.531
27874.198
27915.862
27957.529
27999.192
28040.865
28082.526
28124.191
28165.856
28207.522
28249.187
28290.853
28332.518
28374.184
28415.848
28457.514
28499.181
28540.845
28582.510
28624.175
28665.840
28707.505
28749.172
28790.839
28832.503
28874.167
28915.833
28957.501
28999.163
29040.833
29082.497
29124.163
29165.827
29207.493
29249.158
29290.823
29332.488
29374.153
29415.819
29457.484
29499.150
29540.825
29582.480
29624.148
29665.811
29707.477
29749.143
29790.809
29832.475
29874.140
29915.804
29957.470
29999.135
30040.805
30082.469
30124.134
30165.799
30207.465
30249.129
30290.796
30332.460
30374.125
30415.791
30457.457
30499.122
30540.789
30582.453
30624.119
30665.783
30707.449
30749.115
30790.781
30832.445
30874.112
30915.776
30957.443
30999.108
31040.776
31082.441
31124.106
31165.771
31207.435
31249.100
31290.765
31332.433
31374.098
31415.762
31457.429
31499.092
31540.759
31582.424
31624.090
31665.755
31707.420
31749.085
31790.752
31832.416
31874.081
31915.747
31957.412
31999.078
32040.747
32082.411
32124.076
32165.741
32207.406
32249.072
32290.737
32332.402
32374.068
32415.732
32457.399
32499.065
32540.729
32582.394
32624.060
32665.725
32707.391
32749.056
32790.723
32832.387
32874.054
32915.718
32957.384
32999.049
33040.723
33082.383
33124.048
33165.713
33207.379
33249.043
33290.709
33332.375
33374.038
33415.705
33457.370
33499.036
33540.702
33582.367
33624.032
33665.698
33707.363
33749.029
33790.694
33832.360
33874.025
33915.691
33957.355
33999.021
34040.686
34082.364
34124.019
34165.685
34207.350
34249.015
34290.681
34332.347
34374.012
34415.676
34457.342
34499.008
34540.673
34582.337
34624.005
34665.668
34707.334
34748.999
34790.666
34832.330
34873.996
34915.661
34957.327
34998.992
35040.665
35082.328
35123.990
35165.656
35207.322
35248.985
35290.652
35332.318
35373.983
35415.648
35457.314
35498.980
35540.645
35582.311
35623.976
35665.641
35707.307
35748.973
35790.638
35832.304
35873.969
35915.634
35957.300
35998.965
36040.635
36082.300
36123.962
36165.627
36207.294
36248.959
36290.624
36332.290
36373.953
36415.620
36457.284
36498.951
36540.615
36582.282
36623.946
36665.613
36707.276
36748.944
36790.607
36832.275
36873.938
36915.606
36957.270
36998.937
37040.607
37082.268
37123.933
37165.598
37207.264
37248.930
37290.596
37332.261
37373.924
37415.591
37457.257
37498.922
37540.586
37582.253
37623.919
37665.577
37707.247
37748.911
37790.580
37832.239
37873.911
37915.575
37957.242
37998.906
38040.574
38082.240
38123.904
38165.570
38207.235
38248.900
38290.566
38332.232
38373.896
38415.562
38457.227
38498.893
38540.558
38582.223
38623.890
38665.554
38707.220
38748.886
38790.551
38832.216
38873.882
38915.547
38957.213
38998.878
39040.550
39082.214
39123.875
39165.541
39207.207
39248.873
39290.536
39332.203
39373.868
39415.533
39457.198
39498.865
39540.533
39582.196
39623.861
39665.527
39707.191
39748.856
39790.522
39832.189
39873.853
39915.520
39957.185
39998.863
40040.522
40082.182
40123.847
40165.513
40207.176
40248.841
40290.507
40332.172
40373.840
40415.503
40457.173
40498.836
40540.501
40582.165
40623.831
40665.496
40707.163
40748.827
40790.492
40832.157
40873.823
40915.492
40957.157
40998.822
41040.495
41082.153
41123.819
41165.483
41207.149
41248.815
41290.481
41332.145
41373.811
41415.475
41457.142
41498.808
41540.473
41582.137
41623.804
41665.468
41707.135
41748.799
41790.466
41832.129
41873.795
41915.463
41957.127
41998.792
42040.463
42082.126
42123.790
42165.456
42207.121
42248.786
42290.452
42332.115
42373.783
42415.447
42457.113
42498.779
42540.445
42582.108
42623.776
42665.439
42707.107
42748.770
42790.438
42832.102
42873.767
42915.434
42957.100
42998.758
43040.433
43082.094
43123.754
43165.425
43207.092
43248.758
43290.423
43332.088
43373.755
43415.418
43457.083
43498.750
43540.415
43582.081
43623.746
43665.412
43707.076
43748.742
43790.407
43832.072
43873.737
43915.404
43957.069
43998.734
44040.408
44082.067
44123.733
44165.397
44207.063
44248.728
44290.393
44332.058
44373.725
44415.389
44457.054
44498.722
44540.386
44582.051
44623.717
44665.382
44707.048
44748.713
44790.379
44832.044
44873.710
44915.375
44957.041
44998.707
45040.378
45082.039
45123.704
45165.369
45207.035
45248.701
45290.364
45332.030
45373.696
45415.360
45457.025
45498.693
45540.358
45582.022
45623.689
45665.354
45707.020
45748.684
45790.351
45832.015
45873.681
45915.348
45957.013
45998.678
46040.348
46082.010
46123.675
46165.338
46207.006
46248.671
46290.335
46332.001
46373.667
46415.332
46456.998
46498.664
46540.330
46581.994
46623.661
46665.325
46706.991
46748.656
46790.321
46831.986
46873.652
46915.318
46956.984
46998.650
47040.322
47081.982
47123.646
47165.310
47206.976
47248.644
47290.308
47331.972
47373.640
47415.304
47456.971
47498.634
47540.301
47581.966
47623.631
47665.296
47706.963
47748.627
47790.294
47831.958
47873.623
47915.289
47956.954
47998.620
48040.292
48081.953
48123.618
48165.282
48206.949
48248.612
48290.279
48331.943
48373.609
48415.275
48456.941
48498.606
48540.272
48581.936
48623.602
48665.268
48706.934
48748.598
48790.265
48831.929
48873.595
48915.262
48956.927
48998.591
49040.266
49081.925
49123.589
49165.253
49206.921
49248.586
49290.249
49331.916
49373.580
49415.246
49456.912
49498.578
49540.244
49581.909
49623.574
49665.239
49706.906
49748.569
49790.237
49831.901
49873.566
49915.232
49956.897
49998.563
50040.236
50081.895
50123.561
50165.226
50206.891
50248.556
50290.221
50331.887
50373.553
50415.217
50456.890
50498.550
50540.214
50581.880
50623.546
50665.210
50706.877
50748.542
50790.206
50831.872
50873.537
50915.203
50956.869
50998.534
51040.211
51081.866
51123.532
51165.199
51206.864
51248.529
51290.193
51331.858
51373.523
51415.189
51456.856
51498.520
51540.186
51581.851
51623.518
51665.182
51706.848
51748.513
51790.179
51831.844
51873.510
51915.176
51956.842
51998.509
52040.184
52081.839
52123.504
52165.170
52206.835
52248.500
52290.166
52331.830
52373.496
52415.160
52456.826
52498.495
52540.157
52581.822
52623.488
52665.154
52706.818
52748.484
52790.151
52831.815
52873.481
52915.147
52956.813
52998.479
53040.150
53081.810
53123.475
53165.140
53206.806
53248.473
53290.137
53331.803
53373.466
53415.132
53456.799
53498.463
53540.128
53581.793
53623.459
53665.124
53706.790
53748.455
53790.121
53831.786
53873.451
53915.118
53956.783
53998.449
54040.121
54081.781
54123.446
54165.113
54206.778
54248.443
54290.109
54331.772
54373.439
54415.103
54456.769
54498.435
54540.101
54581.765
54623.433
54665.096
54706.762
54748.427
54790.094
54831.758
54873.424
54915.090
54956.756
54998.422
55040.095
55081.753
55123.419
55165.082
55206.749
55248.414
55290.080
55331.744
55373.411
55415.075
55456.740
55498.407
55540.072
55581.736
55623.404
55665.067
55706.733
55748.398
55790.064
55831.730
55873.395
55915.062
55956.727
55998.393
56040.061
56081.729
56123.390
56165.055
56206.720
56248.386
56290.051
56331.714
56373.382
56415.046
56456.712
56498.378
56540.045
56581.708
56623.375
56665.040
56706.704
56748.369
56790.035
56831.700
56873.366
56915.032
56956.697
56998.364
57040.035
57081.696
57123.362
57165.026
57206.692
57248.358
57290.022
57331.687
57373.354
57415.018
57456.683
57498.348
57540.015
57581.680
57623.346
57665.011
57706.678
57748.341
57790.007
57831.674
57873.337
57915.006
57956.670
57998.336
58040.007
58081.665
58123.332
58164.997
58206.664
58248.328
58289.995
58331.658
58373.324
58414.989
58456.654
58498.321
58539.987
58581.651
58623.318
58664.981
58706.647
58748.313
58789.979
58831.644
58873.310
58914.977
58956.641
58998.307
59039.977
59081.637
59123.304
59164.968
59206.634
59248.299
59289.964
59331.630
59373.297
59414.961
59456.627
59498.292
59539.958
59581.621
59623.288
59664.953
59706.619
59748.283
59789.951
59831.615
59873.281
59914.946
59956.613
59998.280
60039.952
60081.611
60123.276
60164.940
60206.606
60248.271
60289.937
60331.603
60373.268
60414.931
60456.599
60498.262
60539.929
60581.593
60623.261
60664.925
60706.593
60748.255
60789.923
60831.586
60873.252
60914.918
60956.583
60998.250
61039.919
61081.581
61123.246
61164.910
61206.578
61248.242
61289.907
61331.572
61373.238
61414.902
61456.568
61498.235
61539.899
61581.566
61623.233
61664.896
61706.563
61748.226
61789.894
61831.558
61873.223
61914.890
61956.555
61998.220
62039.896
62081.553
62123.217
62164.882
62206.550
62248.215
62289.880
62331.544
62373.210
62414.875
62456.540
62498.206
62539.872
62581.536
62623.203
62664.868
62706.534
62748.199
62789.865
62831.529
62873.195
62914.862
62956.527
62998.193
63039.862
63081.525
63123.190
63164.856
63206.522
63248.192
63289.852
63331.516
63373.183
63414.847
63456.513
63498.178
63539.843
63581.508
63623.174
63664.839
63706.506
63748.170
63789.836
63831.501
63873.166
63914.833
63956.499
63998.166
64039.835
64081.497
64123.161
64164.826
64206.492
64248.157
64289.823
64331.487
64373.152
64414.818
64456.483
64498.149
64539.815
64581.480
64623.147
64664.811
64706.476
64748.141
64789.807
64831.472
64873.132
64914.802
64956.469
64998.134
65039.809
65081.467
65123.133
65164.798
65206.463
65248.129
65289.793
65331.458
65373.125
65414.788
65456.456
65498.121
65539.787
65581.452
65623.118
65664.782
65706.450
65748.113
65789.779
65831.444
65873.109
65914.776
65956.441
65998.107
66039.779
66081.439
66123.104
66164.770
66206.435
66248.100
66289.766
66331.430
66373.097
66414.761
66456.427
66498.093
66539.758
66581.423
66623.089
66664.754
66706.419
66748.085
66789.751
66831.415
66873.081
66914.749
66956.413
66998.078
67039.749
67081.411
67123.076
67164.741
67206.406
67248.072
67289.739
67331.402
67373.068
67414.732
67456.398
67498.065
67539.729
67581.394
67623.060
67664.725
67706.391
67748.056
67789.721
67831.387
67873.052
67914.719
67956.384
67998.051
68039.733
68081.381
68123.046
68164.712
68206.376
68248.042
68289.708
68331.373
68373.039
68414.704
68456.369
68498.035
68539.701
68581.366
68623.032
68664.697
68706.364
68748.027
68789.693
68831.359
68873.024
68914.691
68956.356
68998.022
69039.689
69081.354
69123.018
69164.684
69206.350
69248.015
69289.681
69331.344
69373.011
69414.675
69456.341
69498.007
69539.673
69581.337
69623.004
69664.668
69706.335
69747.999
69789.666
69831.330
69872.996
69914.661
69956.327
69997.994
70039.665
70081.325
70122.990
70164.655
70206.321
70247.985
70289.651
70331.316
70372.982
70414.647
70456.313
70497.977
70539.643
70581.309
70622.975
70664.640
70706.304
70747.970
70789.637
70831.301
70872.968
70914.633
70956.297
70997.963
71039.634
71081.294
71122.960
71164.626
71206.293
71247.957
71289.622
71331.288
71372.953
71414.617
71456.284
71497.950
71539.614
71581.281
71622.947
71664.612
71706.277
71747.941
71789.607
71831.273
71872.939
71914.606
71956.270
71997.936
72039.608
72081.268
72122.931
72164.598
72206.264
72247.929
72289.594
72331.259
72372.924
72414.590
72456.256
72497.923
72539.587
72581.253
72622.918
72664.584
72706.248
72747.913
72789.579
72831.244
72872.910
72914.577
72956.242
72997.907
73039.576
73081.239
73122.904
73164.570
73206.236
73247.900
73289.565
73331.230
73372.895
73414.560
73456.228
73497.893
73539.559
73581.223
73622.890
73664.555
73706.219
73747.885
73789.550
73831.217
73872.883
73914.548
73956.213
73997.873
74039.547
74081.209
74122.876
74164.541
74206.207
74247.870
74289.531
74331.196
74372.862
74414.534
74456.199
74497.859
74539.525
74581.194
74622.862
74664.526
74706.192
74747.857
74789.523
74831.187
74872.853
74914.519
74956.184
74997.850
75039.520
75081.182
75122.848
75164.512
75206.179
75247.843
75289.508
75331.173
75372.840
75414.504
75456.171
75497.835
75539.502
75581.166
75622.833
75664.497
75706.164
75747.828
75789.495
75831.159
75872.826
75914.492
75956.157
75997.822
76039.493
76081.153
76122.819
76164.485
76206.149
76247.816
76289.482
76331.145
76372.812
76414.475
76456.143
76497.806
76539.474
76581.137
76622.805
76664.469
76706.136
76747.799
76789.467
76831.130
76872.797
76914.463
76956.128
76997.795
77039.462
77081.125
77122.790
77164.456
77206.122
77247.786
77289.452
77331.116
77372.782
77414.447
77456.115
77497.778
77539.445
77581.109
77622.777
77664.440
77706.108
77747.771
77789.439
77831.102
77872.770
77914.435
77956.100
77997.766
78039.434
78081.096
78122.762
78164.428
78206.093
78247.758
78289.424
78331.088
78372.755
78414.418
78456.085
78497.749
78539.415
78581.081
78622.746
78664.411
78706.080
78747.742
78789.408
78831.073
78872.739
78914.405
78956.071
78997.736
79039.407
79081.068
79122.733
79164.398
79206.065
79247.730
79289.394
79331.061
79372.725
79414.390
79456.055
79497.721
79539.389
79581.051
79622.719
79664.384
79706.051
79747.715
79789.380
79831.044
79872.711
79914.376
79956.040
79997.707
80039.381
80081.038
80122.703
80164.369
80206.036
80247.700
80289.365
80331.031
80372.698
80414.361
80456.027
80497.694
80539.361
80581.023
80622.690
80664.354
80706.021
80747.685
80789.352
80831.017
80872.684
80914.347
80956.013
80997.678
81039.358
81081.011
81122.677
81164.340
81206.009
81247.672
81289.337
81331.003
81372.667
81414.333
81455.998
81497.664
81539.330
81580.994
81622.660
81664.326
81705.993
81747.656
81789.323
81830.987
81872.654
81914.319
81955.984
81997.650
82039.326
82080.981
82122.648
82164.312
82205.981
82247.644
82289.308
82330.974
82372.639
82414.304
82455.970
82497.636
82539.301
82580.967
82622.633
82664.297
82705.963
82747.630
82789.295
82830.959
82872.625
82914.291
82955.957
82997.623
83039.296
83080.954
83122.618
83164.283
83205.951
83247.615
83289.280
83330.947
83372.611
83414.275
83455.942
83497.607
83539.273
83580.938
83622.604
83664.269
83705.934
83747.600
83789.265
83830.931
83872.597
83914.263
83955.928
83997.594
84039.266
84080.925
84122.591
84164.257
84205.922
84247.588
84289.253
84330.916
84372.584
84414.247
84455.914
84497.579
84539.245
84580.909
84622.576
84664.240
84705.908
84747.571
84789.238
84830.902
84872.570
84914.235
84955.901
84997.566
85039.235
85080.897
85122.562
85164.228
85205.893
85247.559
85289.223
85330.888
85372.555
85414.219
85455.886
85497.550
85539.217
85580.881
85622.547
85664.212
85705.879
85747.542
85789.210
85830.873
85872.539
85914.206
85955.872
85997.537
86039.208
86080.868
86122.534
86164.199
86205.867
86247.530
86289.196
86330.860
86372.526
86414.190
86455.857
86497.522
86539.189
86580.852
86622.520
86664.182
86705.850
86747.514
86789.181
86830.845
86872.510
86914.177
86955.843
86997.509
87039.178
87080.840
87122.505
87164.171
87205.836
87247.502
87289.167
87330.831
87372.498
87414.162
87455.829
87497.493
87539.160
87580.824
87622.491
87664.155
87705.821
87747.486
87789.151
87830.816
87872.484
87914.148
87955.812
87997.479
88039.150
88080.811
88122.477
88164.142
88205.807
88247.471
88289.138
88330.803
88372.469
88414.132
88455.798
88497.464
88539.131
88580.796
88622.462
88664.127
88705.793
88747.457
88789.123
88830.787
88872.453
88914.119
88955.784
88997.449
89039.129
89080.793
89122.450
89164.114
89205.779
89247.445
89289.109
89330.774
89372.441
89414.105
89455.772
89497.436
89539.104
89580.767
89622.433
89664.098
89705.764
89747.429
89789.094
89830.759
89872.424
89914.092
89955.757
89997.422
90039.092
90080.755
90122.417
90164.083
90205.750
90247.417
90289.081
90330.745
90372.412
90414.077
90455.742
90497.408
90539.075
90580.738
90622.404
90664.069
90705.735
90747.400
90789.065
90830.731
90872.397
90914.063
90955.727
90997.394
91039.064
91080.725
91122.389
91164.057
91205.721
91247.387
91289.053
91330.717
91372.383
91414.048
91455.714
91497.379
91539.044
91580.710
91622.375
91664.041
91705.707
91747.371
91789.038
91830.702
91872.368
91914.035
91955.700
91997.366
92039.035
92080.697
92122.361
92164.028
92205.694
92247.358
92289.025
92330.688
92372.354
92414.019
92455.684
92497.350
92539.017
92580.681
92622.348
92664.011
92705.679
92747.343
92789.008
92830.674
92872.340
92914.005
92955.671
92997.337
93039.007
93080.669
93122.332
93163.998
93205.666
93247.331
93288.994
93330.660
93372.327
93413.991
93455.658
93497.322
93538.988
93580.653
93622.318
93663.983
93705.649
93747.314
93788.980
93830.646
93872.311
93913.977
93955.642
93997.308
94038.978
94080.640
94122.306
94163.970
94205.637
94247.300
94288.967
94330.631
94372.297
94413.963
94455.627
94497.294
94538.961
94580.623
94622.290
94663.955
94705.620
94747.285
94788.951
94830.617
94872.282
94913.950
94955.608
94997.280
95038.950
95080.605
95122.269
95163.935
95205.602
95247.273
95288.937
95330.603
95372.268
95413.934
95455.600
95497.264
95538.931
95580.596
95622.262
95663.926
95705.592
95747.257
95788.922
95830.589
95872.254
95913.919
95955.585
95997.252
96038.922
96080.583
96122.246
96163.914
96205.582
96247.244
96288.909
96330.576
96372.241
96413.905
96455.572
96497.237
96538.903
96580.566
96622.233
96663.899
96705.565
96747.228
96788.895
96830.559
96872.226
96913.890
96955.556
96997.223
97038.897
97080.555
97122.218
97163.885
97205.550
97247.216
97288.882
97330.545
97372.213
97413.876
97455.542
97497.208
97538.873
97580.539
97622.204
97663.869
97705.535
97747.200
97788.865
97830.531
97872.197
97913.862
97955.529
97997.195
98038.865
98080.526
98122.190
98163.856
98205.523
98247.187
98288.853
98330.517
98372.183
98413.848
98455.515
98497.179
98538.846
98580.511
98622.182
98663.842
98705.507
98747.172
98788.836
98830.504
98872.168
98913.835
98955.499
98997.165
99038.835
99080.498
99122.162
99163.828
99205.494
99247.159
99288.825
99330.489
99372.155
99413.819
99455.484
99497.150
99538.816
99580.481
99622.148
99663.812
99705.478
99747.143
99788.808
99830.474
99872.139
99913.804
99955.470
99997.136
100038.813
100080.470
100122.135
100163.799
100205.465
100247.131
100288.796
100330.460
100372.125
100413.791
100455.456
100497.122
100538.788
100580.453
100622.118
100663.784
100705.449
100747.115
100788.780
100830.445
100872.111
100913.778
100955.442
100997.109
101038.774
101080.440
101122.106
101163.771
101205.436
101247.102
101288.768
101330.431
101372.097
101413.762
101455.429
101497.093
101538.760
101580.424
101622.092
101663.754
101705.421
101747.085
101788.751
101830.418
101872.082
101913.750
101955.415
101997.081
102038.749
102080.412
102122.077
102163.742
102205.408
102247.073
102288.739
102330.403
102372.068
102413.734
102455.399
102497.064
102538.730
102580.395
102622.062
102663.727
102705.392
102747.057
102788.723
102830.388
102872.055
102913.721
102955.387
102997.052
103038.723
103080.383
103122.048
103163.713
103205.379
103247.044
103288.708
103330.374
103372.041
103413.704
103455.372
103497.037
103538.703
103580.367
103622.034
103663.698
103705.364
103747.030
103788.695
103830.360
103872.026
103913.691
103955.356
103997.021
104038.695
104080.354
104122.019
104163.685
104205.351
104247.016
104288.680
104330.345
104372.012
104413.676
104455.342
104497.008
104538.674
104580.338
104622.004
104663.670
104705.335
104747.000
104788.665
104830.331
104871.997
104913.662
104955.327
104996.993
105038.661
105080.327
105121.991
105163.656
105205.323
105246.988
105288.653
105330.319
105371.983
105413.648
105455.314
105496.981
105538.644
105580.310
105621.977
105663.642
105705.306
105746.974
105788.636
105830.303
105871.968
105913.635
105955.299
105996.965
106038.636
106080.298
106121.963
106163.628
106205.294
106246.959
106288.625
106330.290
106371.954
106413.620
106455.286
106496.950
106538.617
106580.282
106621.948
106663.612
106705.278
106746.943
106788.609
106830.275
106871.941
106913.606
106955.270
106996.937
107038.610
107080.269
107121.934
107163.600
107205.267
107246.932
107288.596
107330.260
107371.926
107413.592
107455.256
107496.922
107538.587
107580.253
107621.918
107663.584
107705.249
107746.915
107788.580
107830.246
107871.911
107913.579
107955.244
107996.910
108038.578
108080.241
108121.904
108163.571
108205.235
108246.902
108288.567
108330.231
108371.898
108413.562
108455.230
108496.893
108538.560
108580.224
108621.892
108663.555
108705.220
108746.886
108788.551
108830.219
108871.883
108913.550
108955.216
108996.880
109038.555
109080.212
109121.877
109163.542
109205.208
109246.872
109288.539
109330.203
109371.869
109413.534
109455.200
109496.865
109538.532
109580.196
109621.862
109663.526
109705.193
109746.858
109788.524
109830.188
109871.854
109913.520
109955.186
109996.852
110038.522
110080.183
110121.849
110163.513
110205.178
110246.845
110288.509
110330.175
110371.839
110413.505
110455.171
110496.836
110538.503
110580.167
110621.834
110663.498
110705.164
110746.829
110788.496
110830.159
110871.826
110913.492
110955.157
110996.822
111038.492
111080.155
111121.820
111163.485
111205.158
111246.816
111288.482
111330.145
111371.813
111413.477
111455.142
111496.808
111538.475
111580.139
111621.805
111663.470
111705.135
111746.801
111788.468
111830.131
111871.798
111913.464
111955.130
111996.795
112038.468
112080.126
112121.792
112163.456
112205.122
112246.789
112288.453
112330.117
112371.782
112413.448
112455.114
112496.779
112538.445
112580.110
112621.776
112663.441
112705.107
112746.771
112788.438
112830.103
112871.769
112913.436
112955.101
112996.767
113038.439
113080.098
113121.763
113163.429
113205.094
113246.759
113288.425
113330.088
113371.756
113413.420
113455.085
113496.750
113538.417
113580.081
113621.748
113663.412
113705.078
113746.743
113788.409
113830.074
113871.740
113913.406
113955.071
113996.737
114038.407
114080.067
114121.735
114163.400
114205.067
114246.730
114288.394
114330.060
114371.725
114413.391
114455.057
114496.722
114538.389
114580.053
114621.718
114663.384
114705.049
114746.714
114788.380
114830.046
114871.713
114913.378
114955.043
114996.708
115038.382
115080.040
115121.705
115163.370
115205.037
115246.701
115288.366
115330.031
115371.696
115413.363
115455.027
115496.693
115538.359
115580.026
115621.689
115663.356
115705.016
115746.681
115788.351
115830.017
115871.682
115913.348
115955.009
115996.680
116038.352
116080.011
116121.676
116163.341
116205.008
116246.673
116288.339
116330.005
116371.669
116413.335
116454.999
116496.666
116538.331
116579.997
116621.663
116663.327
116704.992
116746.660
116788.324
116829.990
116871.654
116913.321
116954.987
116996.652
117038.321
117079.982
117121.648
117163.314
117204.980
117246.645
117288.311
117329.976
117371.641
117413.305
117454.972
117496.637
117538.303
117579.966
117621.635
117663.298
117704.965
117746.630
117788.294
117829.959
117871.626
117913.291
117954.957
117996.622
118038.295
118079.955
118121.621
118163.285
118204.952
118246.616
118288.281
118329.946
118371.612
118413.276
118454.943
118496.608
118538.273
118579.939
118621.605
118663.269
118704.935
118746.601
118788.266
118829.932
118871.598
118913.263
118954.930
118996.595
119038.265
119079.926
119121.590
119163.256
119204.922
119246.586
119288.252
119329.917
119371.584
119413.249
119454.915
119496.580
119538.245
119579.910
119621.577
119663.242
119704.908
119746.571
119788.237
119829.903
119871.570
119913.234
119954.900
119996.566
120038.237
120079.897
120121.563
120163.229
120204.895
120246.560
120288.225
120329.889
120371.554
120413.220
120454.886
120496.551
120538.218
120579.881
120621.547
120663.213
120704.878
120746.544
120788.209
120829.875
120871.541
120913.205
120954.873
120996.536
121038.210
121079.863
121121.527
121163.194
121204.860
121246.530
121288.195
121329.861
121371.527
121413.192
121454.857
121496.522
121538.188
121579.853
121621.519
121663.184
121704.851
121746.516
121788.181
121829.846
121871.511
121913.177
121954.843
121996.509
122038.180
122079.840
122121.506
122163.171
122204.836
122246.503
122288.167
122329.832
122371.499
122413.163
122454.831
122496.495
122538.159
122579.825
122621.492
122663.155
122704.822
122746.486
122788.153
122829.817
122871.482
122913.149
122954.815
122996.480
123038.153
123079.812
123121.478
123163.142
123204.808
123246.474
123288.138
123329.804
123371.469
123413.135
123454.801
123496.465
123538.131
123579.796
123621.462
123663.126
123704.792
123746.458
123788.123
123829.789
123871.454
123913.120
123954.786
123996.450
124038.119
124079.783
124121.449
124163.114
124204.780
124246.445
124288.111
124329.774
124371.441
124413.105
124454.770
124496.437
124538.104
124579.768
124621.434
124663.098
124704.765
124746.430
124788.095
124829.761
124871.425
124913.091
124954.757
124996.424
125038.095
125079.755
125121.421
125163.085
125204.752
125246.416
125288.081
125329.747
125371.412
125413.077
125454.744
125496.408
125538.074
125579.740
125621.404
125663.071
125704.735
125746.401
125788.067
125829.731
125871.397
125913.064
125954.730
125996.393
126038.070
126079.725
126121.391
126163.057
126204.723
126246.388
126288.054
126329.718
126371.384
126413.048
126454.715
126496.380
126538.046
126579.711
126621.376
126663.041
126704.706
126746.372
126788.037
126829.702
126871.368
126913.035
126954.701
126996.365
127038.039
127079.698
127121.363
127163.028
127204.694
127246.360
127288.023
127329.689
127371.355
127413.020
127454.685
127496.351
127538.017
127579.682
127621.348
127663.013
127704.680
127746.343
127788.010
127829.674
127871.342
127913.007
127954.670
127996.336
128038.012
128079.669
128121.334
128162.999
128204.664
128246.329
128287.995
128329.660
128371.327
128412.991
128454.656
128496.322
128537.988
128579.653
128621.318
128662.984
128704.649
128746.315
128787.981
128829.646
128871.311
128912.977
128954.643
128996.308
129037.979
129079.640
129121.306
129162.970
129204.638
129246.303
129287.968
129329.632
129371.298
129412.962
129454.628
129496.294
129537.960
129579.625
129621.290
129662.956
129704.620
129746.286
129787.953
129829.617
129871.282
129912.950
129954.614
129996.280
130037.952
130079.613
130121.279
130162.943
130204.610
130246.274
130287.940
130329.603
130371.270
130412.934
130454.599
130496.265
130537.932
130579.596
130621.262
130662.927
130704.593
130746.258
130787.925
130829.589
130871.255
130912.920
130954.586
130996.251
131037.923
131079.583
131121.249
131162.913
131204.579
131246.245
131287.909
131329.574
131371.242
131412.905
131454.570
131496.236
131537.901
131579.567
131621.232
131662.899
131704.566
131746.229
131787.896
131829.560
131871.227
131912.892
131954.557
131996.223
132037.897
132079.555
132121.220
132162.883
132204.552
132246.215
132287.882
132329.546
132371.212
132412.877
132454.542
132496.208
132537.874
132579.539
132621.206
132662.870
132704.536
132746.201
132787.867
132829.532
132871.199
132912.863
132954.528
132996.195
133037.867
133079.526
133121.192
133162.856
133204.523
133246.188
133287.853
133329.518
133371.184
133412.849
133454.515
133496.179
133537.844
133579.510
133621.177
133662.842
133704.508
133746.172
133787.838
133829.503
133871.170
133912.835
133954.500
133996.166
134037.838
134079.498
134121.163
134162.827
134204.495
134246.158
134287.824
134329.490
134371.155
134412.821
134454.486
134496.152
134537.816
134579.483
134621.147
134662.812
134704.478
134746.145
134787.809
134829.477
134871.142
134912.807
134954.471
134996.137
135037.810
135079.469
135121.135
135162.798
135204.467
135246.132
135287.795
135329.461
135371.128
135412.791
135454.457
135496.122
135537.789
135579.454
135621.119
135662.785
135704.450
135746.116
135787.780
135829.448
135871.113
135912.778
135954.442
135996.108
136037.782
136079.440
136121.107
136162.770
136204.438
136246.103
136287.768
136329.432
136371.099
136412.764
136454.430
136496.095
136537.759
136579.424
136621.091
136662.756
136704.422
136746.087
136787.755
136829.417
136871.084
136912.751
136954.415
136996.081
137037.753
137079.412
137121.078
137162.741
137204.409
137246.075
137287.740
137329.404
137371.071
137412.734
137454.400
137496.066
137537.730
137579.397
137621.062
137662.727
137704.394
137746.058
137787.724
137829.390
137871.055
137912.721
137954.386
137996.052
138037.722
138079.384
138121.048
138162.712
138204.381
138246.045
138287.711
138329.375
138371.041
138412.706
138454.373
138496.037
138537.704
138579.368
138621.034
138662.699
138704.364
138746.029
138787.696
138829.361
138871.026
138912.691
138954.356
138996.024
139037.695
139079.356
139121.021
139162.684
139204.351
139246.017
139287.682
139329.346
139371.013
139412.677
139454.343
139496.008
139537.674
139579.339
139621.005
139662.670
139704.337
139746.001
139787.668
139829.332
139870.998
139912.664
139954.327
139995.994
140037.666
140079.327
140120.991
140162.658
140204.323
140245.989
140287.654
140329.318
140370.983
140412.649
140454.317
140495.980
140537.647
140579.311
140620.978
140662.642
140704.307
140745.973
140787.639
140829.303
140870.968
140912.635
140954.300
140995.965
141037.642
141079.299
141120.963
141162.627
141204.295
141245.960
141287.625
141329.290
141370.956
141412.620
141454.287
141495.951
141537.617
141579.283
141620.949
141662.613
141704.279
141745.944
141787.611
141829.275
141870.941
141912.607
141954.272
141995.937
142037.611
142079.270
142120.935
142162.600
142204.266
142245.931
142287.597
142329.260
142370.928
142412.592
142454.259
142495.922
142537.589
142579.254
142620.921
142662.585
142704.252
142745.915
142787.582
142829.246
142870.913
142912.579
142954.245
142995.910
143037.582
143079.242
143120.907
143162.572
143204.237
143245.903
143287.569
143329.232
143370.900
143412.563
143454.230
143495.894
143537.558
143579.225
143620.890
143662.556
143704.222
143745.886
143787.553
143829.218
143870.884
143912.550
143954.216
143995.882
144037.555
144079.213
144120.878
144162.543
144204.209
144245.874
144287.540
144329.203
144370.871
144412.535
144454.201
144495.866
144537.532
144579.196
144620.864
144662.527
144704.194
144745.858
144787.525
144829.189
144870.856
144912.522
144954.187
144995.854
145037.519
145079.184
145120.854
145162.514
145204.178
145245.845
145287.510
145329.175
145370.842
145412.506
145454.172
145495.837
145537.504
145579.168
145620.834
145662.499
145704.166
145745.830
145787.495
145829.161
145870.829
145912.492
145954.158
145995.823
146037.497
146079.155
146120.821
146162.485
146204.151
146245.814
146287.481
146329.147
146370.811
146412.478
146454.145
146495.808
146537.475
146579.139
146620.805
146662.471
146704.135
146745.800
146787.467
146829.132
146870.797
146912.463
146954.129
146995.794
147037.465
147079.126
147120.792
147162.458
147204.124
147245.788
147287.454
147329.118
147370.785
147412.448
147454.116
147495.780
147537.446
147579.111
147620.777
147662.442
147704.107
147745.772
147787.438
147829.104
147870.770
147912.435
147954.101
147995.765
148037.438
148079.098
148120.763
148162.428
148204.093
148245.758
148287.424
148329.089
148370.756
148412.420
148454.085
148495.752
148537.417
148579.083
148620.747
148662.413
148704.078
148745.744
148787.410
148829.075
148870.741
148912.408
148954.073
148995.738
149037.412
149079.070
149120.735
149162.400
149204.066
149245.731
149287.397
149329.061
149370.727
149412.392
149454.058
149495.723
149537.388
149579.054
149620.720
149662.384
149704.051
149745.716
149787.381
149829.046
149870.713
149912.379
149954.044
149995.710
150037.382
150079.041
150120.707
150162.371
150204.038
150245.703
150287.367
150329.032
150370.700
150412.363
150454.028
150495.694
150537.359
150579.026
150620.692
150662.355
150704.022
150745.687
150787.353
150829.018
150870.684
150912.351
150954.014
150995.679
151037.359
151079.014
151120.678
151162.343
151204.008
151245.674
151287.341
151329.003
151370.670
151412.335
151454.000
151495.666
151537.332
151578.996
151620.663
151662.327
151703.993
151745.658
151787.325
151828.989
151870.655
151912.321
151953.988
151995.651
152037.324
152078.979
152120.648
152162.308
152203.973
152245.640
152287.305
152328.970
152370.636
152412.301
152453.966
152495.636
152537.297
152578.968
152620.633
152662.298
152703.964
152745.629
152787.295
152828.961
152870.627
152912.292
152953.958
152995.623
153037.299
153078.956
153120.620
153162.284
153203.952
153245.616
153287.282
153328.948
153370.613
153412.278
153453.942
153495.610
153537.275
153578.940
153620.606
153662.270
153703.935
153745.603
153787.266
153828.933
153870.598
153912.263
153953.928
153995.595
154037.268
154078.926
154120.592
154162.251
154203.923
154245.587
154287.257
154328.919
154370.583
154412.249
154453.915
154495.580
154537.244
154578.911
154620.577
154662.242
154703.906
154745.573
154787.237
154828.903
154870.571
154912.235
154953.901
154995.566
155037.236
155078.898
155120.562
155162.227
155203.893
155245.557
155287.226
155328.889
155370.556
155412.220
155453.887
155495.551
155537.217
155578.882
155620.548
155662.214
155703.878
155745.545
155787.209
155828.875
155870.541
155912.205
155953.872
155995.538
156037.211
156078.870
156120.536
156162.201
156203.866
156245.531
156287.197
156328.863
156370.528
156412.192
156453.859
156495.523
156537.191
156578.854
156620.519
156662.185
156703.852
156745.516
156787.184
156828.847
156870.512
156912.179
156953.844
156995.509
157037.181
157078.842
157120.507
157162.172
157203.838
157245.502
157287.169
157328.832
157370.499
157412.163
157453.831
157495.494
157537.159
157578.826
157620.492
157662.156
157703.823
157745.487
157787.154
157828.818
157870.485
157912.152
157953.817
157995.480
158037.155
158078.814
158120.479
158162.143
158203.809
158245.474
158287.138
158328.805
158370.469
158412.134
158453.800
158495.465
158537.131
158578.797
158620.462
158662.127
158703.793
158745.458
158787.124
158828.789
158870.457
158912.122
158953.788
158995.453
159037.125
159078.784
159120.450
159162.116
159203.780
159245.445
159287.112
159328.775
159370.441
159412.106
159453.772
159495.439
159537.104
159578.767
159620.435
159662.098
159703.764
159745.430
159787.097
159828.760
159870.428
159912.092
159953.757
159995.423
160037.095
160078.755
160120.419
160162.087
160203.750
160245.416
160287.082
160328.746
160370.413
160412.077
160453.743
160495.408
160537.075
160578.739
160620.405
160662.070
160703.735
160745.401
160787.066
160828.732
160870.398
160912.064
160953.729
160995.394
161037.069
161078.727
161120.394
161162.056
161203.723
161245.388
161287.054
161328.717
161370.384
161412.049
161453.714
161495.380
161537.045
161578.711
161620.377
161662.042
161703.706
161745.376
161787.041
161828.704
161870.370
161912.035
161953.702
161995.367
162037.040
162078.699
162120.364
162162.029
162203.694
162245.360
162287.025
162328.690
162370.356
162412.020
162453.686
162495.350
162537.017
162578.682
162620.349
162662.013
162703.679
162745.343
162787.009
162828.675
162870.341
162912.008
162953.672
162995.340
163037.009
163078.669
163120.335
163161.999
163203.667
163245.330
163286.997
163328.664
163370.327
163411.993
163453.656
163495.324
163536.988
163578.654
163620.319
163661.986
163703.651
163745.316
163786.981
163828.647
163870.312
163911.979
163953.644
163995.309
164036.984
164078.641
164120.308
164161.972
164203.637
164245.303
164286.966
164328.634
164370.298
164411.965
164453.629
164495.296
164536.960
164578.626
164620.291
164661.957
164703.623
164745.288
164786.952
164828.620
164870.283
164911.950
164953.616
164995.281
165036.955
165078.613
165120.278
165161.944
165203.608
165245.273
165286.939
165328.603
165370.270
165411.936
165453.600
165495.267
165536.932
165578.599
165620.262
165661.928
165703.594
165745.259
165786.926
165828.590
165870.254
165911.920
165953.585
165995.251
166036.926
166078.584
166120.250
166161.915
166203.580
166245.246
166286.910
166328.577
166370.242
166411.908
166453.572
166495.236
166536.903
166578.568
166620.234
166661.900
166703.565
166745.231
166786.895
166828.561
166870.226
166911.894
166953.559
166995.226
167036.898
167078.556
167120.221
167161.885
167203.550
167245.216
167286.883
167328.548
167370.212
167411.879
167453.544
167495.210
167536.874
167578.539
167620.206
167661.870
167703.535
167745.202
167786.866
167828.532
167870.197
167911.864
167953.530
167995.194
168036.867
168078.528
168120.193
168161.856
168203.521
168245.187
168286.854
168328.518
168370.183
168411.850
168453.514
168495.182
168536.845
168578.510
168620.177
168661.841
168703.507
168745.172
168786.837
168828.505
168870.168
168911.835
168953.500
168995.165
169036.840
169078.498
169120.165
169161.827
169203.492
169245.158
169286.824
169328.489
169370.155
169411.822
169453.486
169495.153
169536.818
169578.484
169620.148
169661.813
169703.478
169745.144
169786.811
169828.475
169870.140
169911.806
169953.472
169995.137
170036.809
170078.471
170120.135
170161.799
170203.464
170245.131
170286.795
170328.461
170370.128
170411.792
170453.458
170495.123
170536.790
170578.454
170620.121
170661.784
170703.450
170745.115
170786.782
170828.447
170870.113
170911.778
170953.443
170995.108
171036.782
171078.441
171120.107
171161.770
171203.435
171245.102
171286.768
171328.434
171370.098
171411.764
171453.428
171495.097
171536.761
171578.425
171620.092
171661.756
171703.420
171745.086
171786.754
171828.417
171870.085
171911.749
171953.414
171995.080
172036.754
172078.413
172120.077
172161.742
172203.408
172245.074
172286.739
172328.405
172370.069
172411.734
172453.400
172495.066
172536.730
172578.396
172620.061
172661.727
172703.392
172745.058
172786.723
172828.389
172870.055
172911.722
172953.387
172995.052
173036.724
173078.384
173120.050
173161.715
173203.379
173245.046
173286.712
173328.375
173370.041
173411.707
173453.371
173495.037
173536.702
173578.367
173620.033
173661.699
173703.363
173745.030
173786.695
173828.360
173870.026
173911.692
173953.357
173995.023
174036.696
174078.356
174120.021
174161.686
174203.350
174245.017
174286.683
174328.348
174370.013
174411.677
174453.344
174495.009
174536.674
174578.340
174620.005
174661.670
174703.335
174745.001
174786.668
174828.331
174870.000
174911.664
174953.330
174994.994
175036.669
175078.327
175119.993
175161.658
175203.323
175244.989
175286.655
175328.318
175369.984
175411.649
175453.314
175494.980
175536.646
175578.311
175619.976
175661.642
175703.308
175744.973
175786.638
175828.303
175869.969
175911.635
175953.300
175994.966
176036.639
176078.299
176119.964
176161.629
176203.295
176244.960
176286.625
176328.290
176369.955
176411.620
176453.286
176494.952
176536.617
176578.282
176619.949
176661.612
176703.279
176744.944
176786.609
176828.275
176869.941
176911.609
176953.272
176994.938
177036.612
177078.269
177119.935
177161.600
177203.267
177244.932
177286.598
177328.262
177369.927
177411.593
177453.257
177494.922
177536.588
177578.255
177619.920
177661.585
177703.252
177744.915
177786.581
177828.246
177869.913
177911.579
177953.244
177994.909
178036.581
178078.241
178119.905
178161.572
178203.238
178244.903
178286.568
178328.231
178369.897
178411.563
178453.229
178494.895
178536.560
178578.225
178619.892
178661.556
178703.223
178744.887
178786.552
178828.218
178869.885
178911.549
178953.214
178994.881
179036.555
179078.213
179119.878
179161.541
179203.208
179244.874
179286.539
179328.205
179369.869
179411.535
179453.201
179494.866
179536.531
179578.197
179619.863
179661.528
179703.195
179744.860
179786.524
179828.190
179869.857
179911.522
179953.187
179994.853
180036.525
180078.184
180119.850
180161.515
180203.181
180244.845
180286.512
180328.175
180369.841
180411.506
180453.171
180494.837
180536.503
180578.168
180619.834
180661.498
180703.164
180744.830
180786.495
180828.161
180869.828
180911.492
180953.158
180994.823
181036.499
181078.156
181119.822
181161.485
181203.152
181244.817
181286.481
181328.146
181369.814
181411.477
181453.143
181494.808
181536.474
181578.139
181619.805
181661.470
181703.136
181744.801
181786.467
181828.132
181869.799
181911.465
181953.131
181994.796
182036.468
182078.127
182119.793
182161.458
182203.124
182244.789
182286.455
182328.118
182369.784
182411.449
182453.117
182494.782
182536.448
182578.112
182619.778
182661.442
182703.108
182744.773
182786.440
182828.104
182869.771
182911.437
182953.102
182994.768
183036.438
183078.098
183119.764
183161.429
183203.095
183244.760
183286.426
183328.090
183369.756
183411.420
183453.086
183494.751
183536.417
183578.082
183619.749
183661.413
183703.080
183744.744
183786.410
183828.075
183869.742
183911.408
183953.073
183994.739
184036.407
184078.071
184119.735
184161.401
184203.066
184244.732
184286.398
184328.059
184369.727
184411.387
184453.058
184494.733
184536.389
184578.048
184619.714
184661.379
184703.045
184744.716
184786.380
184828.047
184869.714
184911.380
184953.046
184994.710
185036.383
185078.042
185119.707
185161.372
185203.038
185244.703
185286.369
185328.032
185369.698
185411.363
185453.029
185494.694
185536.360
185578.025
185619.693
185661.356
185703.022
185744.687
185786.353
185828.017
185869.685
185911.351
185953.016
185994.682
186036.356
186078.013
186119.678
186161.343
186203.009
186244.675
186286.340
186328.003
186369.670
186411.335
186453.002
186494.666
186536.331
186577.997
186619.662
186661.327
186702.994
186744.659
186786.325
186827.989
186869.657
186911.323
186952.988
186994.654
187036.326
187077.984
187119.650
187161.315
187202.980
187244.646
187286.311
187327.975
187369.641
187411.305
187452.973
187494.638
187536.302
187577.968
187619.635
187661.299
187702.966
187744.630
187786.297
187827.961
187869.628
187911.293
187952.960
187994.624
188036.290
188077.955
188119.622
188161.293
188202.952
188244.617
188286.283
188327.948
188369.612
188411.277
188452.943
188494.608
188536.274
188577.939
188619.605
188661.270
188702.935
188744.602
188786.266
188827.932
188869.600
188911.266
188952.931
188994.596
189036.265
189077.927
189119.593
189161.258
189202.923
189244.589
189286.255
189327.918
189369.583
189411.249
189452.915
189494.580
189536.245
189577.911
189619.576
189661.242
189702.908
189744.572
189786.240
189827.904
189869.570
189911.236
189952.902
189994.568
190036.239
190077.898
190119.565
190161.229
190202.895
190244.560
190286.226
190327.889
190369.555
190411.220
190452.885
190494.551
190536.217
190577.882
190619.548
190661.213
190702.879
190744.544
190786.209
190827.875
190869.543
190911.208
190952.873
190994.539
191036.210
191077.870
191119.536
191161.201
191202.866
191244.532
191286.198
191327.861
191369.526
191411.191
191452.858
191494.522
191536.188
191577.854
191619.519
191661.185
191702.850
191744.515
191786.181
191827.847
191869.514
191911.179
191952.845
191994.510
192036.182
192077.841
192119.507
192161.172
192202.838
192244.503
192286.169
192327.832
192369.498
192411.163
192452.829
192494.494
192536.160
192577.825
192619.491
192661.156
192702.821
192744.487
192786.152
192827.818
192869.486
192911.152
192952.817
192994.482
193036.155
193077.813
193119.478
193161.142
193202.809
193244.474
193286.140
193327.805
193369.470
193411.136
193452.800
193494.468
193536.132
193577.797
193619.462
193661.128
193702.792
193744.458
193786.123
193827.790
193869.456
193911.121
193952.785
193994.452
194036.140
194077.785
194119.450
194161.115
194202.781
194244.446
194286.111
194327.778
194369.441
194411.108
194452.772
194494.439
194536.103
194577.770
194619.434
194661.100
194702.764
194744.431
194786.095
194827.762
194869.427
194911.093
194952.758
194994.424
195036.094
195077.756
195119.421
195161.087
195202.752
195244.417
195286.082
195327.749
195369.412
195411.078
195452.743
195494.409
195536.074
195577.740
195619.406
195661.071
195702.736
195744.402
195786.067
195827.735
195869.398
195911.064
195952.730
195994.396
196036.067
196077.726
196119.393
196161.056
196202.723
196244.387
196286.053
196327.718
196369.385
196411.050
196452.715
196494.380
196536.046
196577.713
196619.377
196661.044
196702.707
196744.374
196786.038
196827.706
196869.371
196911.037
196952.702
196994.368
197036.033
197077.699
197119.364
197161.030
197202.693
197244.360
197286.025
197327.691
197369.355
197411.022
197452.686
197494.353
197536.016
197577.684
197619.348
197661.015
197702.679
197744.346
197786.009
197827.677
197869.343
197911.008
197952.673
197994.339
198036.011
198077.672
198119.336
198161.002
198202.666
198244.330
198285.996
198327.663
198369.326
198410.994
198452.657
198494.326
198535.989
198577.656
198619.319
198660.987
198702.650
198744.317
198785.981
198827.649
198869.313
198910.980
198952.644
198994.310
199035.981
199077.641
199119.308
199160.972
199202.638
199244.302
199285.969
199327.635
199369.299
199410.963
199452.629
199494.295
199535.960
199577.627
199619.291
199660.956
199702.622
199744.287
199785.952
199827.619
199869.283
199910.949
199952.615
199994.280
200035.954
200077.613
200119.278
200160.943
200202.609
200244.273
200285.940
200327.606
200369.270
200410.936
200452.600
200494.268
200535.931
200577.599
200619.262
200660.927
200702.593
200744.260
200785.926
200827.589
200869.255
200910.922
200952.587
200994.253
201035.926
201077.583
201119.249
201160.915
201202.581
201244.246
201285.911
201327.578
201369.242
201410.906
201452.572
201494.238
201535.902
201577.569
201619.234
201660.900
201702.564
201744.231
201785.895
201827.561
201869.227
201910.893
201952.559
201994.224
202035.898
202077.556
202119.221
202160.886
202202.552
202244.215
202285.882
202327.548
202369.211
202410.878
202452.544
202494.210
202535.873
202577.539
202619.205
202660.870
202702.535
202744.202
202785.867
202827.532
202869.198
202910.864
202952.531
202994.196
203035.868
203077.528
203119.192
203160.858
203202.524
203244.188
203285.855
203327.519
203369.184
203410.849
203452.514
203494.181
203535.845
203577.512
203619.176
203660.842
203702.509
203744.174
203785.839
203827.506
203869.169
203910.836
203952.502
203994.167
204035.839
204077.498
204119.163
204160.829
204202.495
204244.159
204285.826
204327.490
204369.155
204410.821
204452.485
204494.153
204535.817
204577.482
204619.147
204660.812
204702.479
204744.144
204785.809
204827.476
204869.140
204910.807
204952.471
204994.137
205035.810
205077.469
205119.136
205160.800
205202.465
205244.130
205285.796
205327.463
205369.126
205410.794
205452.457
205494.123
205535.788
205577.454
205619.118
205660.784
205702.449
205744.117
205785.780
205827.446
205869.113
205910.777
205952.442
205994.110
206035.783
206077.441
206119.107
206160.771
206202.437
206244.100
206285.768
206327.433
206369.097
206410.763
206452.429
206494.095
206535.761
206577.425
206619.090
206660.756
206702.420
206744.086
206785.753
206827.419
206869.084
206910.750
206952.415
206994.082
207035.753
207077.413
207119.080
207160.743
207202.409
207244.072
207285.739
207327.406
207369.069
207410.736
207452.399
207494.066
207535.731
207577.396
207619.063
207660.727
207702.393
207744.058
207785.723
207827.389
207869.055
207910.721
207952.387
207994.052
208035.727
208077.384
208119.050
208160.714
208202.381
208244.043
208285.711
208327.377
208369.040
208410.707
208452.371
208494.039
208535.702
208577.368
208619.033
208660.699
208702.364
208744.029
208785.695
208827.360
208869.027
208910.694
208952.359
208994.024
209035.697
209077.356
209119.021
209160.685
209202.352
209244.015
209285.681
209327.347
209369.012
209410.678
209452.342
209494.010
209535.675
209577.341
209619.006
209660.671
209702.335
209744.001
209785.666
209827.333
209868.997
209910.663
209952.331
209993.994
210035.667
210077.326
210118.991
210160.656
210202.321
210243.987
210285.653
210327.318
210368.982
210410.648
210452.314
210493.982
210535.646
210577.313
210618.977
210660.641
210702.308
210743.972
210785.639
210827.305
210868.968
210910.635
210952.300
210993.968
211035.640
211077.298
211118.963
211160.629
211202.295
211243.960
211285.625
211327.292
211368.955
211410.622
211452.286
211493.953
211535.616
211577.284
211618.948
211660.615
211702.278
211743.946
211785.609
211827.277
211868.940
211910.607
211952.273
211993.939
212035.609
212077.269
212118.935
212160.600
212202.266
212243.932
212285.599
212327.265
212368.926
212410.594
212452.258
212493.924
212535.588
212577.255
212618.919
212660.587
212702.250
212743.918
212785.581
212827.248
212868.912
212910.579
212952.245
212993.910
213035.581
213077.242
213118.907
213160.570
213202.237
213243.903
213285.568
213327.233
213368.897
213410.565
213452.230
213493.896
213535.559
213577.226
213618.891
213660.558
213702.221
213743.888
213785.552
213827.220
213868.885
213910.551
213952.216
213993.881
214035.552
214077.212
214118.878
214160.544
214202.208
214243.875
214285.540
214327.206
214368.869
214410.536
214452.200
214493.868
214535.531
214577.198
214618.862
214660.529
214702.193
214743.860
214785.524
214827.191
214868.856
214910.522
214952.188
214993.853
215035.525
215077.184
215118.850
215160.515
215202.181
215243.845
215285.511
215327.177
215368.840
215410.508
215452.172
215493.839
215535.497
215577.164
215618.828
215660.495
215702.159
215743.831
215785.490
215827.162
215868.821
215910.491
215952.152
215993.822
216035.491
216077.148
216118.818
216160.486
216202.153
216243.817
216285.480
216327.149
216368.811
216410.479
216452.143
216493.810
216535.474
216577.141
216618.804
216660.472
216702.135
216743.802
216785.466
216827.134
216868.799
216910.465
216952.130
216993.795
217035.467
217077.126
217118.792
217160.458
217202.123
217243.789
217285.454
217327.120
217368.783
217410.451
217452.113
217493.782
217535.445
217577.112
217618.776
217660.444
217702.107
217743.774
217785.438
217827.105
217868.771
217910.436
217952.102
217993.767
218035.435
218077.098
218118.763
218160.429
218202.095
218243.760
218285.426
218327.092
218368.754
218410.421
218452.086
218493.753
218535.418
218577.084
218618.747
218660.414
218702.078
218743.746
218785.409
218827.077
218868.742
218910.407
218952.073
218993.738
219035.411
219077.070
219118.734
219160.401
219202.066
219243.731
219285.397
219327.060
219368.725
219410.391
219452.058
219493.722
219535.388
219577.053
219618.719
219660.384
219702.052
219743.715
219785.381
219827.046
219868.714
219910.379
219952.044
219993.710
220035.384
220077.041
220118.707
220160.372
220202.038
220243.703
220285.368
220327.032
220368.697
220410.362
220452.028
220493.693
220535.359
220577.025
220618.690
220660.356
220702.021
220743.686
220785.352
220827.018
220868.683
220910.350
220952.015
220993.681
221035.360
221077.012
221118.676
221160.342
221202.008
221243.674
221285.339
221327.003
221368.668
221410.334
221452.001
221493.665
221535.332
221576.995
221618.663
221660.327
221701.992
221743.657
221785.323
221826.988
221868.656
221910.321
221951.985
221993.651
222035.325
222076.983
222118.649
222160.313
222201.979
222243.644
222285.310
222326.974
222368.639
222410.305
222451.971
222493.636
222535.303
222576.967
222618.635
222660.299
222701.963
222743.629
222785.295
222826.960
222868.627
222910.291
222951.956
222993.622
223035.298
223076.954
223118.621
223160.285
223201.952
223243.616
223285.282
223326.945
223368.613
223410.276
223451.941
223493.607
223535.273
223576.938
223618.605
223660.270
223701.936
223743.601
223785.265
223826.931
223868.599
223910.263
223951.928
223993.594
224035.268
224076.926
224118.592
224160.257
224201.922
224243.588
224285.253
224326.917
224368.583
224410.248
224451.915
224493.579
224535.246
224576.911
224618.576
224660.241
224701.907
224743.572
224785.238
224826.904
224868.569
224910.234
224951.900
224993.565
225035.241
225076.897
225118.563
225160.228
225201.895
225243.558
225285.225
225326.888
225368.554
225410.220
225451.885
225493.550
225535.216
225576.881
225618.548
225660.213
225701.877
225743.543
225785.208
225826.874
225868.539
225910.205
225951.871
225993.537
226035.214
226076.869
226118.535
226160.200
226201.866
226243.531
226285.196
226326.861
226368.527
226410.191
226451.858
226493.524
226535.187
226576.853
226618.518
226660.184
226701.849
226743.517
226785.180
226826.846
226868.511
226910.176
226951.843
226993.510
227035.180
227076.841
227118.506
227160.170
227201.836
227243.501
227285.168
227326.834
227368.499
227410.164
227451.828
227493.495
227535.159
227576.825
227618.490
227660.156
227701.821
227743.488
227785.153
227826.818
227868.485
227910.147
227951.813
227993.479
228035.155
228076.812
228118.477
228160.141
228201.806
228243.473
228285.139
228326.804
228368.470
228410.135
228451.800
228493.467
228535.132
228576.798
228618.461
228660.128
228701.793
228743.460
228785.123
228826.791
228868.456
228910.121
228951.787
228993.452
229035.125
229076.783
229118.447
229160.113
229201.779
229243.445
229285.111
229326.777
229368.441
229410.107
229451.771
229493.438
229535.103
229576.769
229618.433
229660.100
229701.764
229743.432
229785.096
229826.760
229868.427
229910.091
229951.759
229993.425
230035.094
230076.755
230118.420
230160.084
230201.752
230243.416
230285.081
230326.748
230368.412
230410.078
230451.743
230493.413
230535.074
230576.740
230618.404
230660.070
230701.735
230743.402
230785.066
230826.732
230868.398
230910.063
230951.728
230993.394
231035.074
231076.726
231118.390
231160.057
231201.722
231243.386
231285.053
231326.719
231368.385
231410.049
231451.714
231493.381
231535.046
231576.711
231618.377
231660.041
231701.708
231743.372
231785.038
231826.702
231868.370
231910.034
231951.701
231993.365
232035.050
232076.698
232118.363
232160.028
232201.696
232243.357
232285.026
232326.690
232368.356
232410.020
232451.685
232493.352
232535.016
232576.684
232618.348
232660.013
232701.679
232743.345
232785.009
232826.676
232868.342
232910.005
232951.672
232993.337
233035.010
233076.670
233118.335
233160.000
233201.666
233243.331
233284.995
233326.662
233368.329
233409.992
233451.656
233493.322
233534.988
233576.653
233618.319
233659.985
233701.651
233743.315
233784.980
233826.646
233868.311
233909.977
233951.642
233993.308
234034.983
234076.641
234118.307
234159.972
234201.637
234243.302
234284.967
234326.631
234368.298
234409.963
234451.629
234493.294
234534.960
234576.626
234618.290
234659.957
234701.622
234743.286
234784.952
234826.618
234868.285
234909.949
234951.615
234993.280
235034.954
235076.612
235118.278
235159.943
235201.609
235243.275
235284.939
235326.605
235368.268
235409.935
235451.600
235493.269
235534.931
235576.598
235618.261
235659.927
235701.591
235743.258
235784.924
235826.589
235868.255
235909.921
235951.585
235993.251
236034.925
236076.584
236118.247
236159.914
236201.578
236243.245
236284.909
236326.575
236368.241
236409.905
236451.570
236493.237
236534.901
236576.569
236618.232
236659.899
236701.563
236743.231
236784.894
236826.561
236868.227
236909.891
236951.557
236993.222
237034.899
237076.555
237118.221
237159.886
237201.551
237243.217
237284.882
237326.548
237368.211
237409.878
237451.542
237493.209
237534.873
237576.539
237618.204
237659.870
237701.535
237743.201
237784.866
237826.532
237868.198
237909.864
237951.530
237993.195
238034.869
238076.526
238118.193
238159.857
238201.523
238243.188
238284.853
238326.519
238368.185
238409.850
238451.515
238493.179
238534.845
238576.511
238618.176
238659.842
238701.507
238743.172
238784.838
238826.504
238868.169
238909.835
238951.500
238993.166
239034.840
239076.498
239118.163
239159.827
239201.494
239243.159
239284.825
239326.491
239368.155
239409.821
239451.486
239493.152
239534.815
239576.481
239618.148
239659.813
239701.479
239743.143
239784.809
239826.477
239868.141
239909.807
239951.472
239993.137
240034.810
240076.470
240118.134
240159.800
240201.465
240243.131
240284.796
240326.462
240368.126
240409.791
240451.456
240493.124
240534.787
240576.453
240618.120
240659.784
240701.450
240743.116
240784.781
240826.447
240868.113
240909.779
240951.444
240993.109
241034.783
241076.441
241118.106
241159.770
241201.436
241243.100
241284.768
241326.431
241368.097
241409.762
241451.428
241493.093
241534.760
241576.424
241618.089
241659.755
241701.421
241743.086
241784.752
241826.417
241868.083
241909.750
241951.415
241993.080
242034.757
242076.413
242118.077
242159.742
242201.406
242243.072
242284.739
242326.403
242368.068
242409.735
242451.399
242493.067
242534.730
242576.398
242618.061
242659.727
242701.392
242743.058
242784.724
242826.388
242868.055
242909.720
242951.386
242993.050
243034.729
243076.384
243118.049
243159.714
243201.380
243243.044
243284.710
243326.376
243368.041
243409.706
243451.370
243493.038
243534.703
243576.369
243618.032
243659.699
243701.363
243743.030
243784.695
243826.362
243868.026
243909.692
243951.357
243993.021
244034.698
244076.354
244118.021
244159.685
244201.351
244243.016
244284.682
244326.347
244368.012
244409.679
244451.342
244493.012
244534.674
244576.340
244618.005
244659.672
244701.336
244743.002
244784.669
244826.333
244867.999
244909.662
244951.328
244992.995
245034.672
245076.326
245117.992
245159.657
245201.323
245242.988
245284.654
245326.319
245367.984
245409.650
245451.315
245492.981
245534.646
245576.312
245617.976
245659.642
245701.308
245742.973
245784.639
245826.304
245867.971
245909.636
245951.299
245992.966
246034.650
246076.297
246117.961
246159.626
246201.292
246242.958
246284.625
246326.289
246367.955
246409.621
246451.286
246492.955
246534.617
246576.282
246617.946
246659.613
246701.278
246742.944
246784.604
246826.274
246867.934
246909.600
246951.271
246992.930
247034.607
247076.269
247117.927
247159.598
247201.260
247242.924
247284.594
247326.255
247367.925
247409.590
247451.258
247492.924
247534.588
247576.254
247617.919
247659.586
247701.250
247742.917
247784.581
247826.247
247867.912
247909.578
247951.244
247992.909
248034.583
248076.240
248117.906
248159.571
248201.236
248242.902
248284.567
248326.232
248367.898
248409.564
248451.229
248492.895
248534.561
248576.226
248617.891
248659.558
248701.222
248742.888
248784.553
248826.257
248867.884
248909.550
248951.215
248992.881
249034.551
249076.211
249117.878
249159.543
249201.208
249242.874
249284.538
249326.205
249367.870
249409.536
249451.201
249492.866
249534.532
249576.236
249617.863
249659.559
249701.194
249742.882
249784.525
249826.208
249867.856
249909.521
249951.186
249992.852
250034.524
250076.183
250117.848
250159.514
250201.180
250242.845
250284.510
250326.175
250367.840
250409.507
250451.171
250492.837
250534.503
250576.168
250617.833
250659.500
250701.164
250742.831
250784.495
250826.161
250867.827
250909.493
250951.158
250992.823
251034.497
251076.156
251117.821
251159.485
251201.150
251242.817
251284.482
251326.147
251367.811
251409.476
251451.142
251492.809
251534.473
251576.139
251617.803
251659.469
251701.134
251742.803
251784.466
251826.131
251867.797
251909.463
251951.128
251992.793
252034.470
252076.127
252117.791
252159.457
252201.122
252242.788
252284.453
252326.117
252367.782
252409.448
252451.113
252492.780
252534.444
252576.110
252617.775
252659.441
252701.106
252742.773
252784.438
252826.104
252867.770
252909.434
252951.100
252992.765
253034.437
253076.097
253117.763
253159.428
253201.094
253242.757
253284.425
253326.090
253367.754
253409.421
253451.087
253492.752
253534.416
253576.083
253617.748
253659.414
253701.079
253742.744
253784.409
253826.076
253867.741
253909.407
253951.072
253992.737
254034.410
254076.070
254117.734
254159.399
254201.065
254242.730
254284.394
254326.062
254367.727
254409.393
254451.058
254492.723
254534.389
254576.055
254617.720
254659.386
254701.051
254742.717
254784.380
254826.047
254867.713
254909.378
254951.044
254992.709
255034.383
255076.040
255117.707
255159.372
255201.037
255242.702
255284.367
255326.032
255367.696
255409.364
255451.028
255492.695
255534.359
255576.026
255617.690
255659.357
255701.021
255742.688
255784.352
255826.019
255867.684
255909.350
255951.015
255992.681
256034.353
256076.012
256117.678
256159.343
256201.008
256242.673
256284.338
256326.002
256367.668
256409.335
256450.999
256492.665
256534.332
256575.997
256617.662
256659.326
256700.991
256742.657
256784.322
256825.990
256867.655
256909.321
256950.986
256992.652
257034.324
257075.983
257117.647
257159.313
257200.979
257242.645
257284.310
257325.977
257367.640
257409.305
257450.972
257492.637
257534.302
257575.968
257617.632
257659.299
257700.963
257742.629
257784.294
257825.960
257867.626
257909.291
257950.958
257992.622
258034.296
258075.955
258117.619
258159.285
258200.951
258242.617
258284.281
258325.948
258367.612
258409.278
258450.942
258492.608
258534.274
258575.940
258617.604
258659.269
258700.934
258742.601
258784.268
258825.931
258867.598
258909.264
258950.927
258992.594
259034.268
259075.926
259117.591
259159.256
259200.921
259242.587
259284.252
259325.920
259367.582
259409.249
259450.913
259492.581
259534.245
259575.911
259617.576
259659.241
259700.908
259742.573
259784.237
259825.903
259867.570
259909.235
259950.901
259992.566
260034.240
260075.897
260117.564
260159.228
260200.894
260242.558
260284.224
260325.889
260367.555
260409.222
260450.887
260492.552
260534.216
260575.882
260617.548
260659.214
260700.877
260742.545
260784.210
260825.876
260867.541
260909.207
260950.870
260992.536
261034.213
261075.868
261117.533
261159.198
261200.865
261242.531
261284.196
261325.863
261367.526
261409.192
261450.857
261492.522
261534.188
261575.854
261617.518
261659.185
261700.854
261742.516
261784.180
261825.847
261867.512
261909.178
261950.844
261992.509
262034.182
262075.840
262117.505
262159.183
262200.837
262242.503
262284.167
262325.833
262367.497
262409.163
262450.828
262492.493
262534.161
262575.825
262617.501
262659.155
262700.823
262742.487
262784.152
262825.817
262867.482
262909.150
262950.814
262992.480
263034.155
263075.826
263117.478
263159.143
263200.809
263242.473
263284.137
263325.803
263367.470
263409.135
263450.799
263492.467
263534.130
263575.797
263617.462
263659.128
263700.792
263742.458
263784.123
263825.789
263867.454
263909.121
263950.786
263992.452
264034.129
264075.783
264117.449
264159.112
264200.779
264242.445
264284.111
264325.776
264367.439
264409.107
264450.771
264492.438
264534.102
264575.770
264617.432
264659.100
264700.764
264742.431
264784.095
264825.762
264867.426
264909.093
264950.759
264992.424
265034.097
265075.754
265117.421
265159.085
265200.750
265242.415
265284.081
265325.747
265367.412
265409.078
265450.742
265492.409
265534.073
265575.739
265617.405
265659.070
265700.735
265742.401
265784.066
265825.732
265867.397
265909.064
265950.729
265992.396
266034.071
266075.726
266117.392
266159.056
266200.723
266242.386
266284.051
266325.719
266367.383
266409.050
266450.714
266492.384
266534.047
266575.713
266617.376
266659.043
266700.708
266742.374
266784.040
266825.703
266867.370
266909.036
266950.700
266992.364
267034.039
267075.698
267117.364
267159.029
267200.695
267242.360
267284.025
267325.691
267367.358
267409.022
267450.686
267492.357
267534.016
267575.683
267617.350
267659.014
267700.678
267742.344
267784.010
267825.675
267867.339
267909.006
267950.672
267992.336
268034.013
268075.670
268117.335
268159.000
268200.666
268242.332
268283.996
268325.662
268367.326
268408.992
268450.657
268492.324
268533.988
268575.655
268617.320
268658.985
268700.651
268742.316
268783.982
268825.647
268867.312
268908.979
268950.643
268992.309
269033.987
269075.641
269117.306
269158.972
269200.637
269242.303
269283.968
269325.634
269367.299
269408.963
269450.630
269492.296
269533.960
269575.626
269617.291
269658.956
269700.622
269742.288
269783.952
269825.618
269867.284
269908.949
269950.615
269992.280
270033.963
270075.612
270117.278
270158.944
270200.609
270242.274
270283.938
270325.605
270367.269
270408.934
270450.600
270492.267
270533.931
270575.597
270617.262
270658.928
270700.592
270742.259
270783.924
270825.591
270867.255
270908.920
270950.587
270992.252
271033.929
271075.584
271117.249
271158.914
271200.580
271242.245
271283.911
271325.578
271367.240
271408.906
271450.571
271492.237
271533.903
271575.569
271617.233
271658.901
271700.564
271742.231
271783.895
271825.562
271867.227
271908.893
271950.557
271992.224
272033.898
272075.555
272117.221
272158.886
272200.552
272242.217
272283.883
272325.549
272367.212
272408.879
272450.543
272492.210
272533.874
272575.541
272617.205
272658.872
272700.536
272742.203
272783.867
272825.534
272867.197
272908.865
272950.528
272992.196
273033.873
273075.527
273117.192
273158.858
273200.524
273242.189
273283.854
273325.520
273367.185
273408.849
273450.516
273492.181
273533.847
273575.512
273617.177
273658.841
273700.509
273742.175
273783.840
273825.503
273867.171
273908.834
273950.502
273992.165
274033.842
274075.498
274117.164
274158.827
274200.494
274242.160
274283.825
274325.490
274367.157
274408.820
274450.488
274492.156
274533.818
274575.483
274617.150
274658.813
274700.480
274742.144
274783.811
274825.476
274867.142
274908.806
274950.473
274992.137
275033.812
275075.470
275117.133
275158.799
275200.464
275242.130
275283.795
275325.464
275367.126
275408.792
275450.457
275492.123
275533.788
275575.453
275617.120
275658.784
275700.449
275742.116
275783.781
275825.446
275867.114
275908.777
275950.444
275992.108
276033.785
276075.441
276117.105
276158.769
276200.436
276242.100
276283.767
276325.432
276367.099
276408.763
276450.430
276492.095
276533.760
276575.424
276617.092
276658.756
276700.422
276742.087
276783.753
276825.417
276867.083
276908.749
276950.416
276992.080
277033.756
277075.412
277117.077
277158.743
277200.410
277242.073
277283.737
277325.405
277367.069
277408.734
277450.401
277492.065
277533.732
277575.396
277617.063
277658.729
277700.393
277742.059
277783.726
277825.389
277867.056
277908.722
277950.387
277992.052
278033.731
278075.383
278117.048
278158.713
278200.379
278242.045
278283.709
278325.374
278367.040
278408.705
278450.372
278492.037
278533.703
278575.368
278617.033
278658.698
278700.364
278742.029
278783.695
278825.360
278867.026
278908.691
278950.359
278992.022
279033.698
279075.355
279117.020
279158.686
279200.352
279242.017
279283.676
279325.341
279367.007
279408.678
279450.338
279492.004
279533.668
279575.334
279617.000
279658.665
279700.331
279741.996
279783.667
279825.327
279866.998
279908.663
279950.329
279991.995
280033.672
280075.328
280116.992
280158.656
280200.322
280241.987
280283.652
280325.319
280366.983
280408.648
280450.315
280491.981
280533.647
280575.311
280616.976
280658.643
280700.307
280741.974
280783.638
280825.304
280866.969
280908.635
280950.300
280991.966
281033.645
281075.299
281116.965
281158.629
281200.295
281241.960
281283.626
281325.291
281366.955
281408.622
281450.285
281491.960
281533.617
281575.284
281616.948
281658.615
281700.279
281741.945
281783.609
281825.277
281866.940
281908.608
281950.271
281991.939
282033.611
282075.270
282116.936
282158.601
282200.266
282241.931
282283.597
282325.262
282366.928
282408.592
282450.258
282491.923
282533.591
282575.254
282616.921
282658.584
282700.252
282741.916
282783.582
282825.247
282866.914
282908.578
282950.245
282991.909
283033.580
283075.258
283116.906
283158.572
283200.238
283241.903
283283.567
283325.233
283366.899
283408.563
283450.230
283491.895
283533.560
283575.224
283616.891
283658.556
283700.221
283741.886
283783.554
283825.217
283866.885
283908.548
283950.214
283991.879
284033.554
284075.213
284116.877
284158.542
284200.209
284241.873
284283.539
284325.206
284366.870
284408.534
284450.201
284491.866
284533.531
284575.196
284616.864
284658.529
284700.193
284741.859
284783.525
284825.190
284866.855
284908.521
284950.188
284991.851
285033.520
285075.183
285116.849
285158.515
285200.179
285241.844
285283.511
285325.175
285366.841
285408.507
285450.172
285491.837
285533.503
285575.167
285616.833
285658.499
285700.166
285741.830
285783.496
285825.161
285866.826
285908.491
285950.159
285991.823
286033.498
286075.156
286116.823
286158.485
286200.151
286241.815
286283.483
286325.147
286366.812
286408.478
286450.144
286491.808
286533.475
286575.139
286616.806
286658.471
286700.137
286741.801
286783.467
286825.132
286866.798
286908.463
286950.129
286991.794
287033.469
287075.127
287116.792
287158.457
287200.123
287241.788
287283.453
287325.119
287366.784
287408.449
287450.114
287491.782
287533.447
287575.111
287616.777
287658.441
287700.108
287741.774
287783.440
287825.106
287866.769
287908.436
287950.100
287991.766
288033.442
288075.099
288116.765
288158.429
288200.094
288241.759
288283.424
288325.089
288366.754
288408.421
288450.085
288491.752
288533.417
288575.084
288616.748
288658.415
288700.079
288741.746
288783.411
288825.076
288866.740
288908.406
288950.072
288991.737
289033.410
289075.071
289116.735
289158.399
289200.066
289241.732
289283.396
289325.061
289366.727
289408.392
289450.059
289491.724
289533.390
289575.054
289616.720
289658.384
289700.050
289741.716
289783.381
289825.048
289866.713
289908.379
289950.042
289991.708
290033.384
290075.041
290116.706
290158.373
290200.038
290241.703
290283.369
290325.034
290366.700
290408.364
290450.028
290491.696
290533.361
290575.026
290616.692
290658.357
290700.022
290741.687
290783.353
290825.019
290866.685
290908.349
290950.016
290991.680
291033.356
291075.014
291116.678
291158.344
291200.011
291241.674
291283.340
291325.006
291366.672
291408.335
291450.002
291491.666
291533.334
291574.997
291616.664
291658.328
291699.993
291741.658
291783.326
291824.990
291866.657
291908.321
291949.986
291991.651
292033.327
292074.984
292116.649
292158.315
292199.980
292241.645
292283.312
292324.977
292366.641
292408.306
292449.972
292491.638
292533.303
292574.970
292616.636
292658.301
292699.964
292741.630
292783.295
292824.961
292866.627
292908.292
292949.958
292991.625
293033.316
293074.968
293116.622
293158.288
293199.952
293241.617
293283.282
293324.947
293366.613
293408.278
293449.945
293491.609
293533.274
293574.940
293616.606
293658.271
293699.937
293741.603
293783.268
293824.933
293866.598
293908.264
293949.930
293991.595
294033.271
294074.928
294116.593
294158.256
294199.922
294241.588
294283.256
294324.920
294366.584
294408.250
294449.916
294491.583
294533.247
294574.911
294616.578
294658.243
294699.907
294741.575
294783.239
294824.904
294866.571
294908.235
294949.902
294991.567
295033.239
295074.899
295116.564
295158.230
295199.894
295241.559
295283.227
295324.892
295366.556
295408.222
295449.888
295491.557
295533.218
295574.883
295616.549
295658.214
295699.880
295741.546
295783.210
295824.877
295866.541
295908.207
295949.872
295991.538
296033.213
296074.870
296116.536
296158.201
296199.867
296241.530
296283.198
296324.863
296366.527
296408.193
296449.860
296491.525
296533.188
296574.854
296616.521
296658.187
296699.853
296741.518
296783.182
296824.849
296866.513
296908.180
296949.846
296991.508
297033.185
297074.842
297116.506
297158.173
297199.837
297241.503
297283.167
297324.835
297366.500
297408.165
297449.831
297491.496
297533.162
297574.827
297616.492
297658.157
297699.823
297741.488
297783.155
297824.821
297866.485
297908.150
297949.817
297991.482
298033.155
298074.813
298116.477
298158.143
298199.810
298241.476
298283.139
298324.806
298366.471
298408.137
298449.803
298491.469
298533.132
298574.797
298616.463
298658.129
298699.795
298741.459
298783.126
298824.790
298866.457
298908.121
298949.787
298991.452
299033.130
299074.785
299116.451
299158.116
299199.781
299241.446
299283.112
299324.778
299366.443
299408.107
299449.773
299491.438
299533.104
299574.770
299616.436
299658.101
299699.766
299741.430
299783.097
299824.762
299866.428
299908.092
299949.759
299991.423
300033.098
300074.757
300116.423
300158.088
300199.753
300241.418
300283.084
300324.749
300366.415
300408.079
300449.744
300491.411
300533.076
300574.741
300616.407
300658.072
300699.738
300741.402
300783.070
300824.733
300866.399
300908.064
300949.729
300991.395
301033.073
301074.728
301116.392
301158.059
301199.725
301241.389
301283.054
301324.721
301366.386
301408.051
301449.718
301491.382
301533.046
301574.713
301616.379
301658.043
301699.709
301741.376
301783.041
301824.706
301866.370
301908.036
301949.702
301991.366
302033.041
302074.698
302116.365
302158.029
302199.695
302241.360
302283.026
302324.694
302366.357
302408.022
302449.686
302491.352
302533.017
302574.684
302616.351
302658.016
302699.681
302741.347
302783.011
302824.678
302866.342
302908.008
302949.673
302991.338
303033.015
303074.675
303116.337
303158.002
303199.668
303241.333
303282.998
303324.665
303366.330
303407.993
303449.660
303491.324
303532.989
303574.655
303616.322
303657.986
303699.653
303741.317
303782.985
303824.650
303866.316
303907.981
303949.648
303991.313
304032.978
304074.648
304116.308
304157.974
304199.639
304241.304
304282.970
304324.636
304366.300
304407.965
304449.630
304491.301
304532.962
304574.627
304616.291
304657.958
304699.623
304741.289
304782.954
304824.620
304866.285
304907.951
304949.615
304991.283
305032.955
305074.614
305116.279
305157.945
305199.612
305241.275
305282.941
305324.608
305366.270
305407.936
305449.602
305491.269
305532.935
305574.600
305616.264
305657.930
305699.595
305741.261
305782.926
305824.591
305866.257
305907.923
305949.587
305991.254
306032.931
306074.585
306116.251
306157.917
306199.582
306241.247
306282.913
306324.578
306366.244
306407.908
306449.573
306491.244
306532.905
306574.570
306616.235
306657.900
306699.567
306741.232
306782.898
306824.563
306866.227
306907.893
306949.558
306991.225
307032.900
307074.557
307116.222
307157.888
307199.554
307241.219
307282.885
307324.550
307366.216
307407.881
307449.547
307491.212
307532.877
307574.541
307616.208
307657.872
307699.540
307741.203
307782.869
307824.533
307866.202
307907.864
307949.531
307991.196
308032.874
308074.528
308116.192
308157.857
308199.525
308241.190
308282.855
308324.521
308366.187
308407.851
308449.516
308491.184
308532.848
308574.513
308616.178
308657.843
308699.509
308741.174
308782.840
308824.505
308866.173
308907.836
308949.501
308991.168
309032.840
309074.501
309116.165
309157.829
309199.496
309241.162
309282.828
309324.493
309366.158
309407.823
309449.487
309491.153
309532.818
309574.484
309616.150
309657.815
309699.480
309741.146
309782.812
309824.477
309866.143
309907.808
309949.473
309991.140
310032.814
310074.471
310116.137
310157.801
310199.468
310241.133
310282.799
310324.464
310366.129
310407.793
310449.459
310491.127
310532.785
310574.451
310616.115
310657.782
310699.452
310741.112
310782.782
310824.449
310866.110
310907.779
310949.446
310991.110
311032.782
311074.443
311116.107
311157.772
311199.439
311241.104
311282.769
311324.437
311366.100
311407.765
311449.431
311491.101
311532.763
311574.429
311616.092
311657.759
311699.423
311741.090
311782.755
311824.421
311866.086
311907.751
311949.417
311991.083
312032.759
312074.414
312116.080
312157.746
312199.410
312241.076
312282.742
312324.407
312366.072
312407.738
312449.404
312491.072
312532.734
312574.399
312616.064
312657.730
312699.395
312741.062
312782.726
312824.392
312866.057
312907.723
312949.388
312991.053
313032.734
313074.389
313116.052
313157.716
313199.382
313241.048
313282.714
313324.379
313366.044
313407.708
313449.373
313491.042
313532.705
313574.372
313616.035
313657.702
313699.366
313741.032
313782.698
313824.363
313866.029
313907.695
313949.358
313991.025
314032.701
314074.358
314116.023
314157.688
314199.355
314241.018
314282.685
314324.351
314366.015
314407.679
314449.346
314491.012
314532.678
314574.341
314616.007
314657.672
314699.339
314741.003
314782.668
314824.334
314865.999
314907.665
314949.331
314990.996
315032.692
315074.329
315115.995
315157.660
315199.326
315240.991
315282.655
315324.321
315365.986
315407.652
315449.318
315490.986
315532.650
315574.314
315615.979
315657.644
315699.310
315740.976
315782.640
315824.307
315865.972
315907.637
315949.302
315990.967
316032.642
316074.301
316115.966
316157.630
316199.297
316240.962
316282.628
316324.292
316365.959
316407.624
316449.288
316490.956
316532.619
316574.284
316615.949
316657.616
316699.280
316740.947
316782.612
316824.278
316865.943
316907.609
316949.274
316990.941
317032.617
317074.272
317115.939
317157.603
317199.268
317240.934
317282.599
317324.265
317365.931
317407.594
317449.261
317490.927
317532.592
317574.257
317615.923
317657.587
317699.254
317740.918
317782.583
317824.249
317865.914
317907.579
317949.246
317990.910
318032.584
318074.244
318115.908
318157.575
318199.240
318240.905
318282.571
318324.234
318365.901
318407.566
318449.231
318490.900
318532.562
318574.228
318615.893
318657.559
318699.224
318740.890
318782.555
318824.220
318865.886
318907.552
318949.218
318990.883
319032.559
319074.215
319115.880
319157.546
319199.211
319240.877
319282.543
319324.208
319365.872
319407.538
319449.205
319490.869
319532.535
319574.199
319615.866
319657.530
319699.197
319740.861
319782.528
319824.192
319865.859
319907.523
319949.190
319990.854
320032.522
320074.191
320115.851
320157.518
320199.183
320240.848
320282.514
320324.180
320365.844
320407.508
320449.176
320490.842
320532.508
320574.170
320615.838
320657.501
320699.169
320740.833
320782.500
320824.163
320865.831
320907.495
320949.161
320990.826
321032.497
321074.161
321115.823
321157.489
321199.153
321240.819
321282.485
321324.149
321365.817
321407.480
321449.145
321490.815
321532.478
321574.142
321615.807
321657.472
321699.139
321740.803
321782.471
321824.136
321865.800
321907.467
321949.131
321990.796
322032.476
322074.130
322115.793
322157.459
322199.125
322240.790
322282.455
322324.121
322365.788
322407.452
322449.116
322490.784
322532.447
322574.113
322615.780
322657.444
322699.109
322740.775
322782.441
322824.108
322865.772
322907.438
322949.102
322990.770
323032.444
323074.101
323115.766
323157.431
323199.099
323240.762
323282.428
323324.094
323365.759
323407.424
323449.089
323490.758
323532.419
323574.085
323615.750
323657.418
323699.082
323740.748
323782.411
323824.078
323865.742
323907.410
323949.076
323990.740
324032.416
324074.072
324115.739
324157.403
324199.069
324240.734
324282.400
324324.066
324365.731
324407.395
324449.060
324490.729
324532.392
324574.057
324615.722
324657.389
324699.053
324740.718
324782.384
324824.049
324865.715
324907.382
324949.045
324990.712
325032.382
325074.044
325115.711
325157.374
325199.041
325240.706
325282.372
325324.037
325365.701
325407.367
325449.031
325490.701
325532.363
325574.029
325615.694
325657.359
325699.025
325740.691
325782.356
325824.023
325865.686
325907.352
325949.017
325990.683
326032.360
326074.016
326115.681
326157.346
326199.012
326240.678
326282.342
326324.008
326365.673
326407.340
326449.004
326490.672
326532.335
326574.000
326615.665
326657.331
326698.997
326740.662
326782.328
326823.992
326865.659
326907.323
326948.990
326990.654
327032.327
327073.987
327115.653
327157.317
327198.983
327240.649
327282.314
327323.979
327365.644
327407.311
327448.974
327490.646
327532.306
327573.971
327615.636
327657.302
327698.968
327740.635
327782.298
327823.964
327865.629
327907.296
327948.961
327990.628
328032.302
328073.959
328115.634
328157.288
328198.956
328240.621
328282.285
328323.952
328365.615
328407.281
328448.946
328490.616
328532.277
328573.944
328615.608
328657.274
328698.938
328740.605
328782.271
328823.936
328865.601
328907.267
328948.932
328990.597
329032.269
329073.930
329115.595
329157.261
329198.927
329240.592
329282.257
329323.922
329365.588
329407.251
329448.917
329490.584
329532.248
329573.913
329615.580
329657.244
329698.913
329740.577
329782.247
329823.907
329865.573
329907.238
329948.910
329990.570
330032.240
330073.916
330115.581
330157.233
330198.898
330240.564
330282.229
330323.894
330365.561
330407.224
330448.890
330490.559
330532.222
330573.886
330615.551
330657.216
330698.883
330740.549
330782.216
330823.880
330865.546
330907.211
330948.876
330990.552
331032.216
331073.873
331115.538
331157.211
331198.870
331240.534
331282.202
331323.865
331365.531
331407.195
331448.862
331490.528
331532.192
331573.857
331615.524
331657.189
331698.855
331740.519
331782.187
331823.850
331865.517
331907.181
331948.847
331990.513
332032.187
332073.844
332115.510
332157.176
332198.839
332240.507
332282.171
332323.837
332365.502
332407.166
332448.832
332490.513
332532.171
332573.830
332615.496
332657.160
332698.825
332740.492
332782.157
332823.823
332865.489
332907.154
332948.820
332990.484
333032.158
333073.816
333115.481
333157.146
333198.814
333240.475
333282.150
333323.809
333365.474
333407.146
333448.805
333490.471
333532.135
333573.800
333615.466
333657.131
333698.796
333740.462
333782.126
333823.793
333865.459
333907.126
333948.790
333990.457
334032.128
334073.787
334115.454
334157.118
334198.784
334240.450
