0.000
41.668
83.331
124.996
166.662
208.326
249.993
291.668
333.325
374.989
416.655
458.321
499.985
541.650
583.316
624.983
666.647
708.312
749.978
791.644
833.308
874.975
916.640
958.304
999.971
1041.636
1083.300
1124.967
1166.632
1208.298
1249.963
1291.635
1333.296
1374.960
1416.626
1458.292
1499.957
1541.623
1583.290
1624.955
1666.617
1708.283
1749.950
1791.616
1833.279
1874.946
1916.611
1958.276
1999.943
2041.608
2083.272
2124.939
2166.605
2208.268
2249.934
2291.613
2333.267
2374.933
2416.597
2458.264
2499.929
2541.593
2583.261
2624.925
2666.589
2708.255
2749.920
2791.587
2833.252
2874.916
2916.582
2958.247
2999.912
3041.578
3083.243
3124.908
3166.575
3208.241
3249.906
3291.577
3333.239
3374.903
3416.569
3458.235
3499.901
3541.564
3583.232
3624.895
3666.560
3708.226
3749.892
3791.558
3833.222
3874.888
3916.554
3958.219
3999.885
4041.549
4083.214
4124.880
4166.545
4208.212
4249.876
4291.550
4333.209
4374.875
4416.539
4458.206
4499.870
4541.537
4583.202
4624.867
4666.532
4708.199
4749.863
4791.529
4833.192
4874.859
4916.525
4958.190
4999.855
5041.521
5083.186
5124.852
5166.517
5208.183
5249.849
5291.522
5333.181
5374.847
5416.512
5458.178
5499.843
5541.509
5583.174
5624.839
5666.502
5708.169
5749.833
5791.501
5833.164
5874.831
5916.495
5958.162
5999.827
6041.492
6083.157
6124.823
6166.488
6208.154
6249.819
6291.494
6333.152
6374.817
6416.482
6458.149
6499.813
6541.479
6583.145
6624.809
6666.474
6708.139
6749.806
6791.470
6833.136
6874.801
6916.467
6958.132
6999.797
7041.464
7083.129
7124.794
7166.460
7208.125
7249.791
7291.466
7333.123
7374.789
7416.454
7458.121
7499.785
7541.449
7583.116
7624.782
7666.445
7708.111
7749.777
7791.444
7833.108
7874.774
7916.438
7958.104
7999.769
8041.435
8083.099
8124.768
8166.430
8208.097
8249.762
8291.437
8333.095
8374.760
8416.424
8458.091
8499.756
8541.423
8583.088
8624.752
8666.417
8708.084
8749.748
8791.414
8833.078
8874.744
8916.409
8958.076
8999.740
9041.406
9083.071
9124.737
9166.402
9208.069
9249.734
9291.409
9333.066
9374.731
9416.397
9458.064
9499.728
9541.394
9583.060
9624.725
9666.388
9708.055
9749.720
9791.386
9833.050
9874.717
9916.381
9958.047
9999.712
10041.377
10083.043
10124.708
10166.374
10208.040
10249.704
10291.378
10333.036
10374.699
10416.361
10458.035
10499.693
10541.365
10583.031
10624.695
10666.360
10708.025
10749.691
10791.358
10833.022
10874.686
10916.353
10958.020
10999.683
11041.350
11083.014
11124.682
11166.345
11208.012
11249.677
11291.349
11333.008
11374.674
11416.340
11458.005
11499.670
11541.335
11583.003
11624.667
11666.330
11707.996
11749.662
11791.328
11832.993
11874.659
11916.324
11957.990
11999.655
12041.321
12082.985
12124.652
12166.316
12207.983
12249.647
12291.321
12332.981
12374.646
12416.309
12457.976
12499.641
12541.306
12582.972
12624.638
12666.303
12707.962
12749.633
12791.299
12832.965
12874.629
12916.297
12957.960
12999.626
13041.291
13082.957
13124.622
13166.288
13207.953
13249.619
13291.307
13332.952
13374.618
13416.282
13457.949
13499.613
13541.278
13582.944
13624.609
13666.276
13707.939
13749.606
13791.271
13832.935
13874.600
13916.265
13957.931
13999.598
14041.264
14082.930
14124.596
14166.261
14207.927
14249.592
14291.269
14332.923
14374.589
14416.253
14457.919
14499.585
14541.250
14582.916
14624.579
14666.245
14707.910
14749.576
14791.242
14832.906
14874.571
14916.238
14957.902
14999.569
15041.234
15082.899
15124.564
15166.232
15207.895
15249.562
15291.239
15332.894
15374.559
15416.224
15457.890
15499.555
15541.221
15582.887
15624.552
15666.217
15707.882
15749.550
15791.214
15832.878
15874.544
15916.209
15957.875
15999.541
16041.207
16082.873
16124.538
16166.202
16207.870
16249.533
16291.208
16332.865
16374.530
16416.196
16457.862
16499.528
16541.193
16582.858
16624.524
16666.189
16707.853
16749.520
16791.184
16832.852
16874.515
16916.182
16957.845
16999.513
17041.177
17082.844
17124.508
17166.175
17207.839
17249.506
17291.179
17332.837
17374.502
17416.168
17457.833
17499.499
17541.163
17582.830
17624.494
17666.160
17707.826
17749.491
17791.158
17832.821
17874.488
17916.152
17957.819
17999.483
18041.150
18082.814
18124.481
18166.145
18207.812
18249.475
18291.151
18332.809
18374.474
18416.139
18457.805
18499.470
18541.135
18582.802
18624.467
18666.130
18707.798
18749.463
18791.129
18832.792
18874.460
18916.125
18957.790
18999.455
19041.121
19082.799
19124.453
19166.118
19207.784
19249.447
19291.122
19332.780
19374.445
19416.109
19457.776
19499.441
19541.109
19582.774
19624.438
19666.102
19707.768
19749.433
19791.100
19832.764
19874.431
19916.094
19957.760
19999.427
20041.091
20082.757
20124.422
20166.088
20207.754
20249.418
20291.097
20332.751
20374.416
20416.082
20457.755
20499.413
20541.078
20582.744
20624.409
20666.073
20707.739
20749.404
20791.071
20832.735
20874.401
20916.066
20957.732
20999.396
21041.064
21082.727
21124.393
21166.060
21207.725
21249.390
21291.067
21332.724
21374.389
21416.053
21457.719
21499.384
21541.048
21582.716
21624.380
21666.045
21707.711
21749.377
21791.042
21832.707
21874.373
21916.038
21957.703
21999.369
22041.035
22082.700
22124.365
22166.031
22207.696
22249.362
22291.034
22332.694
22374.360
22416.024
22457.691
22499.356
22541.021
22582.685
22624.350
22666.017
22707.683
22749.349
22791.014
22832.678
22874.344
22916.009
22957.674
22999.340
23041.007
23082.672
23124.336
23166.003
23207.668
23249.333
23291.007
23332.665
23374.330
23415.996
23457.662
23499.326
23540.992
23582.657
23624.323
23665.989
23707.653
23749.320
23790.984
23832.650
23874.315
23915.982
23957.646
23999.313
24040.977
24082.644
24124.309
24165.975
24207.639
24249.306
24290.981
24332.638
24374.303
24415.968
24457.633
24499.299
24540.963
24582.630
24624.296
24665.959
24707.625
24749.290
24790.956
24832.621
24874.287
24915.952
24957.618
24999.284
25040.949
25082.614
25124.280
25165.945
25207.612
25249.275
25290.952
25332.609
25374.273
25415.939
25457.605
25499.270
25540.935
25582.601
25624.267
25665.931
25707.596
25749.263
25790.929
25832.594
25874.259
25915.925
25957.590
25999.256
26040.921
26082.586
26124.252
26165.917
26207.581
26249.248
26290.921
26332.579
26374.245
26415.911
26457.576
26499.241
26540.906
26582.572
26624.237
26665.902
26707.569
26749.233
26790.898
26832.564
26874.231
26915.895
26957.560
26999.225
27040.892
27082.557
27124.223
27165.889
27207.554
27249.219
27290.893
27332.552
27374.216
27415.882
27457.548
27499.212
27540.877
27582.543
27624.208
27665.873
27707.540
27749.205
27790.871
27832.536
27874.202
27915.866
27957.531
27999.197
28040.864
28082.528
28124.195
28165.861
28207.525
28249.191
28290.865
28332.522
28374.188
28415.853
28457.518
28499.184
28540.850
28582.516
28624.180
28665.845
28707.511
28749.175
28790.842
28832.506
28874.173
28915.838
28957.504
28999.168
29040.836
29082.501
29124.166
29165.830
29207.496
29249.161
29290.834
29332.494
29374.158
29415.824
29457.490
29499.156
29540.821
29582.488
29624.152
29665.818
29707.481
29749.149
29790.813
29832.480
29874.144
29915.809
29957.474
29999.151
30040.806
30082.466
30124.137
30165.803
30207.468
30249.134
30290.807
30332.466
30374.131
30415.797
30457.481
30499.128
30540.794
30582.458
30624.124
30665.789
30707.453
30749.120
30790.785
30832.451
30874.116
30915.791
30957.448
30999.113
31040.778
31082.443
31124.109
31165.768
31207.435
31249.104
31290.775
31332.432
31374.100
31415.767
31457.434
31499.099
31540.764
31582.431
31624.095
31665.760
31707.427
31749.091
31790.757
31832.422
31874.088
31915.754
31957.419
31999.084
32040.750
32082.416
32124.081
32165.748
32207.412
32249.078
32290.748
32332.409
32374.073
32415.740
32457.405
32499.070
32540.735
32582.400
32624.066
32665.731
32707.397
32749.063
32790.727
32832.393
32874.058
32915.724
32957.389
32999.055
33040.720
33082.386
33124.052
33165.717
33207.383
33249.048
33290.721
33332.381
33374.045
33415.711
33457.378
33499.042
33540.708
33582.374
33624.038
33665.704
33707.370
33749.035
33790.699
33832.365
33874.030
33915.697
33957.363
33999.026
34040.692
34082.357
34124.024
34165.690
34207.354
34249.020
34290.697
34332.353
34374.018
34415.683
34457.349
34499.013
34540.677
34582.345
34624.009
34665.676
34707.341
34749.006
34790.671
34832.336
34874.002
34915.669
34957.332
34999.000
35040.664
35082.331
35123.995
35165.660
35207.326
35248.991
35290.662
35332.324
35373.990
35415.655
35457.321
35498.984
35540.650
35582.315
35623.980
35665.646
35707.312
35748.978
35790.643
35832.309
35873.973
35915.639
35957.305
35998.971
36040.635
36082.300
36123.966
36165.633
36207.298
36248.963
36290.640
36332.296
36373.961
36415.627
36457.290
36498.956
36540.621
36582.286
36623.953
36665.619
36707.283
36748.950
36790.615
36832.280
36873.945
36915.610
36957.276
36998.942
37040.615
37082.272
37123.938
37165.603
37207.269
37248.935
37290.608
37332.266
37373.933
37415.599
37457.263
37498.929
37540.593
37582.259
37623.923
37665.589
37707.255
37748.921
37790.586
37832.252
37873.917
37915.582
37957.248
37998.915
38040.578
38082.245
38123.910
38165.576
38207.240
38248.906
38290.582
38332.239
38373.904
38415.569
38457.234
38498.899
38540.564
38582.230
38623.895
38665.561
38707.227
38748.898
38790.557
38832.222
38873.889
38915.555
38957.219
38998.885
39040.550
39082.215
39123.882
39165.548
39207.214
39248.879
39290.553
39332.210
39373.876
39415.541
39457.205
39498.871
39540.537
39582.202
39623.867
39665.532
39707.197
39748.865
39790.528
39832.195
39873.860
39915.526
39957.191
39998.858
40040.522
40082.188
40123.853
40165.518
40207.184
40248.848
40290.524
40332.182
40373.848
40415.512
40457.179
40498.843
40540.508
40582.174
40623.838
40665.504
40707.170
40748.835
40790.501
40832.166
40873.832
40915.505
40957.162
40998.828
41040.494
41082.159
41123.825
41165.491
41207.157
41248.822
41290.515
41332.154
41373.818
41415.484
41457.151
41498.814
41540.479
41582.145
41623.811
41665.477
41707.141
41748.808
41790.472
41832.137
41873.804
41915.469
41957.134
41998.799
42040.465
42082.130
42123.797
42165.462
42207.128
42248.793
42290.466
42332.125
42373.791
42415.455
42457.122
42498.787
42540.453
42582.118
42623.782
42665.448
42707.114
42748.781
42790.444
42832.111
42873.774
42915.440
42957.106
42998.771
43040.436
43082.101
43123.767
43165.433
43207.100
43248.764
43290.442
43332.097
43373.761
43415.427
43457.093
43498.758
43540.424
43582.089
43623.754
43665.421
43707.084
43748.750
43790.416
43832.080
43873.746
43915.412
43957.077
43998.744
44040.407
44082.073
44123.738
44165.406
44207.070
44248.735
44290.410
44332.068
44373.734
44415.399
44457.065
44498.730
44540.394
44582.061
44623.725
44665.392
44707.056
44748.723
44790.388
44832.053
44873.718
44915.384
44957.049
44998.714
45040.380
45082.047
45123.711
45165.378
45207.043
45248.708
45290.383
45332.040
45373.704
45415.371
45457.035
45498.700
45540.366
45582.033
45623.696
45665.361
45707.027
45748.694
45790.360
45832.025
45873.689
45915.356
45957.020
45998.686
46040.351
46082.017
46123.683
46165.348
46207.013
46248.680
46290.353
46332.011
46373.678
46415.343
46457.009
46498.673
46540.339
46582.005
46623.668
46665.334
46707.000
46748.667
46790.330
46831.997
46873.660
46915.327
46956.992
46998.657
47040.323
47081.989
47123.655
47165.320
47206.986
47248.650
47290.328
47331.983
47373.648
47415.313
47456.980
47498.645
47540.310
47581.975
47623.640
47665.306
47706.972
47748.636
47790.302
47831.968
47873.633
47915.299
47956.964
47998.630
48040.295
48081.960
48123.626
48165.291
48206.957
48248.622
48290.298
48331.955
48373.621
48415.286
48456.951
48498.617
48540.282
48581.949
48623.613
48665.279
48706.942
48748.610
48790.274
48831.940
48873.604
48915.271
48956.935
48998.602
49040.266
49081.931
49123.598
49165.264
49206.929
49248.594
49290.271
49331.925
49373.592
49415.257
49456.924
49498.589
49540.254
49581.919
49623.584
49665.249
49706.916
49748.581
49790.245
49831.910
49873.577
49915.242
49956.907
49998.572
50040.238
50081.904
50123.569
50165.235
50206.901
50248.567
50290.241
50331.899
50373.562
50415.229
50456.896
50498.560
50540.226
50581.892
50623.555
50665.222
50706.886
50748.553
50790.217
50831.884
50873.548
50915.215
50956.878
50998.546
51040.210
51081.877
51123.543
51165.208
51206.874
51248.540
51290.211
51331.871
51373.536
51415.202
51456.866
51498.532
51540.196
51581.863
51623.527
51665.194
51706.857
51748.525
51790.188
51831.856
51873.519
51915.187
51956.851
51998.518
52040.181
52081.847
52123.515
52165.180
52206.846
52248.512
52290.185
52331.842
52373.508
52415.173
52456.838
52498.505
52540.169
52581.835
52623.498
52665.166
52706.829
52748.496
52790.160
52831.828
52873.491
52915.160
52956.822
52998.489
53040.153
53081.818
53123.486
53165.152
53206.818
53248.483
53290.157
53331.813
53373.480
53415.145
53456.810
53498.476
53540.141
53581.805
53623.470
53665.136
53706.801
53748.468
53790.132
53831.798
53873.463
53915.129
53956.794
53998.460
54040.124
54081.791
54123.458
54165.123
54206.789
54248.455
54290.127
54331.785
54373.451
54415.117
54456.782
54498.447
54540.112
54581.778
54623.442
54665.109
54706.773
54748.439
54790.104
54831.771
54873.434
54915.102
54956.766
54998.433
55040.096
55081.761
55123.430
55165.095
55206.761
55248.426
55290.104
55331.757
55373.423
55415.088
55456.753
55498.419
55540.084
55581.748
55623.414
55665.079
55706.744
55748.410
55790.075
55831.741
55873.406
55915.072
55956.737
55998.403
56040.068
56081.734
56123.401
56165.067
56206.732
56248.398
56290.070
56331.730
56373.394
56415.058
56456.724
56498.391
56540.057
56581.722
56623.387
56665.050
56706.718
56748.386
56790.049
56831.713
56873.380
56915.044
56956.710
56998.374
57040.040
57081.706
57123.372
57165.037
57206.704
57248.367
57290.042
57331.701
57373.365
57415.031
57456.697
57498.363
57540.027
57581.692
57623.357
57665.022
57706.688
57748.353
57790.021
57831.684
57873.350
57915.015
57956.682
57998.346
58040.014
58081.677
58123.344
58165.008
58206.675
58248.340
58290.014
58331.672
58373.337
58415.003
58456.668
58498.334
58539.999
58581.663
58623.331
58664.994
58706.661
58748.325
58789.993
58831.656
58873.322
58914.987
58956.654
58998.318
59039.986
59081.649
59123.316
59164.981
59206.647
59248.313
59289.989
59331.645
59373.309
59414.974
59456.641
59498.306
59539.971
59581.635
59623.300
59664.966
59706.631
59748.298
59789.962
59831.630
59873.293
59914.959
59956.624
59998.296
60039.955
60081.620
60123.288
60164.954
60206.619
60248.284
60289.962
60331.616
60373.282
60414.946
60456.612
60498.277
60539.943
60581.609
60623.272
60664.938
60706.603
60748.269
60789.934
60831.600
60873.265
60914.932
60956.596
60998.262
61039.927
61081.594
61123.260
61164.925
61206.591
61248.257
61289.932
61331.587
61373.252
61414.917
61456.583
61498.249
61539.913
61581.579
61623.244
61664.909
61706.576
61748.240
61789.907
61831.572
61873.237
61914.902
61956.569
61998.233
62039.900
62081.566
62123.230
62164.896
62206.562
62248.227
62289.901
62331.559
62373.224
62414.890
62456.556
62498.220
62539.886
62581.551
62623.216
62664.881
62706.548
62748.213
62789.879
62831.543
62873.209
62914.875
62956.540
62998.205
63039.870
63081.537
63123.202
63164.866
63206.533
63248.200
63289.873
63331.530
63373.196
63414.862
63456.527
63498.192
63539.858
63581.523
63623.187
63664.852
63706.518
63748.185
63789.849
63831.515
63873.180
63914.847
63956.511
63998.176
64039.842
64081.508
64123.174
64164.839
64206.504
64248.171
64289.845
64331.502
64373.168
64414.833
64456.499
64498.164
64539.829
64581.496
64623.159
64664.824
64706.489
64748.157
64789.821
64831.486
64873.152
64914.818
64956.482
64998.148
65039.814
65081.479
65123.146
65164.812
65206.478
65248.141
65289.812
65331.475
65373.141
65414.806
65456.471
65498.136
65539.801
65581.467
65623.132
65664.796
65706.464
65748.128
65789.794
65831.459
65873.124
65914.790
65956.455
65998.120
66039.787
66081.451
66123.117
66164.782
66206.448
66248.113
66289.790
66331.445
66373.111
66414.775
66456.442
66498.108
66539.771
66581.439
66623.102
66664.767
66706.433
66748.101
66789.764
66831.431
66873.094
66914.761
66956.426
66998.091
67039.757
67081.422
67123.088
67164.754
67206.420
67248.085
67289.759
67331.417
67373.081
67414.743
67456.414
67498.074
67539.737
67581.408
67623.069
67664.734
67706.405
67748.071
67789.732
67831.402
67873.068
67914.728
67956.397
67998.063
68039.728
68081.394
68123.060
68164.725
68206.392
68248.057
68289.728
68331.391
68373.055
68414.719
68456.385
68498.049
68539.716
68581.381
68623.045
68664.712
68706.376
68748.043
68789.707
68831.374
68873.039
68914.705
68956.369
68998.037
69039.701
69081.367
69123.033
69164.698
69206.364
69248.028
69289.703
69331.361
69373.026
69414.692
69456.355
69498.023
69539.689
69581.353
69623.017
69664.683
69706.348
69748.016
69789.679
69831.347
69873.012
69914.677
69956.341
69998.006
70039.672
70081.339
70123.005
70164.671
70206.337
70248.001
70289.674
70331.332
70372.997
70414.662
70456.330
70497.994
70539.658
70581.325
70622.989
70664.656
70706.320
70747.986
70789.650
70831.318
70872.982
70914.648
70956.313
70997.979
71039.644
71081.309
71122.976
71164.641
71206.306
71247.973
71289.647
71331.304
71372.969
71414.634
71456.301
71497.964
71539.631
71581.296
71622.960
71664.626
71706.292
71747.957
71789.623
71831.288
71872.953
71914.620
71956.285
71997.951
72039.616
72081.283
72122.947
72164.613
72206.280
72247.944
72289.619
72331.278
72372.942
72414.607
72456.274
72497.938
72539.603
72581.270
72622.933
72664.599
72706.263
72747.930
72789.595
72831.259
72872.926
72914.592
72956.257
72997.923
73039.588
73081.253
73122.920
73164.586
73206.251
73247.915
73289.596
73331.248
73372.913
73414.580
73456.245
73497.909
73539.573
73581.240
73622.904
73664.570
73706.235
73747.900
73789.566
73831.232
73872.896
73914.564
73956.228
73997.894
74039.558
74081.226
74122.891
74164.556
74206.222
74247.887
74289.564
74331.220
74372.884
74414.550
74456.215
74497.881
74539.546
74581.211
74622.876
74664.542
74706.207
74747.874
74789.539
74831.205
74872.869
74914.536
74956.201
74997.866
75039.531
75081.197
75122.863
75164.529
75206.194
75247.859
75289.533
75331.190
75372.857
75414.522
75456.187
75497.852
75539.517
75581.183
75622.848
75664.515
75706.179
75747.847
75789.510
75831.175
75872.840
75914.506
75956.171
75997.837
76039.503
76081.169
76122.834
76164.499
76206.165
76247.830
76289.507
76331.163
76372.827
76414.493
76456.160
76497.824
76539.490
76581.156
76622.820
76664.486
76706.151
76747.817
76789.481
76831.148
76872.813
76914.478
76956.144
76997.809
77039.475
77081.140
77122.806
77164.472
77206.138
77247.803
77289.475
77331.135
77372.801
77414.465
77456.131
77497.798
77539.462
77581.126
77622.791
77664.458
77706.123
77747.791
77789.454
77831.119
77872.785
77914.450
77956.115
77997.783
78039.446
78081.114
78122.778
78164.443
78206.109
78247.775
78289.463
78331.106
78372.771
78414.435
78456.101
78497.767
78539.433
78581.099
78622.763
78664.429
78706.093
78747.760
78789.424
78831.091
78872.756
78914.422
78956.087
78997.754
79039.418
79081.086
79122.748
79164.416
79206.080
79247.745
79289.426
79331.078
79372.743
79414.409
79456.075
79497.740
79539.405
79581.072
79622.735
79664.401
79706.066
79747.735
79789.397
79831.063
79872.728
79914.395
79956.058
79997.725
80039.390
80081.057
80122.721
80164.386
80206.054
80247.719
80289.395
80331.050
80372.715
80414.381
80456.047
80497.712
80539.378
80581.043
80622.707
80664.374
80706.037
80747.707
80789.368
80831.036
80872.700
80914.367
80956.030
80997.699
81039.361
81081.028
81122.694
81164.358
81206.023
81247.688
81289.367
81331.021
81372.687
81414.350
81456.019
81497.683
81539.348
81581.014
81622.678
81664.345
81706.009
81747.678
81789.341
81831.008
81872.671
81914.338
81956.003
81997.669
82039.333
82080.998
82122.664
82164.331
82205.995
82247.661
82289.335
82330.994
82372.658
82414.323
82455.991
82497.654
82539.319
82580.987
82622.651
82664.316
82705.981
82747.652
82789.312
82830.979
82872.642
82914.307
82955.974
82997.640
83039.304
83080.970
83122.637
83164.302
83205.967
83247.632
83289.304
83330.966
83372.632
83414.295
83455.962
83497.627
83539.292
83580.958
83622.623
83664.288
83705.954
83747.622
83789.284
83830.951
83872.614
83914.280
83955.946
83997.613
84039.279
84080.943
84122.607
84164.274
84205.941
84247.605
84289.284
84330.937
84372.603
84414.268
84455.933
84497.598
84539.265
84580.930
84622.593
84664.261
84705.925
84747.592
84789.256
84830.923
84872.586
84914.254
84955.917
84997.584
85039.248
85080.916
85122.581
85164.247
85205.912
85247.578
85289.253
85330.909
85372.574
85414.240
85455.905
85497.571
85539.237
85580.902
85622.565
85664.232
85705.897
85747.564
85789.227
85830.894
85872.558
85914.225
85955.890
85997.556
86039.220
86080.888
86122.553
86164.216
86205.884
86247.550
86289.221
86330.881
86372.546
86414.211
86455.877
86497.541
86539.208
86580.873
86622.538
86664.202
86705.869
86747.536
86789.199
86830.866
86872.529
86914.197
86955.860
86997.528
87039.192
87080.859
87122.523
87164.189
87205.854
87247.519
87289.193
87330.852
87372.517
87414.182
87455.848
87497.512
87539.178
87580.843
87622.509
87664.175
87705.840
87747.509
87789.171
87830.837
87872.502
87914.168
87955.833
87997.499
88039.164
88080.830
88122.495
88164.161
88205.826
88247.492
88289.166
88330.823
88372.490
88414.155
88455.821
88497.485
88539.150
88580.816
88622.482
88664.146
88705.812
88747.480
88789.142
88830.810
88872.473
88914.139
88955.805
88997.471
89039.135
89080.802
89122.467
89164.133
89205.799
89247.465
89289.142
89330.796
89372.462
89414.127
89455.792
89497.457
89539.123
89580.788
89622.452
89664.120
89705.783
89747.457
89789.114
89830.782
89872.444
89914.112
89955.776
89997.443
90039.107
90080.775
90122.439
90164.105
90205.769
90247.436
90289.108
90330.767
90372.433
90414.099
90455.763
90497.429
90539.095
90580.760
90622.424
90664.092
90705.755
90747.422
90789.086
90830.752
90872.417
90914.084
90955.747
90997.415
91039.078
91080.746
91122.411
91164.077
91205.743
91247.408
91289.080
91330.739
91372.405
91414.070
91455.735
91497.401
91539.066
91580.732
91622.397
91664.061
91705.729
91747.393
91789.058
91830.724
91872.390
91914.054
91955.722
91997.384
92039.052
92080.719
92122.384
92164.049
92205.714
92247.379
92289.053
92330.711
92372.376
92414.042
92455.707
92497.373
92539.038
92580.704
92622.369
92664.033
92705.700
92747.366
92789.031
92830.694
92872.361
92914.025
92955.693
92997.357
93039.024
93080.689
93122.355
93164.021
93205.686
93247.352
93289.024
93330.682
93372.349
93414.014
93455.680
93497.344
93539.010
93580.675
93622.339
93664.005
93705.670
93747.340
93789.001
93830.668
93872.332
93913.998
93955.663
93997.330
94038.994
94080.662
94122.327
94163.992
94205.658
94247.323
94288.996
94330.655
94372.320
94413.986
94455.652
94497.317
94538.982
94580.648
94622.311
94663.979
94705.642
94747.310
94788.974
94830.639
94872.304
94913.969
94955.635
94997.300
95038.965
95080.633
95122.298
95163.965
95205.629
95247.295
95288.970
95330.626
95372.292
95413.957
95455.622
95497.288
95538.954
95580.619
95622.283
95663.950
95705.614
95747.285
95788.945
95830.611
95872.275
95913.943
95955.606
95997.274
96038.937
96080.605
96122.270
96163.936
96205.601
96247.267
96288.941
96330.598
96372.263
96413.928
96455.595
96497.260
96538.925
96580.592
96622.254
96663.921
96705.585
96747.253
96788.916
96830.584
96872.247
96913.915
96955.578
96997.246
97038.910
97080.577
97122.241
97163.908
97205.573
97247.238
97288.914
97330.569
97372.235
97413.900
97455.566
97497.231
97538.898
97580.563
97622.227
97663.894
97705.557
97747.227
97788.888
97830.555
97872.219
97913.887
97955.550
97997.218
98038.881
98080.548
98122.213
98163.880
98205.543
98247.210
98288.883
98330.541
98372.207
98413.872
98455.537
98497.203
98538.869
98580.534
98622.198
98663.865
98705.529
98747.194
98788.859
98830.528
98872.186
98913.853
98955.522
98997.187
99038.852
99080.518
99122.185
99163.850
99205.517
99247.182
99288.858
99330.513
99372.178
99413.844
99455.509
99497.174
99538.841
99580.505
99622.170
99663.835
99705.500
99747.170
99788.832
99830.499
99872.163
99913.830
99955.493
99997.159
100038.824
100080.490
100122.159
100163.822
100205.487
100247.153
100288.828
100330.484
100372.151
100413.814
100455.481
100497.145
100538.811
100580.477
100622.141
100663.806
100705.472
100747.141
100788.803
100830.470
100872.134
100913.799
100955.465
100997.130
101038.795
101080.462
101122.127
101163.793
101205.459
101247.125
101288.798
101330.457
101372.120
101413.786
101455.453
101497.117
101538.783
101580.449
101622.113
101663.779
101705.443
101747.114
101788.776
101830.442
101872.105
101913.772
101955.436
101997.102
102038.768
102080.433
102122.100
102163.764
102205.430
102247.097
102288.770
102330.428
102372.093
102413.757
102455.423
102497.088
102538.754
102580.419
102622.086
102663.752
102705.416
102747.085
102788.747
102830.413
102872.079
102913.743
102955.409
102997.075
103038.739
103080.406
103122.072
103163.738
103205.402
103247.068
103288.743
103330.400
103372.066
103413.731
103455.396
103497.062
103538.727
103580.393
103622.057
103663.723
103705.388
103747.058
103788.718
103830.386
103872.049
103913.716
103955.380
103997.048
104038.711
104080.379
104122.044
104163.710
104205.375
104247.041
104288.714
104330.372
104372.037
104413.702
104455.368
104497.031
104538.699
104580.365
104622.028
104663.696
104705.359
104747.030
104788.690
104830.357
104872.021
104913.688
104955.352
104997.017
105038.683
105080.349
105122.015
105163.679
105205.345
105247.012
105288.686
105330.344
105372.010
105413.674
105455.339
105497.005
105538.669
105580.337
105622.001
105663.666
105705.330
105746.998
105788.662
105830.329
105871.992
105913.658
105955.324
105996.989
106038.654
106080.322
106121.988
106163.652
106205.318
106246.984
106288.661
106330.314
106371.981
106413.646
106455.312
106496.977
106538.643
106580.308
106621.972
106663.639
106705.302
106746.972
106788.636
106830.300
106871.965
106913.631
106955.296
106996.962
107038.627
107080.294
107121.961
107163.625
107205.289
107246.954
107288.627
107330.292
107371.953
107413.617
107455.284
107496.948
107538.614
107580.281
107621.944
107663.611
107705.274
107746.959
107788.605
107830.272
107871.937
107913.602
107955.268
107996.934
108038.598
108080.264
108121.931
108163.595
108205.261
108246.926
108288.600
108330.259
108371.924
108413.589
108455.255
108496.921
108538.585
108580.252
108621.916
108663.582
108705.247
108746.916
108788.577
108830.243
108871.909
108913.573
108955.239
108996.905
109038.570
109080.237
109121.901
109163.567
109205.234
109246.898
109288.578
109330.230
109371.896
109413.561
109455.227
109496.891
109538.556
109580.221
109621.887
109663.553
109705.217
109746.887
109788.549
109830.214
109871.880
109913.547
109955.210
109996.877
110038.541
110080.209
110121.873
110163.540
110205.204
110246.870
110288.538
110330.203
110371.868
110413.533
110455.197
110496.863
110538.528
110580.193
110621.859
110663.525
110705.190
110746.861
110788.520
110830.187
110871.852
110913.517
110955.182
110996.848
111038.514
111080.180
111121.845
111163.510
111205.176
111246.841
111288.517
111330.174
111371.839
111413.504
111455.170
111496.834
111538.499
111580.167
111621.830
111663.496
111705.161
111746.829
111788.491
111830.158
111871.823
111913.488
111955.153
111996.817
112038.486
112080.153
112121.818
112163.484
112205.149
112246.814
112288.490
112330.146
112371.809
112413.477
112455.142
112496.808
112538.473
112580.139
112621.802
112663.470
112705.133
112746.807
112788.464
112830.131
112871.795
112913.462
112955.126
112996.793
113038.457
113080.124
113121.790
113163.456
113205.120
113246.786
113288.461
113330.117
113371.783
113413.448
113455.114
113496.780
113538.445
113580.111
113621.774
113663.442
113705.105
113746.780
113788.436
113830.104
113871.767
113913.434
113955.097
113996.763
114038.429
114080.094
114121.763
114163.426
114205.091
114246.757
114288.433
114330.089
114371.755
114413.419
114455.086
114496.751
114538.417
114580.083
114621.746
114663.413
114705.076
114746.745
114788.408
114830.073
114871.739
114913.405
114955.070
114996.735
115038.401
115080.067
115121.733
115163.399
115205.064
115246.730
115288.395
115330.060
115371.726
115413.392
115455.058
115496.724
115538.389
115580.055
115621.718
115663.386
115705.050
115746.723
115788.379
115830.047
115871.710
115913.378
115955.042
115996.709
116038.372
116080.040
116121.705
116163.370
116205.036
116246.701
116288.377
116330.033
116371.699
116413.361
116455.029
116496.694
116538.360
116580.026
116621.688
116663.355
116705.020
116746.692
116788.350
116830.019
116871.681
116913.347
116955.013
116996.680
117038.344
117080.011
117121.675
117163.340
117205.005
117246.671
117288.356
117330.005
117371.669
117413.335
117454.999
117496.665
117538.330
117579.996
117621.661
117663.327
117704.992
117746.660
117788.324
117829.988
117871.655
117913.321
117954.985
117996.652
118038.315
118079.982
118121.647
118163.312
118204.978
118246.645
118288.318
118329.976
118371.641
118413.305
118454.972
118496.638
118538.302
118579.969
118621.633
118663.299
118704.963
118746.633
118788.296
118829.961
118871.625
118913.292
118954.958
118996.623
119038.288
119079.954
119121.619
119163.284
119204.950
119246.615
119288.292
119329.948
119371.612
119413.277
119454.943
119496.609
119538.276
119579.942
119621.605
119663.272
119704.935
119746.609
119788.267
119829.934
119871.598
119913.265
119954.928
119996.596
120038.259
120079.928
120121.592
120163.258
120204.923
120246.589
120288.261
120329.919
120371.585
120413.251
120454.914
120496.580
120538.247
120579.912
120621.576
120663.243
120704.908
120746.578
120788.238
120829.904
120871.569
120913.235
120954.900
120996.566
121038.231
121079.898
121121.564
121163.228
121204.895
121246.560
121288.252
121329.891
121371.558
121413.221
121454.888
121496.551
121538.217
121579.883
121621.548
121663.215
121704.879
121746.550
121788.210
121829.877
121871.541
121913.207
121954.872
121996.538
122038.203
122079.869
122121.535
122163.200
122204.866
122246.531
122288.203
122329.864
122371.529
122413.194
122454.858
122496.525
122538.190
122579.857
122621.520
122663.187
122704.850
122746.522
122788.181
122829.848
122871.513
122913.180
122954.844
122996.512
123038.175
123079.842
123121.507
123163.173
123204.838
123246.504
123288.177
123329.834
123371.500
123413.165
123454.831
123496.496
123538.163
123579.827
123621.492
123663.158
123704.823
123746.493
123788.153
123829.819
123871.484
123913.150
123954.815
123996.480
124038.148
124079.814
124121.478
124163.143
124204.809
124246.474
124288.148
124329.807
124371.472
124413.138
124454.803
124496.468
124538.133
124579.800
124621.486
124663.129
124704.810
124746.467
124788.123
124829.790
124871.452
124913.121
124954.783
124996.453
125038.113
125079.784
125121.450
125163.115
125204.781
125246.446
125288.122
125329.778
125371.445
125413.110
125454.775
125496.441
125538.106
125579.771
125621.437
125663.101
125704.767
125746.437
125788.100
125829.765
125871.430
125913.093
125954.761
125996.425
126038.092
126079.757
126121.423
126163.089
126204.754
126246.420
126288.090
126329.750
126371.417
126413.081
126454.748
126496.412
126538.077
126579.743
126621.409
126663.073
126704.739
126746.404
126788.070
126829.736
126871.399
126913.065
126954.733
126996.396
127038.064
127079.729
127121.394
127163.060
127204.725
127246.389
127288.063
127329.723
127371.387
127413.052
127454.719
127496.382
127538.048
127579.715
127621.379
127663.046
127704.709
127746.380
127788.041
127829.705
127871.372
127913.037
127954.702
127996.368
128038.033
128079.699
128121.366
128163.032
128204.696
128246.361
128288.038
128329.694
128371.359
128413.024
128454.689
128496.355
128538.020
128579.686
128621.352
128663.017
128704.681
128746.351
128788.012
128829.678
128871.343
128913.010
128954.673
128996.339
129038.005
129079.672
129121.338
129163.003
129204.669
129246.333
129288.007
129329.665
129371.330
129412.996
129454.662
129496.326
129537.992
129579.657
129621.322
129662.988
129704.654
129746.322
129787.984
129829.649
129871.316
129912.981
129954.646
129996.312
130037.977
130079.643
130121.309
130162.973
130204.638
130246.299
130287.978
130329.637
130371.302
130412.968
130454.632
130496.297
130537.963
130579.627
131996.268
132037.921
132079.587
132121.252
132162.918
132204.583
132246.250
132287.918
132329.581
132371.246
132412.911
132454.578
132496.242
132537.907
132579.573
132621.237
132662.905
132704.568
132746.241
132787.899
132829.564
132871.230
132912.895
132954.560
132996.226
133037.891
133079.558
133121.224
133162.889
133204.554
133246.219
133287.897
133329.553
133371.219
133412.884
133454.549
133496.214
133537.878
133579.543
133621.209
133662.875
133704.541
133746.209
133787.872
133829.536
133871.203
133912.867
133954.534
133996.200
134037.864
134079.529
134121.194
134162.860
134204.526
134246.192
134287.866
134329.524
134371.189
134412.855
134454.518
134496.184
134537.850
134579.517
134621.181
134662.846
134704.512
134746.184
134787.844
134829.508
134871.175
134912.840
134954.506
134996.169
135037.837
135079.502
135121.167
135162.832
135204.498
135246.164
135287.838
135329.496
135371.162
135412.827
135454.493
135496.157
135537.823
135579.487
135621.153
135662.818
135704.483
135746.155
135787.814
135829.480
135871.146
135912.811
135954.476
135996.142
136037.807
136079.474
136121.139
136162.803
136204.470
136246.137
136287.812
136329.468
136371.133
136412.798
136454.464
136496.129
136537.794
136579.460
136621.124
136662.789
136704.455
136746.121
136787.787
136829.452
136871.119
136912.782
136954.449
136996.114
137037.780
137079.446
137121.111
137162.775
137204.440
137246.106
137287.781
137329.450
137371.104
137412.770
137454.436
137496.101
137537.766
137579.432
137621.097
137662.760
137704.428
137746.099
137787.759
137829.423
137871.089
137912.755
137954.420
137996.085
138037.751
138079.416
138121.081
138162.746
138204.413
138246.080
138287.756
138329.411
138371.077
138412.740
138454.409
138496.072
138537.736
138579.402
138621.067
138662.733
138704.399
138746.071
138787.729
138829.395
138871.060
138912.727
138954.392
138996.057
139037.723
139079.388
139121.054
139162.719
139204.385
139246.049
139287.725
139329.382
139371.047
139412.713
139454.378
139496.042
139537.709
139579.374
139621.039
139662.704
139704.371
139746.039
139787.703
139829.367
139871.034
139912.697
139954.363
139996.028
140037.694
140079.360
140121.026
140162.691
140204.357
140246.022
140287.696
140329.355
140371.020
140412.685
140454.351
140496.016
140537.681
140579.346
140621.012
140662.676
140704.342
140746.012
140787.673
140829.340
140871.005
140912.669
140954.336
140996.000
141037.666
141079.332
141120.997
141162.663
141204.329
141245.994
141287.665
141329.326
141370.993
141412.655
141454.324
141495.988
141537.652
141579.320
141620.985
141662.649
141704.315
141745.986
141787.646
141829.309
141870.976
141912.641
141954.307
141995.972
142037.639
142079.304
142120.970
142162.636
142204.301
142245.967
142287.645
142329.304
142370.964
142412.630
142454.295
142495.960
142537.626
142579.289
142620.955
142662.620
142704.286
142745.958
142787.617
142829.282
142870.948
142912.613
142954.278
142995.944
143037.609
143079.279
143120.943
143162.608
143204.274
143245.939
143287.608
143329.270
143370.935
143412.600
143454.266
143495.932
143537.597
143579.263
143620.923
143662.593
143704.257
143745.927
143787.588
143829.255
143870.919
143912.585
143954.250
143995.917
144037.581
144079.249
144120.914
144162.579
144204.245
144245.910
144287.583
144329.242
144370.907
144412.573
144454.238
144495.903
144537.569
144579.234
144620.898
144662.564
144704.229
144745.900
144787.560
144829.225
144870.891
144912.557
144954.222
144995.888
145037.553
145079.220
145120.886
145162.552
145204.217
145245.882
145287.554
145329.213
145370.879
145412.544
145454.209
145495.875
145537.541
145579.207
145620.871
145662.535
145704.202
145745.872
145787.533
145829.198
145870.865
145912.528
145954.196
145995.859
146037.527
146079.192
146120.858
146162.523
146204.189
146245.855
146287.528
146329.185
146370.851
146412.517
146454.183
146495.848
146537.512
146579.178
146620.843
146662.507
146704.174
146745.843
146787.505
146829.169
146870.836
146912.500
146954.166
146995.831
147037.497
147079.162
147120.829
147162.495
147204.160
147245.825
147287.499
147329.157
147370.820
147412.487
147454.154
147495.818
147537.483
147579.148
147620.813
147662.479
147704.145
147745.816
147787.476
147829.141
147870.808
147912.471
147954.137
147995.803
148037.469
148079.135
148120.799
148162.466
148204.131
148245.797
148287.475
148329.129
148370.793
148412.459
148454.125
148495.791
148537.455
148579.122
148620.784
148662.452
148704.116
148745.783
148787.446
148829.112
148870.780
148912.443
148954.108
148995.775
149037.440
149079.106
149120.771
149162.438
149204.103
149245.769
149287.443
149329.100
149370.764
149412.430
149454.096
149495.760
149537.426
149579.091
149620.757
149662.423
149704.087
149745.763
149787.419
149829.084
149870.750
149912.415
149954.080
149995.745
150037.411
150079.078
150120.744
150162.408
150204.074
150245.739
150287.413
150329.072
150370.738
150412.403
150454.069
150495.733
150537.398
150579.064
150620.762
150662.393
150704.087
150745.732
150787.414
150829.057
150870.734
150912.388
150954.055
150995.719
151037.378
151079.049
151120.716
151162.382
151204.047
151245.713
151287.386
151329.044
151370.710
151412.374
151454.041
151495.706
151537.371
151579.037
151620.702
151662.366
151704.033
151745.699
151787.364
151829.028
151870.694
151912.359
151954.026
151995.689
152037.357
152079.022
152120.686
152162.354
152204.019
152245.684
152287.358
152329.016
152370.680
152412.346
152454.012
152495.677
152537.343
152579.009
152620.675
152662.337
152704.005
152745.672
152787.336
152828.999
152870.667
152912.331
152953.997
152995.662
153037.329
153078.994
153120.660
153162.323
153203.991
153245.656
153287.327
153328.987
153370.652
153412.317
153453.984
153495.649
153537.314
153578.981
153620.646
153662.309
153703.976
153745.645
153787.307
153828.972
153870.638
153912.303
153953.969
153995.633
154037.299
154078.965
154120.630
154162.297
154203.960
154245.626
154287.308
154328.959
154370.624
154412.290
154453.956
154495.620
154537.286
154578.951
154620.616
154662.281
154703.946
154745.621
154787.279
154828.943
154870.609
154912.273
154953.939
154995.605
155037.269
155078.937
155120.602
155162.266
155203.933
155245.599
155287.285
155328.931
155370.595
155412.260
155453.926
155495.592
155537.258
155578.923
155620.587
155662.254
155703.917
155745.588
155787.248
155828.916
155870.580
155912.245
155953.911
155995.576
156037.242
156078.908
156120.573
156162.240
156203.905
156245.570
156287.247
156328.902
156370.566
156412.234
156453.898
156495.565
156537.229
156578.896
156620.558
156662.224
156703.889
156745.560
156787.221
156828.886
156870.552
156912.217
156953.882
156995.548
157037.213
157078.880
157120.546
157162.211
157203.877
157245.542
157287.218
157328.874
157370.539
157412.205
157453.871
157495.534
157537.201
157578.865
157620.531
157662.199
157703.862
157745.530
157787.193
157828.859
157870.524
157912.191
157953.854
157995.520
158037.184
158078.852
158120.517
158162.183
158203.848
158245.513
158287.196
158328.845
158370.510
158412.176
158453.842
158495.507
158537.171
158578.838
158620.502
158662.169
158703.833
158745.507
158787.165
158828.830
158870.495
158912.161
158953.826
158995.493
159037.157
159078.823
159120.488
159162.156
159203.821
159245.485
159287.157
159328.817
159370.482
159412.148
159453.815
159495.479
159537.143
159578.810
159620.474
159662.140
159703.805
159745.478
159787.136
159828.803
159870.466
159912.134
159953.798
159995.463
160037.128
160078.795
160120.462
160162.127
160203.792
160245.458
160287.133
160328.789
160370.455
160412.120
160453.786
160495.451
160537.116
160578.783
160620.445
160662.112
160703.779
160745.449
160787.108
160828.773
160870.439
160912.104
160953.771
160995.435
161037.101
161078.767
161120.432
161162.097
161203.764
161245.429
161287.104
161328.761
161370.426
161412.092
161453.758
161495.423
161537.089
161578.755
161620.417
161662.083
161703.748
161745.418
161787.080
161828.746
161870.410
161912.075
161953.741
161995.407
162037.073
162078.738
162120.404
162162.070
162203.734
162245.401
162287.077
162328.732
162370.398
162412.064
162453.730
162495.395
162537.059
162578.726
162620.390
162662.054
162703.720
162745.384
162787.052
162828.717
162870.382
162912.047
162953.709
162995.374
163037.039
163078.707
163120.370
163162.040
163203.707
163245.373
163287.045
163328.705
163370.370
163412.035
163453.701
163495.365
163537.031
163578.696
163620.361
163662.027
163703.692
163745.361
163787.023
163828.689
163870.354
163912.020
163953.684
163995.350
164037.016
164078.681
164120.347
164162.013
164203.678
164245.344
164287.016
164328.686
164370.342
164412.008
164453.673
164495.338
164537.002
164578.669
164620.333
164662.000
164703.663
164745.333
164786.995
164828.660
164870.327
164911.993
164953.657
164995.322
165036.987
165078.653
165120.319
165161.985
165203.650
165245.317
165286.986
165328.648
165370.313
165411.978
165453.645
165495.311
165536.975
165578.641
165620.304
165661.971
165703.635
165745.308
165786.966
165828.633
165870.298
165911.963
165953.629
165995.293
166036.959
166078.626
166120.291
166161.957
166203.623
166245.287
166286.961
166328.619
166370.283
166411.949
166453.614
166495.280
166536.946
166578.611
166620.276
166661.942
166703.606
166745.280
166786.938
166828.604
166870.268
166911.934
166953.599
166995.266
167036.931
167078.597
167120.262
167161.928
167203.592
167245.259
167286.934
167328.591
167370.260
167411.922
167453.586
167495.253
167536.918
167578.582
167620.248
167661.914
167703.574
167745.248
167786.910
167828.575
167870.241
167911.906
167953.571
167995.239
168036.902
168078.569
168120.233
168161.899
168203.565
168245.229
168286.908
168328.563
168370.231
168411.895
168453.560
168495.225
168536.890
168578.556
168620.222
168661.885
168703.551
168745.221
168786.883
168828.547
168870.213
168911.879
168953.544
168995.209
169036.875
169078.541
169120.205
169161.871
169203.537
169245.203
169286.877
169328.535
169370.200
169411.865
169453.532
169495.196
169536.863
169578.529
169620.191
169661.858
169703.522
169745.191
169786.853
169828.519
169870.185
169911.849
169953.514
169995.180
170036.845
170078.513
170120.178
170161.842
170203.508
170245.174
170286.853
170328.507
170370.174
170411.838
170453.503
170495.169
170536.835
170578.501
170620.163
170661.828
170703.494
170745.163
170786.825
170828.492
170870.156
170911.823
170953.487
170995.152
171036.818
171078.484
171120.150
171161.815
171203.479
171245.148
171286.817
171328.479
171370.144
171411.809
171453.476
171495.140
171536.806
171578.472
171620.135
171661.801
171703.466
171745.137
171786.797
171828.464
171870.128
171911.793
171953.459
171995.124
172036.790
172078.457
172120.123
172161.788
172203.451
172245.117
172286.792
172328.450
172370.114
172411.781
172453.446
172495.111
172536.777
172578.442
172620.109
172661.772
172703.440
172745.109
172786.769
172828.435
172870.100
172911.765
172953.431
172995.098
173036.762
173078.429
173120.094
173161.759
173203.423
173245.091
173286.757
173328.422
173370.088
173411.753
173453.419
173495.084
173536.749
173578.414
173620.079
173661.744
173703.408
173745.081
173786.742
173828.406
173870.072
173911.737
173953.403
173995.068
174036.734
174078.400
174120.065
174161.732
174203.396
174245.061
174286.736
174328.393
174370.057
174411.724
174453.390
174495.055
174536.721
174578.387
174620.051
174661.717
174703.381
174745.049
174786.758
174828.378
174870.075
174911.710
174953.396
174995.040
175036.719
175078.371
175120.037
175161.701
175203.367
175245.034
175286.709
175328.365
175370.031
175411.697
175453.361
175495.028
175536.691
175578.358
175620.022
175661.687
175703.353
175745.023
175786.684
175828.350
175870.015
175911.680
175953.346
175995.011
176036.677
176078.344
176120.010
176161.675
176203.339
176245.006
176286.683
176328.337
176370.002
176411.668
176453.334
176494.998
176536.664
176578.328
176619.993
176661.659
176703.325
176744.996
176786.656
176828.321
176869.986
176911.652
176953.317
176994.983
177036.648
177078.314
177119.981
177161.646
177203.311
177244.979
177286.648
177328.309
177369.975
177411.639
177453.305
177494.970
177536.635
177578.300
177619.965
177661.630
177703.296
177744.969
177786.627
177828.293
177869.958
177911.625
177953.290
177994.957
178036.619
178078.286
178119.952
178161.617
178203.284
178244.948
178286.621
178328.280
178369.946
178411.611
178453.277
178494.942
178536.607
178578.273
178619.936
178661.603
178703.268
178744.942
178786.599
178828.266
178869.930
178911.596
178953.261
178994.926
179036.592
179078.259
179119.924
179161.591
179203.256
179244.921
179286.591
179328.253
179369.917
179411.583
179453.249
179494.914
179536.580
179578.244
179619.909
179661.574
179703.239
179744.911
179786.570
179828.237
179869.902
179911.567
179953.233
179994.899
180036.564
180078.230
180119.896
180161.562
180203.228
180244.891
180286.567
180328.223
180369.889
180411.554
180453.220
180494.884
180536.550
180578.216
180619.881
180661.546
180703.212
180744.878
180786.543
180828.208
180869.873
180911.539
180953.204
180994.870
181036.535
181078.202
181119.867
181161.532
181203.199
181244.863
181286.530
181328.198
181369.861
181411.525
181453.193
181494.857
181536.522
181578.189
181619.852
181661.518
181703.183
181744.851
181786.514
181828.180
181869.845
181911.512
181953.176
181994.842
182036.506
182078.173
182119.839
182161.504
182203.170
182244.835
182286.507
182328.166
182369.831
182411.498
182453.164
182494.829
182536.493
182578.158
182619.823
182661.489
182703.155
182744.829
182786.485
182828.151
182869.817
182911.482
182953.148
182994.813
183036.479
183078.146
183119.809
183161.476
183203.143
183244.807
183286.482
183328.142
183369.805
183411.469
183453.136
183494.801
183536.466
183578.130
183619.796
183661.463
183703.126
183744.791
183786.458
183828.124
183869.784
183911.451
183953.120
183994.785
184036.451
184078.117
184119.783
184161.450
184203.113
184244.779
184286.454
184328.112
184369.776
184411.442
184453.107
184494.771
184536.438
184578.102
184619.767
184661.434
184703.099
184744.765
184786.430
184828.095
184869.761
184911.426
184953.091
184994.757
185036.423
185078.088
185119.755
185161.420
185203.085
185244.751
185286.418
185328.083
185369.749
185411.413
185453.079
185494.745
185536.410
185578.074
185619.739
185661.404
185703.070
185744.743
185786.401
185828.067
185869.732
185911.397
185953.063
185994.728
186036.393
186078.060
186119.724
186161.390
186203.056
186244.722
186286.395
186328.058
186369.720
186411.385
186453.053
186494.716
186536.380
186578.047
186619.711
186661.376
186703.041
186744.716
186786.373
186828.038
186869.703
186911.369
186953.034
186994.700
187036.365
187078.031
187119.697
187161.362
187203.028
187244.694
187286.367
187328.026
187369.691
187411.356
187453.021
187494.687
187536.353
187578.018
187619.683
187661.347
187703.014
187744.682
187786.344
187828.010
187869.676
187911.342
187953.007
187994.673
188036.337
188078.004
188119.669
188161.334
188202.999
188244.664
188286.341
188327.997
188369.663
188411.328
188452.995
188494.658
188536.324
188577.989
188619.654
188661.320
188702.985
188744.658
188786.317
188827.982
188869.647
188911.312
188952.978
188994.644
189036.304
189077.975
189119.640
189161.300
189202.972
189244.637
189286.311
189327.971
189369.635
189411.301
189452.966
189494.632
189536.297
189577.962
189619.627
189661.292
189702.956
189744.623
189786.288
189827.955
189869.619
189911.285
189952.950
189994.617
190036.281
190077.948
190119.613
190161.278
190202.945
190244.609
190286.283
190327.940
190369.607
190411.272
190452.937
190494.603
190536.268
190577.933
190619.598
190661.263
190702.929
190744.600
190786.260
190827.927
190869.590
190911.257
190952.922
190994.587
191036.252
191077.918
191119.584
191161.250
191202.915
191244.582
191286.252
191327.913
191369.578
191411.243
191452.918
191494.575
191536.241
191577.906
191619.569
191661.235
191702.901
191744.567
191786.232
191827.897
191869.563
191911.228
191952.893
191994.559
192036.224
192077.891
192119.556
192161.222
192202.888
192244.553
192286.228
192327.885
192369.550
192411.214
192452.881
192494.545
192536.211
192577.876
192619.558
192661.206
192702.882
192744.543
192786.204
192827.869
192869.530
192911.200
192952.860
192994.531
193036.191
193077.862
193119.528
193161.193
193202.860
193244.525
193286.196
193327.856
193369.521
193411.186
193452.852
193494.517
193536.182
193577.849
193619.513
193661.180
193702.844
193744.516
193786.177
193827.842
193869.506
193911.171
193952.837
193994.502
194036.168
194077.834
194119.500
194161.165
194202.831
194244.496
194286.164
194327.827
194369.492
194411.159
194452.822
194494.487
194536.153
194577.819
194619.485
194661.150
194702.816
194744.489
194786.146
194827.813
194869.478
194911.143
194952.809
194994.475
195036.140
195077.806
195119.472
195161.138
195202.804
195244.469
195286.145
195327.800
195369.465
195411.131
195452.796
195494.462
195536.128
195577.793
195619.456
195661.122
195702.788
195744.457
195786.118
195827.785
195869.449
195911.115
195952.780
195994.446
196036.111
196077.779
196119.444
196161.110
196202.775
196244.441
196286.110
196327.776
196369.437
196411.103
196452.769
196494.434
196536.099
196577.765
196619.428
196661.094
196702.759
196744.432
196786.090
196827.756
196869.421
196911.087
196952.752
196994.418
197036.083
197077.750
197119.416
197161.082
197202.747
197244.412
197286.082
197327.743
197369.409
197411.075
197452.740
197494.405
197536.071
197577.736
197619.394
197661.065
197702.727
197744.401
197786.061
197827.729
197869.392
197911.059
197952.724
197994.390
198036.055
198077.721
198119.387
198161.052
198202.717
198244.382
198286.050
198327.715
198369.381
198411.046
198452.711
198494.376
198536.041
198577.707
198619.371
198661.036
198702.705
198744.375
198786.034
198827.699
198869.364
198911.031
198952.697
198994.362
199036.028
199077.692
199119.358
199161.024
199202.689
199244.354
199286.028
199327.685
199369.352
199411.017
199452.683
199494.348
199536.014
199577.678
199619.344
199661.008
199702.675
199744.344
199786.006
199827.671
199869.338
199911.003
199952.667
199994.334
200035.999
200077.664
200119.331
200160.995
200202.661
200244.327
200286.001
200327.659
200369.322
200410.989
200452.655
200494.321
200535.984
200577.650
200619.342
200660.980
200702.670
200744.317
200785.987
200827.642
200869.307
200910.973
200952.633
200994.306
201035.965
201077.636
201119.301
201160.967
201202.634
201244.297
201285.965
201327.631
201369.294
201410.961
201452.626
201494.292
201535.957
201577.621
201619.286
201660.952
201702.618
201744.289
201785.950
201827.614
201869.280
201910.945
201952.612
201994.277
202035.942
202077.607
202119.274
202160.939
202202.604
202244.270
202285.943
202327.602
202369.267
202410.933
202452.599
202494.263
202535.929
202577.593
202619.258
202660.924
202702.589
202744.259
202785.921
202827.587
202869.251
202910.917
202952.583
202994.247
203035.913
203077.580
203119.244
203160.909
203202.576
203244.242
203285.913
203327.574
203369.239
203410.904
203452.571
203494.234
203535.900
203577.567
203619.230
203660.896
203702.561
203744.230
203785.893
203827.557
203869.223
203910.888
203952.554
203994.221
204035.885
204077.551
204119.218
204160.883
204202.548
204244.215
204285.884
204327.548
204369.210
204410.876
204452.542
204494.207
204535.871
204577.539
204619.203
204660.868
204702.533
204744.204
204785.864
204827.530
204869.196
204910.860
204952.526
204994.192
205035.857
205077.523
205119.190
205160.855
205202.519
205244.186
205285.861
205327.518
205369.182
205410.849
205452.514
205494.179
205535.845
205577.510
205619.174
205660.839
205702.504
205744.176
205785.836
205827.503
205869.166
205910.832
205952.498
205994.163
206035.829
206077.495
206119.161
206160.827
206202.491
206244.157
206285.824
206327.489
206369.153
206410.820
206452.485
206494.150
206535.816
206577.480
206619.146
206660.811
206702.478
206744.149
206785.809
206827.473
206869.140
206910.803
206952.470
206994.135
207035.801
207077.466
207119.132
207160.798
207202.463
207244.129
207285.798
207327.467
207369.126
207410.793
207452.457
207494.124
207535.788
207577.453
207619.119
207660.782
207702.450
207744.115
207785.780
207827.446
207869.112
207910.777
207952.442
207994.108
208035.773
208077.438
208119.104
208160.769
208202.435
208244.099
208285.767
208327.432
208369.098
208410.763
208452.429
208494.095
208535.761
208577.425
208619.091
208660.755
208702.422
208744.091
208785.753
208827.417
208869.084
208910.748
208952.415
208994.079
209035.746
209077.411
209119.077
209160.742
209202.407
209244.072
209285.743
209327.404
209369.069
209410.735
209452.401
209494.066
209535.732
209577.397
209619.062
209660.727
209702.393
209744.063
209785.723
209827.388
209869.055
209910.719
209952.387
209994.050
210035.716
210077.382
210119.047
210160.712
210202.378
210244.043
210285.719
210327.376
210369.042
210410.707
210452.373
210494.038
210535.703
210577.369
210619.035
210660.698
210702.365
210744.036
210785.696
210827.360
210869.028
210910.691
210952.358
210994.022
211035.689
211077.355
211119.020
211160.686
211202.352
211244.016
211285.692
211327.349
211369.013
211410.679
211452.345
211494.010
211535.675
211577.341
211619.006
211660.670
211702.337
211744.007
211785.668
211827.332
211868.999
211910.662
211952.330
211993.994
212035.661
212077.326
212118.992
212160.658
212202.323
212243.989
212285.660
212327.319
212368.985
212410.651
212452.316
212493.981
212535.647
212577.312
212618.976
212660.641
212702.307
212743.977
212785.637
212827.304
212868.969
212910.635
212952.300
212993.966
213035.631
213077.298
213118.964
213160.629
213202.295
213243.960
213285.626
213327.295
213368.957
213410.622
213452.288
213493.953
213535.619
213577.283
213618.948
213660.616
213702.279
213743.951
213785.610
213827.276
213868.940
213910.607
213952.271
213993.937
214035.602
214077.270
214118.935
214160.601
214202.266
214243.931
214285.609
214327.264
214368.928
214410.594
214452.259
214493.925
214535.591
214577.255
214618.920
214660.585
214702.250
214743.919
214785.582
214827.249
214868.913
214910.580
214952.243
214993.909
215035.574
215077.241
215118.907
215160.573
215202.238
215243.903
215285.573
215327.238
215368.900
215410.565
215452.232
215493.897
215535.562
215577.228
215618.891
215660.557
215702.222
215743.890
215785.553
215827.219
215868.884
215910.550
215952.215
215993.880
216035.546
216077.214
216118.878
216160.544
216202.210
216243.875
216285.547
216327.207
216368.871
216410.537
216452.203
216493.868
216535.534
216577.199
216618.863
216660.529
216702.193
216743.864
216785.525
216827.190
216868.856
216910.522
216952.187
216993.853
217035.518
217077.185
217118.851
217160.517
217202.182
217243.847
217285.521
217327.178
217368.843
217410.509
217452.175
217493.838
217535.504
217577.169
217618.860
217660.500
217702.178
217743.839
217785.502
217827.163
217868.828
217910.495
217952.153
217993.826
218035.484
218077.156
218118.822
218160.487
218202.153
218243.819
218285.491
218327.150
218368.815
218410.480
218452.147
218493.811
218535.476
218577.142
218618.807
218660.473
218702.138
218743.809
218785.509
218827.134
218868.830
218910.465
218952.151
218993.797
219035.477
219077.127
219118.792
219160.458
219202.124
219243.789
219285.467
219327.121
219368.787
219410.453
219452.119
219493.784
219535.449
219577.116
219618.778
219660.445
219702.109
219743.776
219785.441
219827.106
219868.772
219910.436
219952.103
219993.768
220035.429
220077.095
220118.764
220160.424
220202.096
220243.755
220285.434
220327.089
220368.757
220410.419
220452.088
220493.754
220535.418
220577.084
220618.749
220660.415
220702.081
220743.751
220785.412
220827.077
220868.742
220910.408
220952.073
220993.738
221035.404
221077.070
221118.736
221160.402
221202.067
221243.732
221285.400
221327.064
221368.729
221410.394
221452.062
221493.727
221535.391
221577.056
221618.716
221660.387
221702.053
221743.722
221785.384
221827.049
221868.714
221910.380
221952.045
221993.711
222035.377
222077.042
222118.708
222160.374
222202.039
222243.704
222285.375
222327.037
222368.702
222410.368
222452.033
222493.699
222535.364
222577.030
222618.694
222660.359
222702.025
222743.697
222785.355
222827.022
222868.686
222910.352
222952.018
222993.684
223035.348
223077.014
223118.679
223160.347
223202.012
223243.675
223285.348
223327.008
223368.672
223410.338
223452.005
223493.670
223535.334
223576.999
223618.664
223660.330
223701.996
223743.662
223785.327
223826.993
223868.658
223910.324
223951.989
223993.655
224035.320
224076.986
224118.653
224160.318
224201.983
224243.648
224285.319
224326.981
224368.646
224410.311
224451.977
224493.642
224535.307
224576.974
224618.637
224660.302
224701.968
224743.637
224785.299
224826.964
224868.630
224910.297
224951.961
224993.628
225035.291
225076.957
225118.623
225160.290
225201.955
225243.621
225285.293
225326.956
225368.616
225410.281
225451.949
225493.612
225535.280
225576.943
225618.611
225660.274
225701.940
225743.606
225785.271
225826.935
225868.605
225910.268
225951.932
225993.597
226035.265
226076.929
226118.594
226160.260
226201.926
226243.590
226285.263
226326.924
226368.589
226410.253
226451.921
226493.584
226535.250
226576.915
226618.582
226660.246
226701.911
226743.577
226785.243
226826.907
226868.575
226910.241
226951.906
226993.570
227035.235
227076.901
227118.567
227160.233
227201.897
227243.563
227285.239
227326.895
227368.561
227410.224
227451.891
227493.557
227535.222
227576.887
227618.552
227660.217
227701.882
227743.556
227785.214
227826.880
227868.545
227910.212
227951.876
227993.544
228035.207
228076.873
228118.539
228160.205
228201.870
228243.535
228285.207
228326.867
228368.531
228410.198
228451.864
228493.527
228535.193
228576.860
228618.525
228660.189
228701.855
228743.521
228785.186
228826.850
228868.517
228910.181
228951.848
228993.513
229035.224
229076.844
229118.512
229160.176
229201.842
229243.507
229285.174
229326.837
229368.503
229410.167
229451.834
229493.501
229535.164
229576.831
229618.498
229660.161
229701.826
229743.493
229785.157
229826.823
229868.490
229910.153
229951.820
229993.485
230035.151
230076.816
230118.481
230160.147
230201.814
230243.479
230285.153
230326.810
230368.476
230410.140
230451.808
230493.473
230535.137
230576.805
230618.468
230660.134
230701.799
230743.462
230785.130
230826.796
230868.461
230910.126
230951.793
230993.456
231035.123
231076.787
231118.455
231160.120
231201.784
231243.449
231285.118
231326.785
231368.447
231410.113
231451.780
231493.444
231535.109
231576.774
231618.439
231660.105
231701.770
231743.440
231785.102
231826.766
231868.432
231910.097
231951.763
231993.428
232035.094
232076.760
232118.425
232160.091
232201.756
232243.422
232285.097
232326.754
232368.419
232410.083
232451.751
232493.416
232535.079
232576.746
232618.411
232660.075
232701.741
232743.428
232785.075
232826.739
232868.405
232910.069
232951.737
232993.400
233035.067
233076.733
233118.399
233160.064
233201.730
233243.395
233285.066
233326.726
233368.390
233410.055
233451.723
233493.387
233535.052
233576.717
233618.383
233660.048
233701.715
233743.380
233785.046
233826.709
233868.377
233910.041
233951.707
233993.372
234035.038
234076.704
234118.370
234160.035
234201.701
234243.366
234285.039
234326.698
234368.363
234410.029
234451.693
234493.359
234535.024
234576.690
234618.356
234660.020
234701.686
234743.358
234785.016
234826.683
234868.347
234910.014
234951.679
234993.343
235035.010
235076.675
235118.341
235160.006
235201.672
235243.337
235285.010
235326.669
235368.333
235410.000
235451.665
235493.330
235534.996
235576.661
235618.327
235659.992
235701.658
235743.327
235784.989
235826.655
235868.319
235909.985
235951.650
235993.317
236034.982
236076.648
236118.313
236159.979
236201.644
236243.308
236284.984
236326.642
236368.305
236409.971
236451.637
236493.303
236534.968
236576.635
236618.299
236659.963
236701.629
236743.298
236784.960
236826.624
236868.291
236909.955
236951.621
236993.287
237034.953
237076.618
237118.285
237159.949
237201.615
237243.283
237284.952
237326.616
237368.278
237409.943
237451.609
237493.275
237534.938
237576.605
237618.270
237659.934
237701.601
237743.272
237784.932
237826.596
237868.262
237909.927
237951.595
237993.258
238034.926
238076.590
238118.256
238159.921
238201.586
238243.253
238284.929
238326.585
238368.249
238409.916
238451.581
238493.246
238534.912
238576.577
238618.241
238659.908
238701.572
238743.242
238784.904
238826.568
238868.234
238909.900
238951.565
238993.231
239034.896
239076.563
239118.227
239159.893
239201.558
239243.224
239284.892
239326.557
239368.222
239409.888
239451.553
239493.218
239534.883
239576.548
239618.214
239659.878
239701.545
239743.213
239784.876
239826.540
239868.206
239909.872
239951.537
239993.202
240034.868
240076.534
240118.200
240159.865
240201.531
240243.196
240284.870
240326.528
240368.193
240409.857
240451.524
240493.190
240534.854
240576.520
240618.186
240659.849
240701.517
240743.180
240784.846
240826.511
240868.179
240909.843
240951.510
240993.174
241034.835
241076.499
241118.171
241159.832
241201.497
241243.163
241284.843
241326.500
241368.166
241409.831
241451.497
241493.161
241534.827
241576.492
241618.158
241659.823
241701.489
241743.154
241784.818
241826.484
241868.151
241909.816
241951.481
241993.145
242034.811
242076.477
242118.144
242159.808
242201.473
242243.139
242284.818
242326.480
242368.137
242409.802
242451.468
242493.133
242534.798
242576.463
242618.128
242659.794
242701.460
242743.125
242784.791
242826.456
242868.121
242909.786
242951.452
242993.119
243034.783
243076.450
243118.114
243159.779
243201.446
243243.113
243284.783
243326.444
243368.106
243409.772
243451.440
243493.104
243534.769
243576.435
243618.100
243659.766
243701.431
243743.097
243784.762
243826.427
243868.093
243909.758
243951.425
243993.090
244034.755
244076.421
244118.086
244159.752
244201.418
244243.084
244284.748
244326.414
244368.080
244409.745
244451.411
244493.076
244534.741
244576.407
244618.072
244659.737
244701.402
244743.076
244784.733
244826.399
244868.065
244909.731
244951.397
244993.062
245034.726
245076.393
245118.058
245159.722
245201.388
245243.053
245284.725
245326.387
245368.050
245409.716
245451.381
245493.047
245534.713
245576.379
245618.043
245659.708
245701.375
245743.042
245784.705
245826.372
245868.037
245909.703
245951.368
245993.034
246034.698
246076.364
246118.030
246159.696
246201.360
246243.025
246284.691
246326.357
246368.024
246409.683
246451.348
246493.014
246534.680
246576.349
246618.010
246659.682
246701.346
246743.013
246784.676
246826.342
246868.008
246909.673
246951.340
246993.005
247034.671
247076.335
247118.001
247159.666
247201.333
247242.997
247284.674
247326.331
247367.996
247409.660
247451.327
247492.992
247534.656
247576.322
247617.988
247659.652
247701.318
247742.983
247784.649
247826.314
247867.980
247909.646
247951.312
247992.976
248034.642
248076.308
248117.973
248159.639
248201.305
248242.969
248284.643
248326.302
248367.967
248409.633
248451.298
248492.963
248534.630
248576.295
248617.959
248659.623
248701.291
248742.957
248784.623
248826.287
248867.953
248909.618
248951.284
248992.948
249034.615
249076.280
249117.945
249159.610
249201.275
249242.941
249284.614
249326.275
249367.939
249409.605
249451.270
249492.935
249534.600
249576.265
249617.932
249659.595
249701.261
249742.931
249784.593
249826.258
249867.925
249909.588
249951.254
249992.919
250034.585
250076.252
250117.916
250159.582
250201.247
250242.912
250284.586
250326.246
250367.910
250409.575
250451.242
250492.907
250534.571
250576.237
250617.902
250659.568
250701.232
250742.903
250784.566
250826.229
250867.895
250909.561
250951.226
250992.891
251034.558
251076.224
251117.889
251159.555
251201.221
251242.887
251284.559
251326.217
251367.882
251409.548
251451.214
251492.879
251534.543
251576.208
251617.875
251659.539
251701.206
251742.874
251784.536
251826.204
251867.868
251909.531
251951.198
251992.864
252034.530
252076.195
252117.861
252159.525
252201.191
252242.856
252284.526
252326.199
252367.854
252409.519
252451.184
252492.850
252534.514
252576.181
252617.846
252659.511
252701.177
252742.846
252784.508
252826.174
252867.839
252909.505
252951.169
252992.834
253034.502
253076.167
253117.831
253159.497
253201.163
253242.829
253284.498
253326.163
253367.825
253409.492
253451.159
253492.821
253534.487
253576.152
253617.818
253659.483
253701.149
253742.821
253784.481
253826.144
253867.811
253909.476
253951.141
253992.806
254034.474
254076.137
254117.803
254159.470
254201.134
254242.800
254284.473
254326.132
254367.798
254409.463
254451.129
254492.794
254534.459
254576.125
254617.790
254659.455
254701.120
254742.790
254784.451
254826.116
254867.781
254909.447
254951.114
254992.778
255034.444
255076.109
255117.775
255159.442
255201.106
255242.772
255284.439
255326.108
255367.768
255409.434
255451.101
255492.767
255534.431
255576.095
255617.763
255659.427
255701.092
255742.758
255784.423
255826.088
255867.756
255909.419
255951.085
255992.751
256034.417
256076.082
256117.747
256159.412
256201.078
256242.743
256284.414
256326.076
256367.740
256409.406
256451.073
256492.736
256534.403
256576.068
256617.734
256659.398
256701.064
256742.729
256784.394
256826.060
256867.726
256909.391
256951.057
256992.723
257034.389
257076.052
257117.719
257159.385
257201.051
257242.716
257284.383
257326.047
257367.713
257409.391
257451.045
257492.710
257534.374
257576.040
257617.706
257659.370
257701.035
257742.708
257784.367
257826.032
257867.697
257909.363
257951.029
257992.693
258034.360
258076.026
258117.691
258159.356
258201.021
258242.687
258284.355
258326.023
258367.685
258409.350
258451.017
258492.682
258534.347
258576.012
258617.677
258659.343
258701.009
258742.679
258784.339
258826.004
258867.670
258909.336
258951.000
258992.666
259034.331
259075.996
259117.664
259159.329
259200.995
259242.661
259284.330
259325.995
259367.656
259409.323
259450.988
259492.653
259534.319
259575.983
259617.649
259659.313
259700.980
259742.648
259784.310
259825.975
259867.641
259909.306
259950.973
259992.637
260034.303
260075.968
260117.634
260159.300
260200.966
260242.632
260284.305
260325.963
260367.628
260409.295
260450.959
260492.625
260534.290
260575.956
260617.621
260659.285
260700.953
260742.616
260784.283
260825.947
260867.615
260909.278
260950.946
260992.609
261034.276
261075.942
261117.607
261159.274
261200.939
261242.604
261284.278
261325.935
261367.600
261409.266
261450.931
261492.597
261534.262
261575.928
261617.593
261659.257
261700.924
261742.588
261784.255
261825.920
261867.586
261909.252
261950.917
261992.583
262034.249
262075.913
262117.579
262159.244
262200.909
262242.576
262284.241
262325.921
262367.572
262409.237
262450.903
262492.569
262534.233
262575.899
262617.565
262659.228
262700.894
262742.586
262784.226
262825.890
262867.555
262909.221
262950.888
262992.554
263034.218
263075.883
263117.550
263159.216
263200.890
263242.547
263284.219
263325.878
263367.543
263409.209
263450.875
263492.540
263534.206
263575.871
263617.537
263659.201
263700.869
263742.536
263784.199
263825.862
263867.530
263909.193
263950.861
263992.524
264034.192
264075.856
264117.522
264159.188
264200.853
264242.519
264284.193
264325.850
264367.515
264409.182
264450.846
264492.511
264534.177
264575.842
264617.508
264659.172
264700.838
264742.505
264784.169
264825.834
264867.501
264909.165
264950.831
264992.496
265034.163
265075.827
265117.493
265159.159
265200.824
265242.489
265284.165
265325.823
265367.487
265409.152
265450.818
265492.483
265534.148
265575.813
265617.478
265659.143
265700.809
265742.474
265784.141
265825.806
265867.472
265909.137
265950.805
265992.467
266034.134
266075.798
266117.465
266159.130
266200.796
266242.462
266284.135
266325.794
266367.458
266409.122
266450.791
266492.456
266534.122
266575.786
266617.451
266659.117
266700.781
266742.447
266784.113
266825.778
266867.444
266909.110
266950.774
266992.441
267034.105
267075.773
267117.438
267159.104
267200.768
267242.433
267284.101
267325.769
267367.431
267409.095
267450.761
267492.428
267534.094
267575.758
267617.424
267659.087
267700.753
267742.419
267784.085
267825.750
267867.415
267909.080
267950.748
267992.413
268034.078
268075.742
268117.408
268159.074
268200.740
268242.405
268284.075
268325.740
268367.401
268409.068
268450.733
268492.397
268534.064
268575.728
268617.394
268659.060
268700.724
268742.396
268784.056
268825.723
268867.388
268909.052
268950.720
268992.383
269034.049
269075.715
269117.379
269159.046
269200.711
269242.377
269284.047
269325.711
269367.373
269409.040
269450.706
269492.370
269534.034
269575.701
269617.366
269659.033
269700.692
269742.368
269784.027
269825.694
269867.358
269909.023
269950.689
269992.355
270034.020
270075.687
270117.351
270159.016
270200.683
270242.347
270284.016
270325.681
270367.346
270409.010
270450.678
270492.343
270534.010
270575.673
270617.338
270659.004
270700.670
270742.341
270784.000
270825.666
270867.331
270908.997
270950.662
270992.327
271033.993
271075.659
271117.324
271158.989
271200.655
271242.321
271283.996
271325.651
271367.316
271408.983
271450.649
271492.314
271533.979
271575.644
271617.309
271658.975
271700.640
271742.312
271783.972
271825.636
271867.302
271908.967
271950.633
271992.299
272033.964
272075.630
272117.295
272158.960
272200.627
272242.293
272283.964
272325.624
272367.290
272408.956
272450.621
272492.287
272533.953
272575.617
272617.282
272658.946
272700.612
272742.279
272783.944
272825.609
272867.275
272908.939
272950.605
272992.270
273033.935
273075.601
273117.268
273158.933
273200.598
273242.264
273283.935
273325.596
273367.261
273408.927
273450.593
273492.258
273533.924
273575.589
273617.255
273658.919
273700.585
273742.253
273783.916
273825.580
273867.247
273908.912
273950.578
273992.243
274033.909
274075.573
274117.240
274158.904
274200.571
274242.235
274283.908
274325.566
274367.233
274408.900
274450.564
274492.230
274533.896
274575.560
274617.226
274658.890
274700.556
274742.229
274783.887
274825.552
274867.219
274908.883
274950.549
274992.215
275033.881
275075.545
275117.211
275158.876
275200.542
275242.207
275283.880
275325.538
275367.203
275408.872
275450.538
275492.201
275533.866
275575.534
275617.197
275658.863
275700.527
275742.199
275783.859
275825.524
275867.191
275908.855
275950.521
275992.187
276033.852
276075.518
276117.183
276158.848
276200.513
276242.180
276283.856
276325.512
276367.177
276408.840
276450.509
276492.172
276533.838
276575.504
276617.168
276658.835
276700.499
276742.168
276783.832
276825.496
276867.161
276908.828
276950.492
276992.158
277033.824
277075.489
277117.155
277158.821
277200.485
277242.152
277283.819
277325.485
277367.141
277408.806
277450.474
277492.144
277533.808
277575.474
277617.139
277658.805
277700.472
277742.141
277783.802
277825.468
277867.135
277908.799
277950.465
277992.131
278033.796
278075.462
278117.127
278158.791
278200.458
278242.125
278283.796
278325.456
278367.121
278408.785
278450.452
278492.115
278533.782
278575.447
278617.112
278658.778
278700.442
278742.113
278783.774
278825.440
278867.104
278908.770
278950.435
278992.101
279033.768
279075.433
279117.098
279158.764
279200.424
279242.090
279283.761
279325.426
279367.092
279408.752
279450.424
279492.089
279533.752
279575.420
279617.085
279658.751
279700.416
279742.087
279783.748
279825.413
279867.078
279908.745
279950.410
279992.075
280033.740
280075.405
280117.071
280158.737
280200.402
280242.067
280283.734
280325.402
280367.064
280408.730
280450.396
280492.061
280533.726
280575.391
280617.055
280658.721
280700.387
280742.057
280783.717
280825.383
280867.048
280908.714
280950.379
280992.045
281033.711
281075.376
281117.041
281158.707
281200.372
281242.037
281283.712
281325.371
281367.036
281408.702
281450.368
281492.032
281533.698
281575.364
281617.027
281658.694
281700.358
281742.025
281783.689
281825.354
281867.021
281908.688
281950.351
281992.019
282033.682
282075.349
282117.013
282158.680
282200.344
282242.011
282283.684
282325.342
282367.008
282408.674
282450.340
282492.004
282533.670
282575.335
282616.999
282658.666
282700.330
282742.005
282783.665
282825.326
282866.992
282908.657
282950.323
282991.988
283033.653
283075.320
283116.986
283158.652
283200.317
283241.983
283283.649
283325.314
283366.979
283408.644
283450.311
283491.974
283533.641
283575.306
283616.970
283658.638
283700.303
283741.968
283783.633
283825.300
283866.963
283908.630
283950.296
283991.961
284033.627
284075.293
284116.957
284158.624
284200.289
284241.954
284283.624
284325.292
284366.951
284408.618
284450.283
284491.948
284533.613
284575.281
284616.945
284658.608
284700.274
284741.944
284783.605
284825.272
284866.936
284908.600
284950.268
284991.933
285033.598
285075.263
285116.928
285158.594
285200.261
285241.925
285283.593
285325.257
285366.923
285408.589
285450.254
285491.920
285533.584
285575.251
285616.916
285658.580
285700.247
285741.911
285783.577
285825.243
285866.909
285908.573
285950.240
285991.903
286033.570
286075.235
286116.902
286158.566
286200.233
286241.896
286283.569
286325.230
286366.894
286408.560
286450.229
286491.891
286533.556
286575.222
286616.886
286658.553
286700.217
286741.884
286783.548
286825.214
286866.880
286908.545
286950.209
286991.876
287033.541
287075.206
287116.872
287158.539
287200.203
287241.870
287283.541
287325.204
287366.866
287408.533
287450.197
287491.864
287533.530
287575.194
287616.859
287658.525
287700.189
287741.865
287783.520
287825.185
287866.851
287908.517
287950.182
287991.848
288033.513
288075.179
288116.844
288158.510
288200.175
288241.841
288283.514
288325.173
288366.838
288408.503
288450.170
288491.834
288533.500
288575.166
288616.830
288658.495
288700.161
288741.832
288783.491
288825.157
288866.822
288908.488
288950.153
288991.819
289033.485
289075.151
289116.815
289158.481
289200.146
289241.812
289283.482
289325.146
289366.810
289408.475
289450.141
289491.806
289533.471
289575.137
289616.800
289658.467
289700.132
289741.800
289783.463
289825.128
289866.795
289908.460
289950.125
289991.792
290033.455
290075.121
290116.786
290158.453
290200.118
290241.784
290283.456
290325.117
290366.782
290408.447
290450.113
290491.778
290533.443
290575.109
290616.773
290658.440
290700.104
290741.771
290783.435
290825.102
290866.766
290908.432
290950.097
290991.763
291033.428
291075.095
291116.759
291158.425
291200.090
291241.755
291283.427
291325.089
291366.753
291408.419
291450.085
291491.750
291533.415
291575.081
291616.746
291658.411
291700.076
291741.742
291783.408
291825.072
291866.739
291908.403
291950.071
291991.734
292033.401
292075.065
292116.730
292158.396
292200.062
292241.728
292283.402
292325.060
292366.725
292408.389
292450.057
292491.721
292533.387
292575.052
292616.718
292658.382
292700.048
292741.715
292783.380
292825.045
292866.712
292908.377
292950.040
292991.707
293033.371
293075.038
293116.703
293158.368
293200.034
293241.699
293283.367
293325.035
293366.697
293408.361
293450.028
293491.695
293533.359
293575.024
293616.688
293658.354
293700.020
293741.692
293783.351
293825.016
293866.682
293908.347
293950.013
293991.679
294033.344
294075.009
294116.675
294158.341
294200.006
294241.671
294283.338
294325.004
294366.667
294408.340
294450.000
294491.663
294533.329
294574.994
294616.661
294658.327
294699.992
294741.662
294783.321
294824.988
294866.654
294908.319
294949.983
294991.650
295033.314
295074.981
295116.645
295158.314
295199.976
295241.643
295283.310
295324.975
295366.641
295408.306
295449.972
295491.636
295533.300
295574.968
295616.632
295658.301
295699.964
295741.637
295783.294
295824.960
295866.625
295908.291
295949.957
295991.623
296033.287
296074.954
296116.618
296158.285
296199.949
296241.617
296283.289
296324.950
296366.613
296408.278
296449.945
296491.609
296533.272
296574.940
296616.603
296658.264
296699.935
296741.596
296783.266
296824.926
296866.598
296908.257
296949.930
296991.594
297033.259
297074.924
297116.589
297158.255
297199.921
297241.588
297283.253
297324.917
297366.584
297408.248
297449.917
297491.581
297533.245
297574.911
297616.575
297658.243
297699.907
297741.572
297783.239
297824.903
297866.569
297908.234
297949.900
297991.565
298033.230
298074.895
298116.562
298158.228
298199.893
298241.557
298283.226
298324.894
298366.556
298408.221
298449.887
298491.552
298533.216
298574.882
298616.548
298658.213
298699.878
298741.551
298783.209
298824.875
298866.541
298908.205
298949.871
298991.536
299033.202
299074.868
299116.533
299158.200
299199.865
299241.529
299283.204
299324.862
299366.527
299408.193
299449.860
299491.524
299533.189
299574.855
299616.520
299658.180
299699.849
299741.515
299783.182
299824.841
299866.514
299908.177
299949.844
299991.508
300033.173
300074.839
300116.505
300158.169
300199.835
300241.502
300283.169
300324.837
300366.499
300408.165
300449.830
300491.497
300533.162
300574.827
300616.492
300658.156
300699.823
300741.492
300783.153
300824.818
300866.484
300908.149
300949.816
300991.480
301033.146
301074.812
301116.477
301158.142
301199.809
301241.472
301283.150
301324.806
301366.472
301408.137
301449.803
301491.468
301533.133
301574.799
301616.464
301658.128
301699.796
301741.464
301783.125
301824.791
301866.459
301908.121
301949.786
301991.451
302033.118
302074.783
302116.450
302158.114
302199.780
302241.445
302283.117
302324.777
302366.442
302408.108
302449.774
302491.440
302533.105
302574.770
302616.437
302658.099
302699.766
302741.433
302783.097
302824.762
302866.428
302908.092
302949.758
302991.424
303033.090
303074.755
303116.420
303158.086
303199.752
303241.418
303283.091
303324.749
303366.413
303408.080
303449.746
303491.411
303533.076
303574.742
303616.408
303658.071
303699.738
303741.410
303783.070
303824.733
303866.398
303908.064
303949.730
303991.395
304033.061
304074.727
304116.391
304158.058
304199.725
304241.390
304283.056
304324.724
304366.386
304408.051
304449.716
304491.381
304533.047
304574.713
304616.378
304658.044
304699.709
304741.374
304783.040
304824.705
304866.371
304908.037
304949.701
304991.366
305033.032
305074.699
305116.364
305158.029
305199.695
305241.361
305283.035
305324.693
305366.358
305408.023
305449.689
305491.355
305533.019
305574.685
305616.352
305658.015
305699.681
305741.351
305783.011
305824.677
305866.342
305908.008
305949.673
305991.339
306033.005
306074.671
306116.336
306158.002
306199.666
306241.333
306283.003
306324.665
306366.329
306407.995
306449.661
306491.326
306532.992
306574.658
306616.322
306657.989
306699.653
306741.319
306782.981
306866.316
306907.981
306949.644
306991.311
307032.975
307074.643
307116.306
307157.972
307199.639
307241.305
307282.972
307324.639
307366.300
307407.967
307449.632
307491.298
307532.961
307574.628
307616.295
307657.959
307699.624
307741.296
307782.955
307824.621
307866.287
307907.951
307949.617
307991.283
308032.948
308074.614
308116.279
308157.945
308199.610
308241.277
308282.944
308324.612
308366.271
308407.938
308449.605
308491.269
308532.934
308574.600
308616.265
308657.930
308699.595
308741.270
308782.927
308824.594
308866.257
308907.924
308949.588
308991.255
309032.920
309074.586
309116.250
309157.917
309199.581
309241.246
309282.915
309324.603
309366.244
309407.911
309449.577
309491.240
309532.905
309574.571
309616.236
309657.902
309699.569
309741.234
309782.900
309824.563
309866.228
309907.895
309949.561
309991.226
310032.892
310074.557
310116.224
310157.882
310199.553
310241.219
310282.880
310324.550
310366.211
310407.881
310449.548
310491.213
310532.879
310574.544
310616.210
310657.874
310699.539
310741.209
310782.874
310824.538
310866.209
310907.868
310949.533
310991.206
311032.865
311074.532
311116.200
311157.878
311199.525
311241.191
311282.859
311324.527
311366.189
311407.856
311449.520
311491.186
311532.851
311574.516
311616.181
311657.846
311699.511
311741.184
311782.843
311824.509
311866.181
311907.840
311949.505
311991.170
312032.835
312074.502
312116.166
312157.833
312199.497
312241.163
312282.829
312324.498
312366.161
312407.826
312449.491
312491.157
312532.822
312574.488
312616.153
312657.817
312699.484
312741.150
312782.816
312824.480
312866.146
312907.811
312949.475
312991.143
313032.808
313074.473
313116.137
313157.802
313199.469
313241.133
313282.809
313324.469
313366.132
313407.797
313449.464
313491.128
313532.793
313574.458
313616.125
313657.788
313699.455
313741.125
313782.787
313824.451
313866.117
313907.782
313949.449
313991.112
314032.778
314074.443
314116.109
314157.775
314199.448
314241.114
314282.778
314324.448
314366.104
314407.778
314449.437
314491.118
314532.769
314574.432
314616.097
314657.762
314699.428
314741.096
314782.759
314824.424
314866.089
314907.756
314949.421
314991.086
315032.750
315074.415
315116.082
315157.747
315199.412
315241.077
315282.751
315324.409
315366.076
315407.741
315449.407
315491.078
315532.738
315574.402
315616.068
315657.733
315699.398
315741.069
315782.728
315824.395
315866.059
315907.725
315949.392
315991.057
316032.722
