0.000
41.665
83.331
124.992
166.660
208.324
249.991
291.659
333.320
374.985
416.652
458.315
499.981
541.645
583.313
624.978
666.644
708.309
749.973
791.640
833.305
874.971
916.635
958.301
999.966
1041.632
1083.296
1124.971
1166.633
1208.294
1249.962
1291.627
1333.290
1374.955
1416.621
1458.285
1499.950
1541.620
1583.286
1624.951
1666.616
1708.285
1749.945
1791.610
1833.275
1874.941
1916.606
1958.271
1999.937
2041.602
2083.268
2124.934
2166.598
2208.263
2249.931
2291.599
2333.259
2374.923
2416.591
2458.254
2499.922
2541.584
2583.253
2624.915
2666.584
2708.248
2749.913
2791.579
2833.245
2874.910
2916.575
2958.240
2999.906
3041.571
3083.237
3124.904
3166.566
3208.232
3249.904
3291.563
3333.228
3374.893
3416.561
3458.223
3499.891
3541.554
3583.221
3624.885
3666.552
3708.218
3749.883
3791.549
3833.213
3874.879
3916.544
3958.210
3999.875
4041.541
4083.206
4124.872
4166.537
4208.200
4249.870
4291.539
4333.198
4374.862
4416.529
4458.193
4499.858
4541.523
4583.190
4624.856
4666.521
4708.187
4749.852
4791.517
4833.182
4874.848
4916.513
4958.179
4999.844
5041.509
5083.175
5124.836
5166.504
5208.170
5249.840
5291.503
5333.168
5374.831
5416.497
5458.162
5499.828
5541.493
5583.159
5624.825
5666.489
5708.156
5749.821
5791.486
5833.152
5874.817
5916.482
5958.147
5999.812
6041.478
6083.143
6124.809
6166.475
6208.140
6249.809
6291.474
6333.136
6374.802
6416.468
6458.132
6499.798
6541.462
6583.129
6624.793
6666.459
6708.124
6749.790
6791.455
6833.120
6874.786
6916.451
6958.116
6999.781
7041.447
7083.112
7124.779
7166.444
7208.110
7249.777
7291.440
7333.105
7374.769
7416.436
7458.101
7499.766
7541.432
7583.098
7624.762
7666.428
7708.088
7749.759
7791.424
7833.089
7874.755
7916.421
7958.085
7999.751
8041.417
8083.082
8124.750
8166.414
8208.077
8249.748
8291.420
8333.076
8374.740
8416.407
8458.071
8499.735
8541.400
8583.068
8624.732
8666.399
8708.064
8749.728
8791.394
8833.059
8874.725
8916.389
8958.056
8999.720
9041.386
9083.052
9124.718
9166.383
9208.048
9249.719
9291.384
9333.044
9374.708
9416.376
9458.039
9499.706
9541.373
9583.037
9624.701
9666.368
9708.033
9749.698
9791.364
9833.029
9874.694
9916.360
9958.025
9999.690
10041.355
10083.021
10124.686
10166.353
10208.017
10249.685
10291.351
10333.014
10374.679
10416.345
10458.009
10499.675
10541.339
10583.006
10624.669
10666.337
10708.002
10749.666
10791.331
10832.996
10874.662
10916.327
10957.992
10999.660
11041.323
11082.991
11124.656
11166.321
11207.986
11249.654
11291.317
11332.983
11374.647
11416.315
11457.978
11499.643
11541.308
11582.975
11624.639
11666.305
11707.969
11749.637
11791.303
11832.967
11874.632
11916.297
11957.962
11999.627
12041.293
12082.960
12124.624
12166.291
12207.955
12249.625
12291.287
12332.951
12374.616
12416.283
12457.948
12499.614
12541.278
12582.944
12624.608
12666.274
12707.940
12749.605
12791.271
12832.936
12874.602
12916.267
12957.932
12999.599
13041.263
13082.929
13124.596
13166.260
13207.925
13249.593
13291.257
13332.921
13374.586
13416.253
13457.917
13499.584
13541.248
13582.915
13624.579
13666.245
13707.910
13749.575
13791.241
13832.907
13874.572
13916.236
13957.902
13999.567
14041.234
14082.898
14124.563
14166.229
14207.894
14249.562
14291.224
14332.890
14374.555
14416.223
14457.886
14499.550
14541.217
14582.884
14624.548
14666.215
14707.880
14749.545
14791.211
14832.876
14874.541
14916.207
14957.872
14999.538
15041.201
15082.868
15124.535
15166.200
15207.865
15249.536
15291.199
15332.861
15374.524
15416.192
15457.855
15499.523
15541.186
15582.854
15624.517
15666.185
15707.850
15749.516
15791.181
15832.846
15874.511
15916.177
15957.842
15999.508
16041.173
16082.838
16124.503
16166.169
16207.834
16249.500
16291.171
16332.831
16374.494
16416.160
16457.824
16499.491
16541.155
16582.823
16624.486
16666.153
16707.819
16749.484
16791.150
16832.815
16874.480
16916.146
16957.811
16999.477
17041.140
17082.807
17124.474
17166.138
17207.803
17249.470
17291.139
17332.799
17374.464
17416.130
17457.793
17499.459
17541.124
17582.790
17624.455
17666.122
17707.787
17749.452
17791.118
17832.783
17874.449
17916.112
17957.778
17999.445
18041.109
18082.776
18124.442
18166.106
18207.772
18249.440
18291.104
18332.768
18374.432
18416.099
18457.763
18499.429
18541.093
18582.760
18624.424
18666.090
18707.756
18749.422
18791.087
18832.752
18874.418
18916.083
18957.748
18999.414
19041.078
19082.746
19124.409
19166.076
19207.740
19249.409
19291.074
19332.737
19374.402
19416.069
19457.732
19499.397
19541.063
19582.729
19624.394
19666.061
19707.726
19749.391
19791.057
19832.721
19874.386
19916.052
19957.718
19999.384
20041.049
20082.714
20124.380
20166.045
20207.711
20249.377
20291.040
20332.708
20374.372
20416.038
20457.697
20499.369
20541.027
20582.699
20624.358
20666.023
20707.695
20749.361
20791.025
20832.691
20874.357
20916.022
20957.687
20999.353
21041.017
21082.684
21124.350
21166.014
21207.678
21249.348
21291.012
21332.676
21374.343
21416.008
21457.671
21499.337
21541.002
21582.669
21624.333
21665.999
21707.664
21749.329
21790.994
21832.660
21874.326
21915.991
21957.655
21999.323
22040.986
22082.652
22124.319
22165.984
22207.649
22249.315
22290.990
22332.645
22374.309
22415.976
22457.641
22499.307
22540.970
22582.636
22624.302
22665.969
22707.633
22749.300
22790.964
22832.630
22874.296
22915.961
22957.625
22999.291
23040.956
23082.622
23124.289
23165.952
23207.618
23249.285
23290.949
23332.614
23374.279
23415.945
23457.609
23499.277
23540.940
23582.606
23624.271
23665.937
23707.603
23749.267
23790.933
23832.599
23874.263
23915.929
23957.596
23999.260
24040.925
24082.592
24124.257
24165.922
24207.588
24249.255
24290.918
24332.585
24374.249
24415.915
24457.578
24499.245
24540.909
24582.577
24624.240
24665.906
24707.572
24749.237
24790.902
24832.568
24874.233
24915.898
24957.563
24999.230
25040.894
25082.559
25124.226
25165.892
25207.557
25249.227
25290.889
25332.554
25374.218
25415.885
25457.548
25499.213
25540.879
25582.546
25624.209
25665.876
25707.541
25749.206
25790.871
25832.536
25874.203
25915.869
25957.533
25999.199
26040.864
26082.530
26124.195
26165.861
26207.527
26249.194
26290.857
26332.523
26374.186
26415.854
26457.518
26499.184
26540.848
26582.515
26624.179
26665.845
26707.511
26749.177
26790.841
26832.508
26874.173
26915.837
26957.502
26999.168
27040.833
27082.500
27124.165
27165.830
27207.495
27249.162
27290.837
27332.492
27374.156
27415.823
27457.487
27499.152
27540.818
27582.485
27624.149
27665.815
27707.478
27749.145
27790.810
27832.475
27874.141
27915.806
27957.472
27999.138
28040.803
28082.468
28124.135
28165.799
28207.465
28249.134
28290.795
28332.461
28374.125
28415.791
28457.456
28499.123
28540.786
28582.453
28624.118
28665.783
28707.448
28749.114
28790.780
28832.445
28874.110
28915.777
28957.442
28999.108
29040.772
29082.437
29124.102
29165.768
29207.433
29249.103
29290.765
29332.430
29374.095
29415.762
29457.426
29499.092
29540.756
29582.424
29624.087
29665.754
29707.417
29749.084
29790.749
29832.414
29874.080
29915.745
29957.410
29999.075
30040.741
30082.407
30124.072
30165.738
30207.404
30249.072
30290.737
30332.401
30374.064
30415.731
30457.395
30499.060
30540.725
30582.393
30624.056
30665.723
30707.388
30749.053
30790.717
30832.384
30874.050
30915.714
30957.380
30999.045
31040.710
31082.377
31124.042
31165.709
31207.372
31249.040
31290.704
31332.370
31374.034
31415.701
31457.364
31499.032
31540.695
31582.362
31624.025
31665.694
31707.358
31749.024
31790.687
31832.354
31874.020
31915.686
31957.352
31999.016
32040.681
32082.347
32124.012
32165.678
32207.343
32249.010
32290.674
32332.340
32374.003
32415.670
32457.333
32499.001
32540.665
32582.332
32623.995
32665.662
32707.327
32748.993
32790.658
32832.324
32873.990
32915.654
32957.320
32998.986
33040.651
33082.316
33123.982
33165.647
33207.312
33248.980
33290.643
33332.309
33373.972
33415.640
33457.302
33498.970
33540.634
33582.301
33623.965
33665.632
33707.297
33748.962
33790.628
33832.293
33873.959
33915.624
33957.290
33998.955
34040.620
34082.286
34123.951
34165.616
34207.282
34248.947
34290.614
34332.278
34373.942
34415.609
34457.272
34498.937
34540.602
34582.268
34623.934
34665.601
34707.267
34748.931
34790.595
34832.260
34873.926
34915.592
34957.257
34998.922
35040.588
35082.254
35123.919
35165.586
35207.249
35248.917
35290.581
35332.245
35373.911
35415.578
35457.243
35498.909
35540.573
35582.239
35623.903
35665.569
35707.236
35748.901
35790.565
35832.230
35873.896
35915.561
35957.227
35998.893
36040.557
36082.223
36123.888
36165.555
36207.220
36248.887
36290.550
36332.216
36373.880
36415.547
36457.211
36498.877
36540.541
36582.209
36623.873
36665.540
36707.204
36748.870
36790.535
36832.200
36873.865
36915.531
36957.196
36998.860
37040.526
37082.194
37123.860
37165.523
37207.189
37248.856
37290.521
37332.184
37373.849
37415.517
37457.182
37498.847
37540.512
37582.179
37623.841
37665.507
37707.173
37748.838
37790.506
37832.170
37873.834
37915.499
37957.165
37998.831
38040.496
38082.161
38123.827
38165.504
38207.160
38248.827
38290.491
38332.155
38373.818
38415.486
38457.149
38498.817
38540.481
38582.148
38623.822
38665.479
38707.144
38748.809
38790.475
38832.140
38873.805
38915.470
38957.136
38998.802
39040.467
39082.148
39123.798
39165.463
39207.128
39248.797
39290.460
39332.124
39373.789
39415.455
39457.119
39498.786
39540.451
39582.117
39623.780
39665.448
39707.113
39748.778
39790.444
39832.109
39873.775
39915.440
39957.105
39998.771
40040.436
40082.102
40123.767
40165.432
40207.098
40248.765
40290.433
40332.094
40373.758
40415.437
40457.088
40498.756
40540.418
40582.086
40623.750
40665.417
40707.083
40748.748
40790.413
40832.079
40873.744
40915.409
40957.075
40998.741
41040.405
41082.071
41123.736
41165.402
41207.068
41248.733
41290.399
41332.064
41373.727
41415.394
41457.058
41498.723
41540.388
41582.056
41623.719
41665.387
41707.052
41748.717
41790.382
41832.048
41873.714
41915.379
41957.044
41998.709
42040.375
42082.040
42123.707
42165.371
42207.037
42248.701
42290.376
42332.032
42373.695
42415.362
42457.026
42498.693
42540.358
42582.024
42623.690
42665.355
42707.021
42748.686
42790.351
42832.017
42873.682
42915.347
42957.012
42998.677
43040.343
43082.008
43123.674
43165.341
43207.006
43248.675
43290.339
43332.001
43373.665
43415.333
43456.996
43498.663
43540.328
43581.992
43623.658
43665.323
43706.988
43748.654
43790.320
43831.986
43873.651
43915.316
43956.981
43998.647
44040.312
44081.978
44123.643
44165.308
44206.975
44248.642
44290.304
44331.969
44373.635
44415.301
44456.966
44498.633
44540.297
44581.963
44623.627
44665.293
44706.958
44748.624
44790.290
44831.955
44873.621
44915.286
44956.952
44998.616
45040.282
45081.947
45123.613
45165.279
45206.943
45248.610
45290.275
45331.940
45373.605
45415.272
45456.935
45498.601
45540.265
45581.931
45623.596
45665.262
45706.928
45748.593
45790.258
45831.924
45873.589
45915.254
45956.920
45998.586
46040.251
46081.916
46123.582
46165.248
46206.913
46248.580
46290.253
46331.910
46373.574
46415.240
46456.904
46498.572
46540.235
46581.902
46623.566
46665.232
46706.897
46748.562
46790.228
46831.893
46873.559
46915.224
46956.889
46998.555
47040.222
47081.886
47123.551
47165.217
47206.881
47248.548
47290.221
47331.879
47373.543
47415.210
47456.874
47498.540
47540.204
47581.872
47623.535
47665.202
47706.867
47748.533
47790.198
47831.864
47873.528
47915.194
47956.860
47998.524
48040.190
48081.856
48123.520
48165.186
48206.851
48248.520
48290.184
48331.848
48373.512
48415.179
48456.844
48498.510
48540.173
48581.840
48623.505
48665.170
48706.836
48748.502
48790.166
48831.831
48873.497
48915.162
48956.828
48998.493
49040.158
49081.823
49123.491
49165.156
49206.821
49248.488
49290.157
49331.818
49373.481
49415.149
49456.813
49498.479
49540.143
49581.810
49623.474
49665.141
49706.806
49748.471
49790.137
49831.802
49873.467
49915.133
49956.804
49998.462
50040.127
50081.794
50123.458
50165.125
50206.791
50248.459
50290.129
50331.787
50373.451
50415.119
50456.782
50498.448
50540.112
50581.778
50623.443
50665.109
50706.774
50748.441
50790.107
50831.773
50873.437
50915.102
50956.767
50998.432
51040.096
51081.762
51123.428
51165.095
51206.759
51248.428
51290.092
51331.756
51373.420
51415.087
51456.752
51498.417
51540.076
51581.749
51623.408
51665.079
51706.743
51748.408
51790.074
51831.741
51873.400
51915.070
51956.736
51998.396
52040.061
52081.731
52123.398
52165.064
52206.728
52248.396
52290.059
52331.726
52373.390
52415.057
52456.721
52498.386
52540.052
52581.718
52623.382
52665.048
52706.713
52748.379
52790.046
52831.710
52873.376
52915.042
52956.707
52998.372
53040.037
53081.703
53123.366
53165.032
53206.700
53248.365
53290.033
53331.695
53373.359
53415.027
53456.690
53498.355
53540.020
53581.687
53623.351
53665.017
53706.683
53748.348
53790.014
53831.679
53873.344
53915.009
53956.675
53998.340
54040.006
54081.672
54123.337
54165.001
54206.667
54248.334
54290.000
54331.665
54373.328
54414.995
54456.660
54498.326
54539.991
54581.657
54623.321
54664.987
54706.653
54748.318
54789.983
54831.648
54873.315
54914.979
54956.644
54998.310
55039.975
55081.641
55123.306
55164.971
55206.638
55248.305
55289.968
55331.634
55373.299
55414.966
55456.629
55498.296
55539.959
55581.626
55623.291
55664.957
55706.622
55748.288
55789.952
55831.618
55873.283
55914.949
55956.614
55998.279
56039.945
56081.611
56123.275
56164.942
56206.606
56248.275
56289.940
56331.603
56373.267
56414.935
56456.598
56498.265
56539.929
56581.595
56623.260
56664.926
56706.592
56748.256
56789.922
56831.587
56873.252
56914.917
56956.583
56998.248
57039.915
57081.579
57123.245
57164.911
57206.576
57248.243
57289.907
57331.572
57373.238
57414.904
57456.567
57498.234
57539.899
57581.565
57623.229
57664.895
57706.561
57748.226
57789.891
57831.557
57873.225
57914.889
57956.553
57998.219
58039.884
58081.549
58123.214
58164.881
58206.546
58248.213
58289.880
58331.543
58373.206
58414.874
58456.537
58498.203
58539.869
58581.534
58623.200
58664.865
58706.531
58748.196
58789.862
58831.527
58873.193
58914.858
58956.523
58998.188
59039.854
59081.519
59123.186
59164.851
59206.517
59248.182
59289.846
59331.511
59373.177
59414.843
59456.507
59498.173
59539.838
59581.503
59623.169
59664.835
59706.501
59748.166
59789.832
59831.497
59873.162
59914.827
59956.493
59998.158
60039.824
60081.489
60123.155
60164.820
60206.485
60248.152
60289.815
60331.480
60373.145
60414.813
60456.477
60498.143
60539.806
60581.472
60623.139
60664.804
60706.468
60748.135
60789.800
60831.465
60873.131
60914.796
60956.461
60998.127
61039.792
61081.457
61123.125
61164.790
61206.454
61248.122
61289.784
61331.451
61373.114
61414.783
61456.446
61498.112
61539.776
61581.443
61623.107
61664.774
61706.439
61748.104
61789.769
61831.435
61873.100
61914.764
61956.430
61998.095
62039.761
62081.425
62123.093
62164.758
62206.422
62248.090
62289.753
62331.420
62373.085
62414.752
62456.415
62498.081
62539.745
62581.411
62623.078
62664.743
62706.408
62748.074
62789.738
62831.404
62873.070
62914.735
62956.400
62998.065
63039.730
63081.396
63123.061
63164.727
63206.392
63248.065
63289.730
63331.391
63373.053
63414.719
63456.384
63498.050
63539.715
63581.380
63623.047
63664.711
63706.377
63748.041
63789.707
63831.374
63873.039
63914.704
63956.369
63998.036
64039.700
64081.365
64123.032
64164.697
64206.363
64248.031
64289.692
64331.359
64373.023
64414.691
64456.354
64498.020
64539.684
64581.349
64623.016
64664.681
64706.347
64748.012
64789.676
64831.342
64873.008
64914.674
64956.339
64998.005
65039.669
65081.334
65123.001
65164.667
65206.331
65248.000
65289.662
65331.328
65372.992
65414.660
65456.323
65497.988
65539.654
65581.320
65622.984
65664.650
65706.317
65747.981
65789.646
65831.311
65872.977
65914.642
65956.308
65997.973
66039.639
66081.304
66122.969
66164.635
66206.300
66247.970
66289.631
66331.298
66372.961
66414.628
66456.292
66497.958
66539.623
66581.288
66622.955
66664.621
66706.286
66747.952
66789.617
66831.281
66872.947
66914.612
66956.277
66997.943
67039.608
67081.273
67122.939
67164.605
67206.270
67247.937
67289.602
67331.265
67372.931
67414.599
67456.262
67497.928
67539.594
67581.261
67622.923
67664.590
67706.255
67747.920
67789.586
67831.252
67872.917
67914.581
67956.247
67997.913
68039.580
68081.244
68122.910
68164.574
68206.241
68247.908
68289.571
68331.236
68372.901
68414.568
68456.231
68497.897
68539.562
68581.228
68622.893
68664.560
68706.225
68747.891
68789.556
68831.221
68872.887
68914.551
68956.217
68997.883
69039.550
69081.211
69122.878
69164.545
69206.209
69247.878
69289.540
69331.207
69372.870
69414.536
69456.200
69497.865
69539.532
69581.196
69622.862
69664.530
69706.195
69747.860
69789.526
69831.190
69872.855
69914.520
69956.186
69997.851
70039.516
70081.182
70122.847
70164.514
70206.179
70247.845
70289.510
70331.174
70372.839
70414.506
70456.170
70497.835
70539.501
70581.166
70622.832
70664.498
70706.164
70747.829
70789.494
70831.159
70872.824
70914.490
70956.155
70997.820
71039.487
71081.152
71122.818
71164.482
71206.147
71247.815
71289.479
71331.144
71372.809
71414.476
71456.140
71497.806
71539.471
71581.137
71622.802
71664.469
71706.134
71747.799
71789.465
71831.130
71872.795
71914.461
71956.127
71997.791
72039.457
72081.123
72122.788
72164.453
72206.117
72247.784
72289.449
72331.113
72372.778
72414.444
72456.109
72497.775
72539.440
72581.106
72622.771
72664.437
72706.103
72747.769
72789.435
72831.099
72872.764
72914.430
72956.095
72997.761
73039.426
73081.091
73122.757
73164.422
73206.088
73247.755
73289.419
73331.084
73372.748
73414.415
73456.079
73497.745
73539.409
73581.075
73622.740
73664.406
73706.071
73747.737
73789.402
73831.068
73872.732
73914.400
73956.064
73997.729
74039.396
74081.060
74122.725
74164.392
74206.057
74247.725
74289.387
74331.052
74372.717
74414.385
74456.047
74497.713
74539.379
74581.044
74622.709
74664.376
74706.041
74747.706
74789.371
74831.036
74872.702
74914.367
74956.032
74997.697
75039.364
75081.029
75122.694
75164.360
75206.025
75247.693
75289.360
75331.021
75372.687
75414.354
75456.018
75497.684
75539.349
75581.017
75622.679
75664.346
75706.011
75747.676
75789.342
75831.006
75872.671
75914.337
75956.003
75997.669
76039.333
76080.998
76122.664
76164.329
76205.996
76247.663
76289.326
76330.993
76372.656
76414.323
76455.987
76497.652
76539.318
76580.984
76622.649
76664.315
76705.981
76747.646
76789.311
76830.977
76872.642
76914.307
76955.973
76997.638
77039.303
77080.969
77122.635
77164.300
77205.966
77247.631
77289.295
77330.961
77372.626
77414.291
77455.957
77497.623
77539.287
77580.952
77622.618
77664.283
77705.948
77747.614
77789.279
77830.945
77872.610
77914.275
77955.941
77997.606
78039.271
78080.937
78122.604
78164.268
78205.934
78247.609
78289.265
78330.930
78372.595
78414.262
78455.926
78497.592
78539.256
78580.925
78622.587
78664.255
78705.918
78747.585
78789.249
78830.913
78872.580
78914.245
78955.911
78997.577
79039.243
79080.907
79122.573
79164.237
79205.904
79247.571
79289.235
79330.899
79372.564
79414.230
79455.895
79497.561
79539.226
79580.892
79622.556
79664.223
79705.888
79747.554
79789.220
79830.885
79872.550
79914.216
79955.881
79997.548
80039.212
80080.878
80122.543
80164.208
80205.874
80247.541
80289.204
80330.870
80372.534
80414.201
80455.864
80497.530
80539.195
80580.862
80622.528
80664.194
80705.857
80747.525
80789.189
80830.855
80872.520
80914.186
80955.851
80997.517
81039.182
81080.847
81122.513
81164.178
81205.843
81247.510
81289.172
81330.839
81372.503
81414.170
81455.834
81497.501
81539.165
81580.832
81622.497
81664.163
81705.829
81747.491
81789.159
81830.824
81872.490
81914.155
81955.821
81997.486
82039.152
82080.817
82122.482
82164.147
82205.813
82247.479
82289.143
82330.809
82372.473
82414.139
82455.803
82497.469
82539.134
82580.801
82622.467
82664.132
82705.792
82747.462
82789.126
82830.788
82872.452
82914.118
82955.783
82997.449
83039.113
83080.786
83122.452
83164.116
83205.783
83247.449
83289.114
83330.779
83372.442
83414.109
83455.773
83497.439
83539.103
83580.771
83622.436
83664.102
83705.767
83747.432
83789.099
83830.762
83872.428
83914.094
83955.760
83997.425
84039.090
84080.756
84122.422
84164.087
84205.752
84247.419
84289.085
84330.748
84372.412
84414.079
84455.742
84497.408
84539.073
84580.739
84622.405
84664.070
84705.737
84747.402
84789.066
84830.731
84872.395
84914.062
84955.728
84997.393
85039.058
85080.724
85122.389
85164.055
85205.720
85247.387
85289.051
85330.716
85372.381
85414.047
85455.711
85497.378
85539.042
85580.709
85622.373
85664.038
85705.704
85747.369
85789.035
85830.700
85872.366
85914.031
85955.695
85997.361
86039.027
86080.694
86122.358
86164.025
86205.690
86247.356
86289.020
86330.687
86372.350
86414.017
86455.681
86497.347
86539.012
86580.677
86622.344
86664.008
86705.674
86747.340
86789.005
86830.671
86872.335
86914.001
86955.667
86997.333
87038.998
87080.663
87122.329
87163.993
87205.658
87247.326
87288.989
87330.656
87372.319
87413.987
87455.651
87497.316
87538.982
87580.649
87622.314
87663.980
87705.645
87747.310
87788.976
87830.641
87872.306
87913.971
87955.637
87997.302
88038.967
88080.634
88122.301
88163.962
88205.630
88247.296
88288.959
88330.624
88372.290
88413.957
88455.620
88497.286
88538.951
88580.616
88622.283
88663.949
88705.616
88747.279
88788.945
88830.610
88872.276
88913.940
88955.606
88997.272
89038.937
89080.602
89122.268
89163.934
89205.599
89247.265
89288.928
89330.595
89372.259
89413.926
89455.590
89497.256
89538.921
89580.588
89622.253
89663.919
89705.584
89747.249
89788.914
89830.580
89872.246
89913.911
89955.575
89997.239
90038.905
90080.571
90122.235
90163.902
90205.567
90247.235
90288.898
90330.565
90372.228
90413.896
90455.560
90497.224
90538.890
90580.556
90622.222
90663.888
90705.552
90747.219
90788.884
90830.548
90872.214
90913.879
90955.545
90997.210
91038.876
91080.541
91122.205
91163.872
91205.537
91247.206
91288.867
91330.534
91372.198
91413.864
91455.529
91497.193
91538.859
91580.524
91622.190
91663.857
91705.520
91747.188
91788.853
91830.517
91872.182
91913.848
91955.513
91997.178
92038.844
92080.509
92122.174
92163.841
92205.507
92247.173
92288.837
92330.503
92372.167
92413.834
92455.498
92497.163
92538.828
92580.496
92622.162
92663.826
92705.491
92747.156
92788.821
92830.487
92872.152
92913.817
92955.483
92997.148
93038.815
93080.479
93122.145
93163.812
93205.476
93247.144
93288.806
93330.471
93372.136
93413.804
93455.468
93497.133
93538.798
93580.464
93622.130
93663.795
93705.460
93747.127
93788.792
93830.456
93872.123
93913.788
93955.453
93997.118
94038.784
94080.449
94122.115
94163.780
94205.445
94247.113
94288.775
94330.442
94372.105
94413.773
94455.437
94497.103
94538.767
94580.435
94622.098
94663.765
94705.430
94747.095
94788.760
94830.425
94872.092
94913.757
94955.422
94997.088
95038.753
95080.420
95122.084
95163.750
95205.415
95247.084
95288.745
95330.412
95372.075
95413.743
95455.406
95497.071
95538.737
95580.404
95622.067
95663.735
95705.399
95747.064
95788.730
95830.395
95872.061
95913.726
95955.392
95997.057
96038.723
96080.388
96122.052
96163.719
96205.384
96247.051
96288.714
96330.380
96372.045
96413.712
96455.376
96497.042
96538.706
96580.374
96622.038
96663.704
96705.370
96747.035
96788.700
96830.366
96872.031
96913.696
96955.361
96997.027
97038.693
97080.358
97122.023
97163.689
97205.354
97247.021
97288.685
97330.351
97372.014
97413.681
97455.345
97497.012
97538.676
97580.342
97622.008
97663.673
97705.337
97747.004
97788.670
97830.335
97872.000
97913.666
97955.331
97996.996
98038.662
98080.327
98121.991
98163.657
98205.323
98246.993
98288.653
98330.318
98371.984
98413.651
98455.315
98496.981
98538.645
98580.312
98621.977
98663.641
98705.307
98746.973
98788.638
98830.304
98871.969
98913.634
98955.302
98996.965
99038.630
99080.296
99121.961
99163.626
99205.292
99246.961
99288.623
99330.289
99371.953
99413.619
99455.284
99496.950
99538.615
99580.282
99621.947
99663.613
99705.277
99746.942
99788.602
99830.273
99871.938
99913.604
99955.269
99996.934
100038.600
100080.265
100121.930
100163.598
100205.263
100246.930
100288.606
100330.259
100371.923
100413.590
100455.254
100496.919
100538.585
100580.249
100621.916
100663.582
100705.248
100746.912
100788.577
100830.241
100871.907
100913.573
100955.239
100996.905
101038.571
101080.235
101121.899
101163.568
101205.232
101246.899
101288.563
101330.228
101371.893
101413.560
101455.223
101496.890
101538.554
101580.221
101621.885
101663.552
101705.218
101746.883
101788.548
101830.213
101871.877
101913.543
101955.211
101996.876
102038.541
102080.206
102121.869
102163.537
102205.203
102246.868
102288.533
102330.198
102371.861
102413.529
102455.193
102496.858
102538.523
102580.191
102621.854
102663.521
102705.187
102746.852
102788.518
102830.183
102871.849
102913.511
102955.180
102996.845
103038.510
103080.175
103121.839
103163.506
103205.171
103246.838
103288.504
103330.167
103371.832
103413.500
103455.162
103496.827
103538.492
103580.160
103621.824
103663.491
103705.157
103746.822
103788.488
103830.153
103871.818
103913.483
103955.147
103996.812
104038.479
104080.144
104121.808
104163.476
104205.141
104246.809
104288.471
104330.136
104371.801
104413.469
104455.132
104496.797
104538.463
104580.130
104621.793
104663.461
104705.126
104746.791
104788.456
104830.123
104871.787
104913.452
104955.118
104996.781
105038.447
105080.113
105121.778
105163.445
105205.110
105246.778
105288.440
105330.106
105371.771
105413.439
105455.102
105496.765
105538.431
105580.098
105621.762
105663.430
105705.095
105746.759
105788.424
105830.090
105871.755
105913.420
105955.086
105996.751
106038.417
106080.083
106121.749
106163.414
106205.079
106246.747
106288.410
106330.076
106371.740
106413.407
106455.071
106496.736
106538.401
106580.067
106621.732
106663.398
106705.064
106746.729
106788.393
106830.059
106871.725
106913.390
106955.055
106996.722
107038.386
107080.052
107121.717
107163.382
107205.050
107246.716
107288.378
107330.044
107371.709
107413.377
107455.040
107496.705
107538.370
107580.038
107621.703
107663.369
107705.034
107746.699
107788.365
107830.030
107871.695
107913.361
107955.025
107996.691
108038.356
108080.024
108121.687
108163.354
108205.018
108246.687
108288.348
108330.015
108371.679
108413.347
108455.010
108496.674
108538.341
108580.007
108621.672
108663.338
108705.003
108746.668
108788.333
108829.999
108871.665
108913.330
108954.995
108996.660
109038.325
109079.991
109121.657
109163.323
109204.988
109246.655
109288.317
109329.984
109371.648
109413.315
109454.979
109496.644
109538.310
109579.975
109621.640
109663.309
109704.973
109746.639
109788.304
109829.970
109871.634
109913.299
109954.965
109996.630
110038.295
110079.961
110121.626
110163.293
110204.957
110246.626
110288.287
110329.953
110371.618
110413.283
110454.948
110496.615
110538.280
110579.945
110621.610
110663.277
110704.943
110746.609
110788.272
110829.939
110871.603
110913.269
110954.934
110996.599
111038.264
111079.930
111121.600
111163.262
111204.927
111246.594
111288.266
111329.923
111371.588
111413.254
111454.918
111496.583
111538.249
111579.915
111621.580
111663.247
111704.912
111746.578
111788.243
111829.909
111871.574
111913.239
111954.905
111996.570
112038.236
112079.900
112121.566
112163.232
112204.897
112246.563
112288.234
112329.893
112371.557
112413.223
112454.887
112496.554
112538.218
112579.886
112621.545
112663.217
112704.882
112746.547
112788.213
112829.878
112871.543
112913.208
112954.875
112996.540
113038.204
113079.869
113121.534
113163.201
113204.867
113246.534
113288.196
113329.862
113371.526
113413.193
113454.857
113496.523
113538.188
113579.855
113621.518
113663.183
113704.849
113746.515
113788.181
113829.847
113871.511
113913.177
113954.842
113996.502
114038.169
114079.839
114121.505
114163.171
114204.834
114246.504
114288.166
114329.830
114371.495
114413.163
114454.826
114496.492
114538.157
114579.823
114621.500
114663.154
114704.820
114746.485
114788.150
114829.816
114871.481
114913.146
114954.811
114996.477
115038.142
115079.807
115121.472
115163.138
115204.804
115246.472
115288.134
115329.799
115371.465
115746.463
115788.114
115829.785
115871.450
115913.115
115954.776
115996.446
116038.112
116079.777
116121.444
116163.110
116204.774
116246.441
116288.113
116329.771
116371.435
116413.102
116454.765
116496.431
116538.096
116579.763
116621.428
116663.095
116704.760
116746.425
116788.088
116829.755
116871.422
116913.084
116954.751
116996.417
117038.083
117079.748
117121.413
117163.079
117204.745
117246.412
117288.073
117329.738
117371.404
117413.069
117454.735
117496.400
117538.065
117579.730
117621.398
117663.063
117704.728
117746.393
117788.058
117829.724
117871.389
117913.056
117954.722
117996.386
118038.052
118079.718
118121.382
118163.048
118204.714
118246.380
118288.052
118329.710
118371.373
118413.040
118454.705
118496.369
118538.035
118579.701
118621.366
118663.033
118704.698
118746.363
118788.028
118829.695
118871.359
118913.025
118954.690
118996.354
119038.019
119079.686
119121.351
119163.018
119204.683
119246.350
119288.013
119329.678
119371.343
119413.009
119454.674
119496.340
119538.005
119579.672
119621.335
119663.001
119704.667
119746.332
119787.998
119829.663
119871.328
119912.994
119954.660
119996.325
120037.990
120079.654
120121.320
120162.986
120204.652
120246.321
120287.982
120329.648
120371.313
120412.980
120454.644
120496.310
120537.974
120579.640
120621.305
120662.971
120704.639
120746.303
120787.968
120829.633
120871.298
120912.964
120954.630
120996.295
121037.960
121079.624
121121.289
121162.958
121204.622
121246.289
121287.951
121329.618
121371.282
121412.950
121454.613
121496.279
121537.943
121579.611
121621.275
121662.940
121704.607
121746.272
121787.937
121829.603
121871.268
121912.933
121954.598
121996.263
122037.929
122079.595
122121.258
122162.925
122204.592
122246.258
122287.922
122329.587
122371.251
122412.918
122454.583
122496.247
122537.913
122579.579
122621.243
122662.911
122704.575
122746.241
122787.906
122829.572
122871.236
122912.902
122954.567
122996.233
123037.898
123079.563
123121.229
123162.895
123204.561
123246.229
123287.891
123329.557
123371.221
123412.889
123454.552
123496.219
123537.882
123579.549
123621.215
123662.881
123704.546
123746.211
123787.876
123829.542
123871.207
123912.872
123954.537
123996.203
124037.868
124079.533
124121.199
124162.866
124204.531
124246.197
124287.860
124329.527
124371.191
124412.857
124454.522
124496.187
124537.853
124579.518
124621.184
124662.848
124704.515
124746.181
124787.846
124829.510
124871.176
124912.841
124954.508
124996.172
125037.837
125079.503
125121.167
125162.834
125204.500
125246.168
125287.830
125329.496
125371.159
125412.827
125454.491
125496.156
125537.821
125579.487
125621.153
125662.819
125704.485
125746.150
125787.809
125829.481
125871.147
125912.811
125954.477
125996.142
126037.807
126079.473
126121.138
126162.805
126204.469
126246.139
126287.805
126329.466
126371.130
126412.798
126454.461
126496.127
126537.791
126579.458
126621.123
126662.789
126704.454
126746.119
126787.785
126829.450
126871.115
126912.781
126954.447
126996.111
127037.777
127079.443
127121.107
127162.774
127204.439
127246.106
127287.769
127329.435
127371.099
127412.766
127454.430
127496.095
127537.761
127579.427
127621.093
127662.759
127704.424
127746.089
127787.753
127829.420
127871.086
127912.750
127954.415
127996.081
128037.746
128079.412
128121.077
128162.743
128204.409
128246.076
128287.739
128329.405
128371.069
128412.736
128454.399
128496.066
128537.731
128579.398
128621.062
128662.729
128704.392
128746.058
128787.724
128829.388
128871.054
128912.720
128954.384
128996.050
129037.715
129079.381
129121.047
129162.713
129204.378
129246.045
129287.707
129329.374
129371.038
129412.707
129454.369
129496.034
129537.700
129579.365
129621.033
129662.697
129704.364
129746.028
129787.693
129829.358
129871.024
129912.689
129954.354
129996.021
130037.685
130079.350
130121.016
130162.682
130204.347
130246.014
130287.678
130329.343
130371.008
130412.676
130454.339
130496.005
130537.670
130579.337
130621.001
130662.668
130704.333
130745.998
130787.663
130829.328
130870.994
130912.659
130954.325
130995.989
131037.654
131079.320
131120.986
131162.652
131204.318
131245.984
131287.656
131329.314
131370.978
131412.644
131454.308
131495.975
131537.639
131579.307
131620.971
131662.637
131704.302
131745.968
131787.632
131829.298
131870.964
131912.628
131954.293
131995.960
132037.624
132079.291
132120.956
132162.620
132204.286
132245.954
132287.617
132329.283
132370.947
132412.614
132454.278
132495.943
132537.609
132579.276
132620.941
132662.606
132704.270
132745.936
132787.602
132829.268
132870.933
132912.599
132954.264
132995.929
133037.595
133079.260
133120.926
133162.591
133204.257
133245.925
133287.586
133329.252
133370.916
133412.583
133454.247
133495.912
133537.577
133579.243
133620.909
133662.574
133704.241
133745.906
133787.571
133829.237
133870.901
133912.568
133954.233
133995.899
134037.563
134079.229
134120.894
134162.561
134204.226
134245.894
134287.555
134329.220
134370.886
134412.553
134454.217
134495.882
134537.548
134579.213
134620.880
134662.545
134704.211
134745.876
134787.542
134829.206
134870.873
134912.537
134954.202
134995.869
135037.534
135079.199
135120.865
135162.530
135204.195
135245.861
135287.528
135329.192
135370.855
135412.523
135454.186
135495.853
135537.517
135579.184
135620.848
135662.514
135704.181
135745.845
135787.509
135829.175
135870.840
135912.506
135954.173
135995.837
136037.503
136079.169
136120.834
136162.499
136204.164
136245.832
136287.494
136329.161
136370.825
136412.490
136454.156
136495.816
136537.487
136579.154
136620.818
136662.478
136704.150
136745.815
136787.480
136829.145
136870.810
136912.476
136954.141
136995.807
137037.472
137079.138
137120.805
137162.468
137204.135
137245.802
137287.463
137329.130
137370.795
137412.462
137454.126
137495.791
137537.456
137579.123
137620.788
137662.453
137704.120
137745.784
137787.450
137829.115
137870.781
137912.446
137954.112
137995.778
138037.443
138079.106
138120.774
138162.438
138204.104
138245.771
138287.433
138329.100
138370.764
138412.430
138454.095
138495.760
138537.426
138579.093
138620.759
138662.422
138704.089
138745.754
138787.420
138829.085
138870.750
138912.416
138954.081
138995.745
139037.411
139079.076
139120.742
139162.408
139204.074
139245.740
139287.402
139329.068
139370.733
139412.401
139454.065
139495.731
139537.396
139579.063
139620.727
139662.392
139704.058
139745.724
139787.389
139829.054
139870.720
139912.384
139954.050
139995.715
140037.380
140079.045
140120.711
140162.376
140204.042
140245.711
140287.414
140329.039
140370.730
140412.370
140454.055
140495.700
140537.378
140579.031
140620.696
140662.361
140704.027
140745.693
140787.358
140829.023
140870.689
140912.353
140954.019
140995.684
141037.349
141079.015
141120.681
141162.345
141204.010
141245.679
141287.344
141329.009
141370.673
141412.340
141454.005
141495.670
141537.336
141579.001
141620.666
141662.330
141703.996
141745.660
141787.327
141828.993
141870.657
141912.318
141953.984
141995.656
142037.320
142078.985
142120.651
142162.315
142203.982
142245.650
142287.329
142328.978
142370.644
142412.309
142453.974
142495.638
142537.336
142578.970
142620.635
142662.300
142703.966
142745.631
142787.298
142828.962
142870.626
142912.292
142953.957
142995.623
143037.288
143078.953
143120.620
143162.286
143203.950
143245.620
143287.284
143328.947
143370.614
143412.279
143453.944
143495.608
143537.274
143578.940
143620.606
143662.270
143703.935
143745.602
143787.266
143828.933
143870.598
143912.264
143953.929
143995.595
144037.259
144078.924
144120.590
144162.256
144203.921
144245.592
144287.253
144328.916
144370.582
144412.248
144453.913
144495.578
144537.244
144578.910
144620.576
144662.242
144703.906
144745.572
144787.237
144828.902
144870.568
144912.233
144953.899
144995.562
145037.228
145078.894
145120.559
145162.226
145203.889
145245.558
145287.224
145328.886
145370.551
145412.218
145453.882
145495.548
145537.213
145578.878
145620.544
145662.210
145703.876
145745.540
145787.206
145828.871
145870.536
145912.201
145953.867
145995.532
146037.199
146078.864
146120.529
146162.195
146203.861
146245.527
146287.192
146328.855
146370.523
146412.188
146453.853
146495.516
146537.182
146578.846
146620.514
146662.180
146703.846
146745.510
146787.175
146828.840
146870.505
146912.170
146953.836
146995.501
147037.167
147078.833
147120.498
147162.165
147203.829
147245.496
147287.162
147328.824
147370.492
147412.158
147453.822
147495.486
147537.153
147578.818
147620.482
147662.148
147703.814
147745.479
147787.144
147828.810
147870.475
147912.141
147953.806
147995.471
148037.137
148078.803
148120.469
148162.134
148203.799
148245.466
148287.131
148328.796
148370.461
148412.127
148453.792
148495.456
148537.122
148578.788
148620.454
148662.117
148703.784
148745.449
148787.114
148828.780
148870.444
148912.110
148953.775
148995.441
149037.107
149078.772
149120.438
149162.104
149203.770
149245.437
149287.101
149328.764
149370.430
149412.095
149453.761
149495.426
149537.092
149578.757
149620.422
149662.087
149703.752
149745.418
149787.084
149828.749
149870.414
149912.081
149953.745
149995.410
150037.076
150078.742
150120.407
150162.072
150203.738
150245.405
150287.067
150328.734
150370.398
150412.065
150453.729
150495.396
150537.059
150578.726
150620.391
150662.056
150703.723
150745.386
150787.052
150828.718
150870.383
150912.049
150953.715
150995.380
151037.046
151078.712
151120.376
151162.042
151203.707
151245.375
151287.037
151328.704
151370.368
151412.033
151453.698
151495.366
151537.030
151578.694
151620.362
151662.026
151703.692
151745.357
151787.021
151828.687
151870.353
151912.019
151953.684
151995.349
152037.015
152078.681
152120.345
152162.011
152203.676
152245.344
152287.007
152328.673
152370.337
152412.004
152453.668
152495.336
152536.999
152578.665
152620.330
152661.995
152703.661
152745.326
152786.992
152828.656
152870.321
152911.988
152953.653
152995.318
153036.984
153078.649
153120.317
153161.983
153203.647
153245.315
153286.985
153328.642
153370.307
153411.975
153453.638
153495.303
153536.969
153578.636
153620.301
153661.965
153703.631
153745.296
153786.962
153828.628
153870.291
153911.958
153953.623
153995.289
154036.954
154078.620
154120.284
154161.951
154203.617
154245.283
154286.946
154328.612
154370.277
154411.944
154453.607
154495.273
154536.937
154578.603
154620.269
154661.935
154703.601
154745.266
154786.932
154828.596
154870.262
154911.927
154953.592
154995.258
155036.924
155078.588
155120.254
155161.921
155203.586
155245.253
155286.923
155328.582
155370.246
155411.915
155453.578
155495.243
155536.908
155578.575
155620.240
155661.906
155703.571
155745.236
155786.902
155828.568
155870.232
155911.898
155953.563
155995.229
156036.894
156078.558
156120.223
156161.890
156203.556
156245.223
156286.886
156328.552
156370.215
156411.883
156453.547
156495.212
156536.877
156578.545
156620.210
156661.875
156703.541
156745.207
156786.872
156828.537
156870.202
156911.868
156953.533
156995.199
157036.864
157078.530
157120.194
157161.859
157203.526
157245.193
157286.854
157328.521
157370.181
157411.851
157453.516
157495.182
157536.847
157578.512
157620.179
157661.845
157703.510
157745.175
157786.841
157828.506
157870.171
157911.837
157953.502
157995.168
158036.834
158078.497
158120.163
158161.829
158203.495
158245.162
158286.868
158328.491
158370.192
158411.822
158453.520
158495.151
158536.832
158578.482
158620.149
158661.814
158703.479
158745.145
158786.809
158828.474
158870.141
158911.806
158953.471
158995.136
159036.802
159078.467
159120.133
159161.800
159203.465
159245.131
159286.809
159328.459
159370.125
159411.792
159453.457
159495.121
159536.828
159578.453
159620.117
159661.782
159703.447
159745.115
159786.779
159828.443
159870.108
159911.774
159953.440
159995.107
160036.771
160078.436
160120.101
160161.768
160203.435
160245.100
160286.765
160328.430
160370.094
160411.761
160453.427
160495.089
160536.756
160578.423
160620.088
160661.752
160703.418
160745.084
160786.748
160828.414
160870.079
160911.744
160953.410
160995.076
161036.741
161078.406
161120.071
161161.737
161203.403
161245.069
161286.734
161328.398
161370.064
161411.730
161453.395
161495.059
161536.726
161578.390
161620.056
161661.723
161703.386
161745.052
161786.718
161828.383
161870.049
161911.713
161953.379
161995.044
162036.710
162078.376
162120.042
162161.707
162203.373
162245.040
162286.707
162328.369
162370.035
162411.701
162453.367
162495.029
162536.697
162578.355
162620.026
162661.691
162703.356
162745.021
162786.682
162828.355
162870.020
162911.686
162953.351
162995.017
163036.681
163078.345
163120.011
163161.676
163203.343
163245.010
163286.685
163328.338
163370.003
163411.668
163453.335
163494.999
163536.665
163578.329
163619.995
163661.661
163703.327
163744.992
163786.656
163828.322
163869.988
163911.654
163953.318
163994.984
164036.649
164078.314
164119.980
164161.645
164203.311
164244.979
164286.643
164328.308
164369.972
164411.638
164453.304
164494.968
164536.634
164578.301
164619.965
164661.632
164703.296
164744.961
164786.627
164828.293
164869.958
164911.623
164953.289
164994.954
165036.619
165078.285
165119.950
165161.617
165203.280
165244.948
165286.628
165328.277
165369.943
165411.610
165453.275
165494.937
165536.605
165578.270
165619.936
165661.599
165703.267
165744.932
165786.598
165828.262
165869.927
165911.596
165953.259
165994.924
166036.590
166078.254
166119.920
166161.586
166203.252
166244.919
166286.583
166328.247
166369.912
166411.579
166453.244
166494.910
166536.573
166578.238
166619.903
166661.570
166703.235
166744.901
166786.567
166828.232
166869.898
166911.563
166953.229
166994.894
167036.560
167078.225
167119.891
167161.555
167203.220
167244.887
167286.554
167328.216
167369.882
167411.548
167453.213
167494.877
167536.544
167578.208
167619.873
167661.540
167703.203
167744.869
167786.536
167828.201
167869.866
167911.525
167953.197
167994.857
168036.528
168078.195
168119.860
168161.524
168203.188
168244.858
168286.523
168328.187
168369.852
168411.518
168453.182
168494.847
168536.514
168578.179
168619.844
168661.511
168703.175
168744.841
168786.504
168828.170
168869.837
168911.502
168953.169
168994.833
169036.499
169078.164
169119.829
169161.495
169203.159
169244.826
169286.503
169328.155
169369.822
169411.488
169453.152
169494.816
169536.482
169578.148
169619.813
169661.480
169703.145
169744.810
169786.475
169828.139
169869.805
169911.470
169953.137
169994.802
170036.468
170078.133
170119.799
170161.464
170203.128
170244.799
170286.461
170328.124
170369.791
170411.457
170453.122
170494.786
170536.452
170578.119
170619.782
170661.449
170703.114
170744.779
170786.445
170828.110
170869.774
170911.441
170953.106
170994.772
171036.438
171078.104
171119.769
171161.435
171203.098
171244.766
171286.431
171328.095
171369.761
171411.425
171453.091
171494.757
171536.422
171578.086
171619.751
171661.418
171703.082
171744.749
171786.414
171828.079
171869.744
171911.408
171953.075
171994.742
172036.407
172078.072
172119.737
172161.404
172203.067
172244.734
172286.400
172328.063
172369.730
172411.395
172453.062
172494.724
172536.391
172578.055
172619.722
172661.387
172703.052
172744.719
172786.383
172828.049
172869.714
172911.380
172953.046
172994.710
173036.376
173078.042
173119.707
173161.373
173203.036
173244.706
173286.369
173328.034
173369.699
173411.366
173453.030
173494.695
173536.360
173578.026
173619.692
173661.357
173703.022
173744.689
173786.354
173828.019
173869.685
173911.351
173953.016
173994.682
174036.345
174078.012
174119.679
174161.344
174203.006
174244.679
174286.340
174328.002
174369.669
174411.336
174452.999
174494.663
174536.330
174577.995
174619.662
174661.326
174702.991
174744.657
174786.322
174827.987
174869.653
174911.320
174952.985
174994.649
175036.314
175077.980
175119.645
175161.313
175202.975
175244.660
175286.309
175327.972
175369.639
175411.305
175452.969
175494.633
175536.299
175577.965
175619.630
175661.297
175702.960
175744.628
175786.293
175827.957
175869.624
175911.288
175952.954
175994.620
176036.286
176077.950
176119.615
176161.280
176202.944
176244.613
176286.278
176327.942
176369.608
176411.272
176452.938
176494.604
176536.270
176577.934
176619.600
176661.266
176702.932
176744.596
176786.263
176827.927
176869.592
176911.258
176952.923
176994.589
177036.254
177077.919
177119.585
177161.251
177202.916
177244.582
177286.246
177327.912
177369.578
177411.244
177452.909
177494.574
177536.239
177577.905
177619.570
177661.235
177702.900
177744.566
177786.230
177827.896
177869.562
177911.228
177952.893
177994.558
178036.224
178077.889
178119.553
178161.219
178202.884
178244.552
178286.216
178327.880
178369.546
178411.213
178452.878
178494.543
178536.209
178577.873
178619.540
178661.204
178702.869
178744.535
178786.200
178827.866
178869.531
178911.198
178952.862
178994.527
179036.192
179077.858
179119.524
179161.190
179202.856
179244.523
179286.187
179327.852
179369.519
179411.182
179452.848
179494.514
179536.177
179577.846
179619.509
179661.174
179702.840
179744.506
179786.170
179827.837
179869.501
179911.165
179952.831
179994.497
180036.163
180077.828
180119.493
180161.160
180202.826
180244.493
180286.157
180327.819
180369.486
180411.153
180452.817
180494.483
180536.149
180577.814
180619.479
180661.144
180702.808
180744.474
180786.139
180827.806
180869.470
180911.136
180952.801
180994.467
181036.132
181077.797
181119.463
181161.129
181202.795
181244.462
181286.129
181327.790
181369.455
181411.123
181452.788
181494.451
181536.119
181577.782
181619.449
181661.115
181702.781
181744.446
181786.111
181827.776
181869.442
181911.107
181952.773
181994.438
182036.103
182077.769
182119.434
182161.099
182202.765
182244.432
182286.100
182327.760
182369.427
182411.091
182452.758
182494.421
182536.086
182577.753
182619.419
182661.085
182702.749
182744.415
182786.081
182827.746
182869.411
182911.077
182952.742
182994.407
183036.073
183077.738
183119.403
183161.069
183202.735
183244.402
183286.067
183327.729
183369.396
183411.061
183452.727
183494.391
183536.058
183577.721
183619.388
183661.055
183702.717
183744.384
183786.049
183827.716
183869.380
183911.047
183952.710
183994.376
184036.041
184077.707
184119.372
184161.038
184202.703
184244.373
184286.036
184327.699
184369.365
184411.031
184452.696
184494.359
184536.027
184577.692
184619.358
184661.024
184702.688
184744.352
184786.020
184827.684
184869.350
184911.015
184952.681
184994.346
185036.012
185077.677
185119.343
185161.009
185202.673
185244.342
185286.018
185327.669
185369.334
185411.001
185452.666
185494.330
185535.996
185577.661
185619.327
185660.992
185702.658
185744.323
185785.984
185827.654
185869.319
185910.985
185952.651
185994.316
186035.981
186077.646
186119.312
186160.977
186202.643
186244.311
186285.974
186327.638
186369.304
186410.970
186452.635
186494.299
186535.965
186577.631
186619.297
186660.961
186702.627
186744.291
186785.958
186827.622
186869.288
186910.954
186952.619
186994.285
187035.951
187077.615
187119.281
187160.947
187202.611
187244.280
187285.953
187327.607
187369.274
187410.938
187452.605
187494.268
187535.934
187577.599
187619.265
187660.931
187702.597
187744.262
187785.926
187827.598
187869.257
187910.923
187952.590
187994.254
188035.919
188077.584
188119.250
188160.915
188202.582
188244.249
188285.913
188327.577
188369.244
188410.909
188452.573
188494.238
188535.905
188577.568
188619.235
188660.900
188702.567
188744.231
188785.896
188827.563
188869.227
188910.893
188952.558
188994.224
189035.889
189077.555
189119.220
189160.886
189202.552
189244.220
189285.888
189327.546
189369.213
189410.878
189452.544
189494.209
189535.874
189577.540
189619.206
189660.870
189702.536
189744.201
189785.866
189827.532
189869.198
189910.862
189952.526
189994.192
190035.858
190077.523
190119.189
190160.856
190202.522
190244.190
190285.864
190327.516
190369.183
190410.849
190452.514
190494.178
190535.844
190577.509
190619.175
190660.840
190702.506
190744.171
190785.837
190827.502
190869.167
190910.833
190952.498
190994.164
191035.829
191077.495
191119.160
191160.826
191202.491
191244.157
191285.843
191327.486
191369.151
191410.819
191452.483
191494.147
191535.813
191577.479
191619.144
191660.809
191702.475
191744.140
191785.806
191827.471
191869.136
191910.802
191952.467
191994.133
192035.798
192077.463
192119.130
192160.796
192202.461
192244.128
192285.792
192327.455
192369.122
192410.788
192452.453
192494.116
192535.784
192577.448
192619.113
192660.780
192702.445
192744.111
192785.776
192827.442
192869.107
192910.773
192952.438
192994.103
193035.769
193077.434
193119.100
193160.765
193202.431
193244.096
193285.761
193327.425
193369.092
193410.756
193452.422
193494.086
193535.753
193577.417
193619.082
193660.749
193702.414
193744.079
193785.744
193827.412
193869.075
193910.740
193952.406
193994.071
194035.736
194077.403
194119.067
194160.734
194202.400
194244.067
194285.737
194327.394
194369.061
194410.727
194452.392
194494.056
194535.721
194577.388
194619.052
194660.717
194702.383
194744.050
194785.714
194827.380
194869.046
194910.711
194952.377
194994.041
195035.706
195077.371
195119.037
195160.703
195202.369
195244.036
195285.709
195327.364
195369.029
195410.697
195452.361
195494.027
195535.691
195577.356
195619.022
195660.687
195702.353
195744.020
195785.683
195827.350
195869.015
195910.679
195952.346
195994.011
196035.675
196077.341
196119.006
196160.673
196202.339
196244.008
196285.682
196327.335
196368.999
196410.666
196452.331
196493.995
196535.662
196577.326
196618.992
196660.658
196702.324
196743.989
196785.653
196827.320
196868.986
196910.651
196952.316
196993.981
197035.646
197077.311
197118.976
197160.647
197202.308
197243.974
197285.649
197327.304
197368.970
197410.635
197452.299
197493.964
197535.629
197577.295
197618.960
197660.627
197702.292
197743.959
197785.623
197827.288
197868.954
197910.620
197952.285
197993.950
198035.615
198077.282
198118.946
198160.613
198202.278
198243.944
198285.610
198327.273
198368.940
198410.605
198452.268
198493.934
198535.602
198577.265
198618.930
198660.592
198702.261
198743.927
198785.589
198827.257
198868.925
198910.583
198952.255
198993.918
199035.580
199077.244
199118.910
199160.583
199202.248
199243.914
199285.582
199327.242
199368.909
199410.575
199452.240
199493.904
199535.571
199577.235
199618.900
199660.567
199702.233
199743.899
199785.563
199827.229
199868.894
199910.560
199952.225
199993.891
200035.557
200077.222
200118.888
200160.553
200202.218
200243.885
200285.548
200327.213
200368.879
200410.543
200452.210
200493.873
200535.540
200577.204
200618.869
200660.537
200702.203
200743.868
200785.533
200827.199
200868.864
200910.530
200952.195
200993.860
201035.526
201077.191
201118.857
201160.522
201202.187
201243.848
201285.521
201327.182
201368.849
201410.514
201452.179
201493.842
201535.511
201577.173
201618.840
201660.507
201702.172
201743.837
201785.503
201827.168
201868.833
201910.499
201952.164
201993.829
202035.496
202077.160
202118.826
202160.492
202202.157
202243.823
202285.489
202327.151
202368.819
202410.484
202452.149
202493.813
202535.480
202577.145
202618.811
202660.474
202702.142
202743.807
202785.470
202827.138
202868.803
202910.469
202952.135
202993.800
203035.464
203077.130
203118.796
203160.461
203202.126
203243.793
203285.461
203327.121
203368.788
203410.453
203452.119
203493.782
203535.450
203577.113
203618.780
203660.446
203702.111
203743.776
203785.442
203827.106
203868.773
203910.438
203952.103
203993.769
204035.434
204077.100
204118.765
204160.431
204202.096
204243.764
204285.428
204327.091
204368.758
204410.422
204452.087
204493.752
204535.419
204577.082
204618.750
204660.415
204702.081
204743.746
204785.411
204827.077
204868.742
204910.408
204952.073
204993.739
205035.404
205077.070
205118.735
205160.400
205202.066
205243.732
205285.400
205327.059
205368.727
205410.392
205452.058
205493.722
205535.389
205577.052
205618.720
205660.385
205702.050
205743.716
205785.381
205827.047
205868.712
205910.376
205952.042
205993.708
206035.374
206077.039
206118.704
206160.370
206202.035
206243.705
206285.370
206327.030
206368.695
206410.363
206452.028
206493.690
206535.358
206577.024
206618.688
206660.353
206702.018
206743.685
206785.351
206827.016
206868.681
206910.347
206952.011
206993.676
207035.343
207077.008
207118.673
207160.339
207202.004
207243.671
207285.343
207326.999
207368.665
207410.332
207451.997
207493.661
207535.326
207576.992
207618.659
207660.323
207701.989
207743.654
207785.320
207826.986
207868.651
207910.316
207951.982
207993.646
208035.312
208076.978
208118.644
208160.309
208201.972
208243.641
208285.321
208326.969
208368.634
208410.302
208451.967
208493.630
208535.296
208576.963
208618.627
208660.292
208701.957
208743.623
208785.290
208826.955
208868.619
208910.286
208951.950
208993.615
209035.280
209076.945
209118.611
209160.279
209201.944
209243.610
209285.278
209326.939
209368.606
209410.270
209451.936
209493.601
209535.267
209576.932
209618.598
209660.263
209701.927
209743.594
209785.259
209826.924
209868.590
209910.255
209951.922
209993.585
210035.251
210076.916
210118.580
210160.248
210201.912
210243.579
210285.245
210326.909
210368.575
210410.241
210451.905
210493.569
210535.235
210576.900
210618.567
210660.232
210701.897
210743.562
210785.227
210826.894
210868.558
210910.223
210951.890
210993.555
211035.220
211076.885
211118.550
211160.218
211201.881
211243.550
211285.228
211326.877
211368.545
211410.210
211451.875
211493.539
211535.204
211576.870
211618.536
211660.203
211701.866
211743.533
211785.198
211826.862
211868.528
211910.193
211951.859
211993.523
212035.189
212076.855
212118.521
212160.187
212201.852
212243.520
212285.184
212326.847
212368.513
212410.178
212451.843
212493.510
212535.174
212576.840
212618.505
212660.171
212701.837
212743.501
212785.167
212826.833
212868.498
212910.163
212951.829
212993.494
213035.160
213076.825
213118.490
213160.156
213201.821
213243.487
213285.165
213326.818
213368.482
213410.148
213451.813
213493.478
213535.145
213576.811
213618.476
213660.140
213701.806
213743.472
213785.137
213826.802
213868.467
213910.132
213951.798
213993.463
214035.128
214076.794
214118.460
214160.126
214201.792
214243.457
214285.124
214326.786
214368.452
214410.117
214451.784
214493.449
214535.115
214576.780
214618.445
214660.111
214701.776
214743.440
214785.106
214826.771
214868.438
214910.103
214951.768
214993.434
215035.098
215076.764
215118.429
215160.096
215201.761
215243.428
215285.103
215326.756
215368.422
215410.089
215451.753
215493.417
215535.085
215576.750
215618.414
215660.079
215701.744
215743.409
215785.075
215826.742
215868.408
215910.072
215951.738
215993.403
216035.068
216076.733
216118.398
216160.065
216201.730
216243.398
216285.062
216326.725
216368.392
216410.059
216451.722
216493.386
216535.054
216576.718
216618.384
216660.049
216701.714
216743.380
216785.044
216826.710
216868.376
216910.041
216951.708
216993.372
217035.037
217076.703
217118.368
217160.035
217201.700
217243.365
217285.031
217326.695
217368.361
217410.026
217451.693
217493.357
217535.023
217576.687
217618.355
217660.021
217701.686
217743.349
217785.017
217826.682
217868.347
217910.013
217951.677
217993.344
218035.009
218076.674
218118.340
218160.005
218201.670
218243.337
218285.006
218326.665
218368.332
218409.997
218451.663
218493.326
218534.994
218576.657
218618.324
218659.990
218701.655
218743.318
218784.986
218826.651
218868.316
218909.983
218951.648
218993.313
219034.979
219076.644
219118.309
219159.975
219201.640
219243.306
219284.972
219326.634
219368.302
219409.965
219451.632
219493.296
219534.963
219576.627
219618.294
219659.958
219701.625
219743.291
219784.955
219826.621
219868.287
219909.952
219951.617
219993.283
220034.949
220076.613
220118.279
220159.944
220201.609
220243.277
220284.944
220326.605
220368.272
220409.936
220451.602
220493.266
220534.933
220576.596
220618.263
220659.929
220701.592
220743.260
220784.926
220826.591
220868.256
220909.922
220951.587
220993.252
221034.918
221076.583
221118.249
221159.914
221201.579
221243.247
221284.915
221326.575
221368.241
221409.905
221451.572
221493.235
221534.903
221576.568
221618.233
221659.900
221701.565
221743.228
221784.895
221826.563
221868.225
221909.891
221951.555
221993.221
222034.887
222076.552
222118.217
222159.884
222201.548
222243.215
222284.893
222326.545
222368.211
222409.875
222451.541
222493.206
222534.871
222576.537
222618.200
222659.866
222701.532
222743.197
222784.863
222826.529
222868.195
222909.860
222951.525
222993.190
223034.855
223076.521
223118.186
223159.852
223201.518
223243.184
223284.852
223326.513
223368.179
223409.846
223451.509
223493.175
223534.841
223576.506
223618.171
223659.837
223701.501
223743.168
223784.832
223826.497
223868.163
223909.830
223951.494
223993.160
224034.824
224076.491
224118.156
224159.822
224201.487
224243.154
224284.832
224326.484
224368.149
224409.814
224451.480
224493.145
224534.809
224576.474
224618.140
224659.807
224701.472
224743.136
224784.803
224826.468
224868.133
224909.799
224951.464
224993.130
225034.795
225076.460
225118.126
225159.793
225201.457
225243.122
225284.800
225326.452
225368.119
225409.784
225451.450
225493.113
225534.779
225576.446
225618.109
225659.775
225701.440
225743.106
225784.772
225826.438
225868.103
225909.767
225951.433
225993.098
226034.764
226076.429
226118.094
226159.760
226201.426
226243.094
226284.763
226326.422
226368.090
226409.754
226451.419
226493.084
226534.750
226576.415
226618.080
226659.745
226701.410
226743.076
226784.742
226826.406
226868.074
226909.738
226951.404
226993.069
227034.734
227076.399
227118.065
227159.730
227201.396
227243.065
227284.734
227326.391
227368.058
227409.724
227451.390
227493.052
227534.719
227576.385
227618.051
227659.715
227701.380
227743.045
227784.711
227826.376
227868.036
227909.707
227951.374
227993.038
228034.703
228076.369
228118.035
228159.699
228201.364
228243.031
228284.698
228326.360
228368.027
228409.693
228451.357
228493.022
228534.689
228576.354
228618.020
228659.684
228701.350
228743.015
228784.680
228826.345
228868.011
228909.677
228951.343
228993.007
229034.674
229076.338
229118.004
229159.671
229201.334
229242.999
229284.680
229326.330
229367.997
229409.663
229451.328
229492.992
229534.658
229576.323
229617.990
229659.655
229701.320
229742.986
229784.651
229826.317
229867.976
229909.641
229951.306
229992.972
230034.642
230076.303
230117.973
230159.638
230201.298
230242.966
230284.636
230326.298
230367.967
230409.630
230451.299
230492.962
230534.629
230576.292
230617.960
230659.623
230701.291
230742.956
230784.621
230826.287
230867.953
230909.618
230951.283
230992.949
231034.614
231076.279
231117.945
231159.611
231201.275
231242.943
231284.612
231326.269
231367.937
231409.602
231451.266
231492.931
231534.599
231576.262
231617.929
231659.596
231701.260
231742.926
231784.591
231826.256
231867.922
231909.588
231951.253
231992.918
232034.584
232076.249
232117.915
232159.582
232201.246
232242.912
232284.576
232326.240
232367.907
232409.572
232451.237
232492.902
232534.569
232576.232
232617.900
232659.565
232701.230
232742.896
232784.562
232826.227
232867.894
232909.557
232951.222
232992.888
233034.554
233076.219
233117.884
233159.553
233201.215
233242.884
233284.545
233326.209
233367.876
233409.540
233451.208
233492.870
233534.538
233576.201
233617.868
233659.534
233701.199
233742.864
233784.529
233826.195
233867.861
233909.526
233951.192
233992.857
234034.522
234076.189
234117.852
234159.518
234201.183
234242.850
234284.515
234326.179
234367.844
234409.511
234451.175
234492.842
234534.507
234576.172
234617.837
234659.503
234701.167
234742.835
234784.499
234826.164
234867.830
234909.495
234951.160
234992.827
235034.491
235076.157
235117.822
235159.488
235201.152
235242.821
235284.484
235326.150
235367.814
235409.480
235451.145
235492.811
235534.477
235576.140
235617.806
235659.471
235701.139
235742.805
235784.470
235826.135
235867.800
235909.465
235951.131
235992.796
236034.461
236076.127
236117.792
236159.458
236201.124
236242.790
236284.469
236326.118
236367.785
236409.450
236451.115
236492.781
236534.445
236576.112
236617.776
236659.440
236701.106
236742.773
236784.439
236826.104
236867.770
236909.435
236951.100
236992.766
237034.431
237076.097
237117.762
237159.428
237201.093
237242.762
237284.430
237326.089
237367.754
237409.420
237451.084
237492.750
237534.415
237576.081
237617.747
237659.414
237701.076
237742.742
237784.407
237826.074
237867.739
237909.405
237951.070
237992.736
238034.401
238076.067
238117.732
238159.397
238201.062
238242.731
238284.395
238326.057
238367.723
238409.389
238451.055
238492.720
238534.384
238576.050
238617.715
238659.381
238701.047
238742.712
238784.376
238826.043
238867.707
238909.373
238951.038
238992.704
239034.369
239076.035
239117.700
239159.367
239201.032
239242.698
239284.362
239326.027
239367.692
239409.358
239451.023
239492.690
239534.355
239576.019
239617.685
239659.350
239701.016
239742.682
239784.347
239826.011
239867.677
239909.343
239951.008
239992.674
240034.339
240076.005
240117.670
240159.336
240201.001
240242.669
240284.341
240325.998
240367.662
240409.330
240450.995
240492.659
240534.324
240575.990
240617.655
240659.321
240700.986
240742.652
240784.317
240825.981
240867.646
240909.312
240950.977
240992.643
241034.308
241075.973
241117.639
241159.305
241200.970
241242.638
241284.308
241325.967
241367.632
241409.298
241450.962
241492.629
241534.293
241575.960
241617.626
241659.291
241700.955
241742.621
241784.287
241825.952
241867.616
241909.283
241950.948
241992.613
242034.278
242075.944
242117.610
242159.276
242200.940
242242.607
242284.283
242325.935
242367.600
242409.268
242450.932
242492.598
242534.264
242575.929
242617.593
242659.260
242700.924
242742.591
242784.256
242825.921
242867.587
242909.253
242950.917
242992.582
243034.247
243075.913
243117.578
243159.245
243200.909
243242.575
243284.248
243325.906
243367.573
243409.238
243450.905
243492.568
243534.232
243575.899
243617.565
243659.230
243700.895
243742.561
243784.225
243825.892
243867.557
243909.223
243950.887
243992.553
244034.218
244075.884
244117.548
244159.215
244200.880
244242.548
244284.222
244325.875
244367.542
244409.207
244450.872
244492.537
244534.203
244575.869
244617.533
244659.198
244700.864
244742.530
244784.196
244825.861
244867.526
244909.191
244950.857
244992.523
245034.188
245075.853
245117.518
245159.183
245200.848
245242.516
245284.193
245325.844
245367.511
245409.176
245450.842
245492.507
245534.172
245575.838
245617.504
245659.168
245700.833
245742.498
245784.163
245825.829
245867.495
245909.161
245950.825
245992.491
246034.158
246075.822
246117.487
246159.153
246200.817
246242.483
246284.155
246325.815
246367.480
246409.145
246450.811
246492.477
246534.142
246575.807
246617.473
246659.138
246700.804
246742.469
246784.134
246825.799
246867.465
246909.130
246950.795
246992.461
247034.126
247075.792
247117.457
247159.124
247200.788
247242.447
247284.140
247325.784
247367.450
247409.116
247450.782
247492.446
247534.111
247575.777
247617.443
247659.107
247700.772
247742.438
247784.104
247825.769
247867.434
247909.100
247950.765
247992.430
248034.096
248075.761
248117.426
248159.092
248200.757
248242.423
248284.099
248325.754
248367.419
248409.087
248450.750
248492.417
248534.080
248575.745
248617.412
248659.078
248700.743
248742.409
248784.073
248825.739
248867.405
248909.070
248950.736
248992.401
249034.066
249075.733
249117.397
249159.064
249200.727
249242.392
249284.059
249325.723
249367.389
249409.055
249450.720
249492.386
249534.051
249575.716
249617.380
249659.046
249700.712
249742.377
249784.044
249825.708
249867.375
249909.039
249950.705
249992.371
250034.037
250075.702
250117.368
250159.033
250200.699
250242.364
250284.031
250325.692
250367.360
250409.026
250450.691
250492.356
250534.020
250575.686
250617.350
250659.018
250700.683
250742.349
250784.014
250825.679
250867.345
250909.010
250950.676
250992.341
251034.006
251075.672
251117.338
251159.002
251200.668
251242.333
251284.002
251325.662
251367.329
251408.993
251450.660
251492.324
251533.991
251575.655
251617.321
251658.987
251700.652
251742.318
251783.983
251825.647
251867.314
251908.979
251950.644
251992.310
252033.975
252075.640
252117.306
252158.971
252200.636
252242.302
252283.978
252325.633
252367.299
252408.965
252450.629
252492.294
252533.960
252575.624
252617.290
252658.956
252700.622
252742.287
252783.953
252825.618
252867.283
252908.950
252950.615
252992.280
253033.945
253075.610
253117.276
253158.941
253200.607
253242.272
253283.951
253325.602
253367.269
253408.934
253450.598
253492.265
253533.928
253575.595
253617.259
253658.924
253700.590
253742.257
253783.923
253825.588
253867.254
253908.919
253950.584
253992.249
254033.914
254075.580
254117.245
254158.912
254200.577
254242.242
254283.920
254325.572
254367.239
254408.904
254450.570
254492.234
254533.899
254575.566
254617.229
254658.896
254700.561
254742.225
254783.893
254825.557
254867.223
254908.888
254950.554
254992.218
255033.883
255075.549
255117.216
255158.882
255200.547
255242.211
255283.891
255325.542
255367.208
255408.874
255450.539
255492.204
255533.870
255575.534
255617.199
255658.866
255700.532
255742.195
255783.861
255825.527
255867.193
255908.858
255950.522
255992.182
256033.847
256075.513
256117.185
256158.850
256200.516
256242.180
256283.851
256325.511
256367.177
256408.843
256450.507
256492.173
256533.838
256575.504
256617.168
256658.835
256700.500
256742.164
256783.830
256825.495
256867.162
256908.827
256950.492
256992.158
257033.823
257075.489
257117.154
257158.820
257200.485
257242.149
257283.827
257325.481
257367.148
257408.812
257450.479
257492.143
257533.808
257575.474
257617.137
257658.805
257700.469
257742.133
257783.800
257825.465
257867.130
257908.796
257950.461
257992.127
258033.792
258075.457
258117.123
258158.788
258200.455
258242.119
258283.797
258325.451
258367.117
258408.782
258450.447
258492.112
258533.778
258575.444
258617.109
258658.775
258700.440
258742.104
258783.770
258825.436
258867.101
258908.766
258950.431
258992.097
259033.762
259075.427
259117.093
259158.758
259200.424
259242.089
259283.766
259325.420
259367.086
259408.752
259450.417
259492.081
259533.747
259575.414
259617.080
259658.744
259700.408
259742.073
259783.739
259825.404
259867.070
259908.735
259950.400
259992.066
260033.732
260075.396
260117.065
260158.729
260200.393
260242.059
260283.729
260325.389
260367.056
260408.722
260450.388
260492.052
260533.717
260575.382
260617.048
260658.713
260700.379
260742.043
260783.710
260825.375
260867.041
260908.706
260950.371
260992.035
261033.701
261075.367
261117.032
261158.699
261200.363
261242.029
261283.696
261325.359
261367.026
261408.691
261450.356
261492.021
261533.686
261575.351
261617.017
261658.684
261700.348
261742.013
261783.679
261825.345
261867.009
261908.674
261950.340
261992.006
262033.671
262075.336
262117.002
262158.666
262200.334
262241.999
262283.673
262325.328
262366.995
262408.660
262450.326
262491.991
262533.657
262575.322
262616.987
262658.653
262700.318
262741.984
262783.648
262825.314
262866.980
262908.643
262950.304
262991.974
263033.640
263075.301
263116.966
263158.631
263200.298
263241.962
263283.640
263325.298
263366.964
263408.630
263450.295
263491.961
263533.626
263575.291
263616.956
263658.622
263700.287
263741.953
263783.618
263825.283
263866.950
263908.615
263950.280
263991.945
264033.612
264075.277
264116.943
264158.608
264200.274
264241.937
264283.616
264325.268
264366.935
264408.599
264450.266
264491.929
264533.597
264575.260
264616.927
264658.594
264700.259
264741.923
264783.589
264825.254
264866.920
264908.585
264950.250
264991.916
265033.581
265075.247
265116.912
265158.578
265200.243
265241.908
265283.582
265325.238
265366.904
265408.569
265450.235
265491.899
265533.566
265575.231
265616.897
265658.563
265700.228
265741.893
265783.558
265825.224
265866.889
265908.555
265950.220
265991.886
266033.551
266075.217
266116.882
266158.547
266200.213
266241.878
266283.544
266325.206
266366.875
266408.538
266450.205
266491.869
266533.536
266575.199
266616.866
266658.533
266700.198
266741.863
266783.528
266825.193
266866.859
266908.524
266950.190
266991.856
267033.520
267075.186
267116.852
267158.517
267200.183
267241.848
267283.523
267325.177
267366.844
267408.509
267450.175
267491.838
267533.505
267575.169
267616.836
267658.502
267700.167
267741.832
267783.498
267825.163
267866.829
267908.494
267950.160
267991.825
268033.490
268075.156
268116.821
268158.486
268200.152
268241.818
268283.484
268325.146
268366.813
268408.477
268450.144
268491.808
268533.475
268575.139
268616.806
268658.472
268700.137
268741.802
268783.468
268825.133
268866.799
268908.464
268950.129
268991.795
269033.460
269075.125
269116.791
269158.457
269200.122
269241.787
269283.456
269325.116
269366.783
269408.448
269450.114
269491.777
269533.445
269575.110
269616.774
269658.440
269700.103
269741.771
269783.437
269825.101
269866.768
269908.434
269950.099
269991.764
270033.429
270075.094
270116.760
270158.426
270200.091
270241.756
270283.431
270325.086
270366.752
270408.417
270450.083
270491.747
270533.414
270575.078
270616.744
270658.409
270700.075
270741.741
270783.405
270825.070
270866.736
270908.403
270950.068
270991.733
271033.399
271075.065
271116.730
271158.396
271200.059
271241.724
271283.405
271325.056
271366.722
271408.388
271450.053
271491.717
271533.383
271575.050
271616.713
271658.380
271700.043
271741.711
271783.376
271825.042
271866.706
271908.372
271950.038
271991.702
272033.369
272075.034
272116.699
272158.366
272200.030
272241.695
272283.375
272325.026
272366.691
272408.358
272450.022
272491.687
272533.352
272575.018
272616.682
272658.351
272700.016
272741.679
272783.346
272825.010
272866.677
272908.343
272950.006
272991.672
273033.337
273075.003
273116.669
273158.333
273200.000
273241.665
273283.346
273324.995
273366.662
273408.327
273449.993
273491.656
273533.322
273574.987
273616.653
273658.319
273699.985
273741.650
273783.315
273824.979
273866.645
273908.311
273949.977
273991.642
274033.309
274074.974
274116.638
274158.305
274199.969
274241.634
274283.314
274324.964
274366.631
274408.297
274449.962
274491.626
274533.293
274574.958
274616.622
274658.288
274699.954
274741.619
274783.283
274824.949
274866.614
274908.280
274949.947
274991.612
275033.278
275074.943
275116.608
275158.273
275199.939
275241.604
275283.271
275324.934
275366.601
275408.265
275449.930
275491.599
275533.261
275574.927
275616.593
275658.258
275699.923
275741.588
275783.254
275824.918
275866.583
275908.250
275949.916
275991.581
276033.247
276074.911
276116.577
276158.243
276199.907
276241.574
276283.248
276324.904
276366.569
276408.234
276449.900
276491.566
276533.231
276574.897
276616.561
276658.227
276699.892
276741.557
276783.224
276824.887
276866.555
276908.221
276949.887
276991.552
277033.217
277074.883
277116.548
277158.215
277199.879
277241.544
277283.212
277324.873
277366.541
277408.204
277449.871
277491.535
277533.203
277574.865
277616.533
277658.198
277699.864
277741.530
277783.195
277824.857
277866.525
277908.191
277949.856
277991.521
278033.187
278074.852
278116.518
278158.184
278199.849
278241.514
278283.182
278324.843
278366.510
278408.174
278449.841
278491.504
278533.172
278574.835
278616.502
278658.168
278699.834
278741.499
278783.164
278824.828
278866.495
278908.160
278949.826
278991.491
279033.157
279074.822
279116.488
279158.152
279199.818
279241.482
279283.150
279324.812
279366.480
279408.146
279449.811
279491.474
279533.140
279574.805
279616.472
279658.137
279699.802
279741.467
279783.133
279824.797
279866.464
279908.127
279949.794
279991.460
280033.125
280074.790
280116.456
280158.122
280199.786
280241.452
280283.132
280324.783
280366.450
280408.114
280449.780
280491.444
280533.110
280574.775
280616.441
280658.106
280699.771
280741.437
280783.102
280824.768
280866.434
280908.099
280949.765
280991.430
281033.095
281074.761
281116.426
281158.092
281199.757
281241.421
281283.089
281324.753
281366.419
281408.084
281449.750
281491.413
281533.080
281574.744
281616.411
281658.077
281699.742
281741.407
281783.072
281824.739
281866.404
281908.068
281949.735
281991.400
282033.065
282074.730
282116.396
282158.062
282199.727
282241.392
282283.075
282324.722
282366.388
282408.055
282449.719
282491.383
282533.049
282574.714
282616.380
282658.046
282699.710
282741.377
282783.041
282824.706
282866.373
282908.038
282949.704
282991.369
283033.035
283074.699
283116.364
283158.032
283199.696
283241.360
283283.030
283324.691
283366.358
283408.023
283449.689
283491.353
283533.018
283574.684
283616.349
283658.015
283699.680
283741.346
283783.010
283824.676
283866.341
283908.007
283949.673
283991.338
284033.003
284074.669
284116.334
284157.999
284199.665
284241.330
284283.007
284324.661
284366.327
284407.992
284449.659
284491.323
284532.988
284574.653
284616.319
284657.985
284699.650
284741.316
284782.981
284824.646
284866.311
284907.979
284949.642
284991.309
285032.973
285074.638
285116.304
285157.970
285199.635
285241.300
285282.983
285324.631
285366.298
285407.962
285449.628
285491.292
285532.960
285574.623
285616.289
285657.955
285699.620
285741.286
285782.951
285824.617
285866.282
285907.947
285949.613
285991.278
286032.942
286074.608
286116.274
286157.939
286199.605
286241.270
286282.948
286324.601
286366.266
286407.931
286449.598
286491.262
286532.928
286574.592
286616.259
286657.925
286699.591
286741.255
286782.921
286824.586
286866.251
286907.916
286949.582
286991.246
287032.912
287074.578
287116.243
287157.909
287199.574
287241.239
287282.914
287324.570
287366.237
287407.902
287449.568
287491.231
287532.896
287574.562
287616.228
287657.894
287699.559
287741.224
287782.890
287824.555
287866.220
287907.885
287949.551
287991.216
288032.882
288074.547
288116.214
288157.879
288199.545
288241.209
288282.883
288324.540
288366.206
288407.872
288449.538
288491.201
288532.868
288574.532
288616.199
288657.865
288699.528
288741.193
288782.860
288824.524
288866.191
288907.857
288949.521
288991.187
289032.852
289074.518
289116.183
289157.849
289199.515
289241.180
289282.859
289324.509
289366.175
289407.839
289449.507
289491.171
289532.838
289574.502
289616.169
289657.833
289699.498
289741.162
289782.829
289824.495
289866.161
289907.825
289949.492
289991.157
290032.823
290074.487
290116.153
290157.819
290199.484
290241.149
290282.826
290324.479
290366.145
290407.811
290449.476
290491.140
290532.807
290574.471
290616.138
290657.803
290699.469
290741.135
290782.798
290824.465
290866.131
290907.797
290949.462
290991.128
291032.792
291074.457
291116.123
291157.788
291199.453
291241.118
291282.795
291324.449
291366.115
291407.781
291449.447
291491.111
291532.777
291574.441
291616.108
291657.774
291699.438
291741.103
291782.770
291824.434
291866.099
291907.766
291949.431
291991.095
292032.761
292074.427
292116.092
292157.758
292199.423
292241.089
292282.772
292324.419
292366.084
292407.749
292449.416
292491.080
292532.744
292574.410
292616.077
292657.743
292699.408
292741.073
292782.740
292824.405
292866.068
292907.735
292949.401
292991.066
293032.731
293074.396
293116.063
293157.728
293199.394
293241.058
293282.724
293324.388
293366.054
293407.719
293449.384
293491.049
293532.716
293574.380
293616.046
293657.712
293699.378
293741.043
293782.709
293824.374
293866.033
293907.698
293949.364
293991.030
294032.694
294074.359
294116.025
294157.691
294199.357
294241.027
294282.704
294324.352
294366.023
294407.688
294449.355
294491.019
294532.686
294574.349
294616.015
294657.681
294699.346
294741.013
294782.677
294824.344
294866.009
294907.675
294949.338
294991.003
295032.669
295074.335
295116.001
295157.667
295199.333
295240.997
295282.675
295324.327
295365.993
295407.659
295449.324
295490.990
295532.654
295574.320
295615.986
295657.650
295699.317
295740.981
295782.647
295824.313
295865.978
295907.643
295949.308
295990.973
296032.638
296074.304
296115.970
296157.637
296199.303
296240.966
296282.645
296324.298
296365.963
296407.629
296449.295
296490.958
296532.625
296574.289
296615.955
296657.622
296699.286
296740.951
296782.616
296824.282
296865.947
296907.613
296949.279
296990.944
297032.608
297074.273
297115.939
297157.608
297199.271
297240.936
297282.607
297324.267
297365.933
297407.600
297449.264
297490.929
297532.595
297574.259
297615.925
297657.591
297699.255
297740.921
297782.586
297824.252
297865.918
297907.582
297949.248
297990.913
298032.578
298074.244
298115.908
298157.574
298199.241
298240.905
298282.584
298324.237
298365.903
298407.568
298449.234
298490.898
298532.565
298574.231
298615.895
298657.560
298699.225
298740.891
298782.556
298824.222
298865.887
298907.552
298949.217
298990.883
299032.548
299074.214
299115.879
299157.544
299199.211
299240.876
299282.549
299324.206
299365.873
299407.538
299449.204
299490.868
299532.534
299574.199
299615.865
299657.530
299699.196
299740.861
299782.526
299824.192
299865.857
299907.523
299949.188
299990.853
300032.519
300074.184
300115.849
300157.515
300199.180
300240.845
300282.514
300324.176
300365.842
300407.507
300449.173
300490.838
300532.503
300574.169
300615.834
300657.500
300699.166
300740.831
300782.496
300824.161
300865.825
300907.491
300949.159
300990.824
301032.489
301074.153
301115.819
301157.484
301199.149
301240.814
301282.487
301324.147
301365.810
301407.477
301449.141
301490.807
301532.473
301574.137
301615.804
301657.471
301699.135
301740.800
301782.465
301824.131
301865.796
301907.461
301949.127
301990.791
302032.458
302074.124
302115.789
302157.455
302199.119
302240.784
302282.451
302324.115
302365.780
302407.448
302449.112
302490.777
302532.443
302574.108
302615.773
302657.438
302699.104
302740.770
302782.435
302824.100
302865.765
302907.432
302949.099
302990.762
303032.427
303074.093
303115.758
303157.423
303199.090
303240.755
303282.421
303324.085
303365.750
303407.418
303449.082
303490.746
303532.412
303574.076
303615.743
303657.409
303699.074
303740.739
303782.405
303824.070
303865.736
303907.401
303949.066
303990.731
304032.396
304074.063
304115.727
304157.393
304199.058
304240.723
304282.396
304324.055
304365.720
304407.385
304449.051
304490.716
304532.382
304574.047
304615.714
304657.379
304699.045
304740.710
304782.376
304824.041
304865.706
304907.372
304949.038
304990.702
305032.367
305074.033
305115.697
305157.364
305199.030
305240.694
305282.364
305324.024
305365.689
305407.355
305449.021
305490.685
305532.351
305574.016
305615.682
305657.348
305699.012
305740.678
305782.343
305824.010
305865.675
305907.340
305949.005
305990.671
306032.337
306074.001
306115.667
306157.333
306198.998
306240.663
306282.343
306323.995
306365.660
306407.325
306448.991
306490.655
306532.321
306573.986
306615.653
306657.317
306698.983
306740.649
306782.314
306823.978
306865.645
306907.309
306948.976
306990.640
307032.305
307073.972
307115.637
307157.302
307198.967
307240.632
307282.300
307323.963
307365.631
307407.296
307448.960
307490.624
307532.291
307573.955
307615.622
307657.286
307698.953
307740.618
307782.281
307823.948
307865.614
307907.280
307948.945
307990.611
308032.276
308073.941
308115.606
308157.272
308198.938
308240.602
308282.274
308323.933
308365.599
308407.264
308448.929
308490.595
308532.261
308573.925
308615.594
308657.257
308698.922
308740.588
308782.253
308823.918
308865.584
308907.249
308948.914
308990.580
309032.245
309073.911
309115.577
309157.242
309198.908
309240.572
309282.251
309323.904
309365.570
309407.235
309448.899
309490.564
309532.230
309573.895
309615.562
309657.227
309698.891
309740.558
309782.222
309823.886
309865.552
309907.218
309948.885
309990.549
310032.215
310073.881
310115.547
310157.212
310198.876
310240.542
310282.219
310323.873
310365.539
310407.203
310448.871
310490.535
310532.201
310573.864
310615.531
310657.196
310698.861
310740.527
310782.193
310823.858
310865.522
310907.188
310948.853
310990.519
311032.184
311073.850
311115.515
311157.182
311198.847
311240.512
311282.179
311323.842
311365.508
311407.174
311448.838
311490.504
311532.169
311573.835
311615.501
311657.167
311698.833
311740.498
311782.163
311823.829
311865.493
311907.159
311948.823
311990.489
312032.156
312073.821
312115.487
312157.152
312198.816
312240.482
312282.148
312323.812
312365.477
312407.142
312448.808
312490.474
312532.138
312573.805
312615.469
312657.136
312698.802
312740.467
312782.133
312823.798
312865.463
312907.129
312948.794
312990.457
313032.123
313073.790
313115.454
313157.121
313198.786
313240.451
313282.132
313323.781
313365.448
313407.112
313448.779
313490.443
313532.109
313573.773
313615.438
313657.104
313698.771
313740.436
313782.101
313823.765
313865.434
313907.097
313948.762
313990.428
314032.093
314073.758
314115.425
314157.090
314198.755
314240.419
314282.094
314323.750
314365.418
314407.081
314448.751
314490.414
314532.080
314573.743
314615.409
314657.074
314698.740
314740.405
314782.070
314823.736
314865.402
314907.066
314948.726
314990.397
315032.057
315073.729
315115.393
315157.061
315198.725
315240.390
315282.057
315323.721
315365.386
315407.053
315448.717
315490.382
315532.050
315573.713
315615.380
315657.046
315698.711
315740.376
315782.041
315823.707
315865.371
315907.037
315948.703
315990.369
316032.033
316073.699
316115.365
316157.031
316198.696
316240.362
316282.027
316323.691
316365.357
316407.022
316448.687
316490.351
316532.019
316573.682
316615.349
316657.015
316698.681
316740.345
316782.012
316823.676
316865.342
316907.007
316948.672
316990.337
317032.003
317073.669
317115.333
317157.000
317198.664
317240.329
317282.002
317323.661
317365.327
317406.993
317448.658
317490.321
317531.988
317573.652
317615.320
317656.985
317698.651
317740.316
317781.981
317823.647
317865.312
317906.977
317948.643
317990.308
318031.974
318073.639
318115.304
318156.971
318198.635
318240.299
318281.966
318323.630
318365.296
318406.963
318448.627
318490.291
318531.957
318573.622
318615.289
318656.954
318698.619
318740.284
318781.949
318823.615
318865.285
318906.947
318948.612
318990.276
319031.942
319073.607
319115.273
319156.939
319198.603
319240.269
319281.936
319323.600
319365.265
319406.930
319448.596
319490.261
319531.927
319573.592
319615.259
319656.923
319698.589
319740.254
319781.920
319823.585
319865.251
319906.915
319948.581
319990.246
320031.912
320073.577
320115.242
320156.908
320198.574
320240.233
320281.915
320323.569
320365.230
320406.901
320448.565
320490.230
320531.897
320573.561
320615.227
320656.894
320698.558
320740.224
320781.889
320823.555
320865.221
320906.885
320948.550
320990.217
321031.883
321073.548
321115.214
321156.879
321198.544
321240.210
321281.881
321323.540
321365.206
321406.870
321448.538
321490.200
321531.865
321573.531
321615.196
321656.864
321698.529
321740.195
321781.860
321823.526
321865.191
321906.856
321948.522
321990.187
322031.853
322073.518
322115.183
322156.849
322198.514
322240.179
322281.852
322323.508
322365.176
322406.841
322448.507
322490.170
322531.838
322573.501
322615.166
322656.834
322698.499
322740.164
322781.830
322823.495
322865.161
322906.826
322948.492
322990.157
323031.822
323073.488
323115.153
323156.820
323198.484
323240.150
323281.821
323323.479
323365.144
323406.810
323448.477
323490.140
323531.805
323573.471
323615.136
323656.803
323698.468
323740.132
323781.799
323823.465
323865.129
323906.794
323948.460
323990.125
324031.790
324073.459
324115.122
324156.787
324198.453
324240.117
324281.784
324323.449
324365.114
324406.779
324448.444
324490.110
324531.776
324573.441
324615.106
324656.771
324698.437
324740.103
324781.768
324823.433
324865.100
324906.765
324948.430
324990.094
325031.760
325073.426
325115.091
325156.757
325198.423
325240.087
325281.760
325323.419
325365.084
325406.749
325448.414
325490.079
325531.746
325573.409
325615.076
325656.742
325698.407
325740.072
325781.738
325823.404
325865.068
325906.733
325948.399
325990.064
326031.730
326073.396
326115.061
326156.728
326198.393
326240.058
326281.730
326323.388
326365.054
326406.729
326448.385
326490.049
326531.715
326573.380
326615.045
326656.712
326698.378
326740.041
326781.709
326823.388
326865.040
326906.704
326948.370
326990.035
327031.699
327073.365
327115.031
327156.697
327198.363
327240.028
327281.705
327323.358
327365.024
327406.688
327448.353
327490.019
327531.685
327573.349
327615.015
327656.681
327698.346
327740.012
327781.679
327823.344
327865.009
327906.675
327948.340
327990.005
328031.671
328073.336
328115.002
328156.668
328198.332
328239.995
328281.663
328323.327
328364.994
328406.658
328448.325
328489.988
328531.656
328573.319
328614.985
328656.652
328698.317
328739.983
328781.649
328823.313
328864.980
328906.644
328948.311
328989.975
329031.640
329073.305
329114.972
329156.637
329198.302
329239.966
329281.632
329323.297
329364.964
329406.628
329448.294
329489.958
329531.626
329573.288
329614.956
329656.622
329698.287
329739.953
329781.618
329823.283
329864.949
329906.614
329948.279
329989.945
330031.611
330073.276
330114.941
330156.608
330198.272
330239.937
330281.604
330323.266
330364.931
330406.597
330448.264
330489.928
330531.597
330573.259
330614.926
330656.591
330698.257
330739.923
330781.587
330823.254
330864.918
330906.584
330948.250
330989.915
331031.580
331073.245
331114.911
331156.576
331198.242
331239.907
331281.572
331323.236
331364.901
331406.566
331448.234
331489.898
331531.565
331573.229
331614.895
331656.561
331698.227
331739.893
331781.558
331823.223
331864.889
331906.554
331948.220
331989.885
332031.551
332073.216
332114.881
332156.548
332198.212
332239.878
332281.546
332323.206
332364.873
332406.537
332448.205
332489.868
332531.535
332573.198
332614.866
332656.532
332698.197
332739.862
332781.528
332823.193
332864.859
332906.524
332948.189
332989.855
333031.520
333073.186
333114.851
333156.517
333198.182
333239.847
333281.512
333323.177
333364.843
333406.507
333448.172
333489.839
333531.504
333573.168
333614.834
333656.499
333698.165
333739.831
333781.496
333823.162
333864.828
333906.492
333948.158
333989.822
334031.487
334073.153
334114.818
334156.485
334198.151
334239.814
334281.492
334323.146
334364.811
334406.477
334448.143
334489.807
334531.474
334573.138
334614.804
334656.471
334698.135
334739.800
334781.465
334823.131
334864.797
334906.463
334948.127
334989.792
335031.459
335073.124
335114.788
335156.455
335198.120
335239.786
335281.451
335323.116
335364.780
335406.446
335448.113
335489.776
335531.442
335573.107
335614.774
335656.440
335698.104
335739.770
335781.435
335823.100
335864.760
335906.426
335948.092
335989.762
336031.421
336073.092
336114.758
336156.424
336198.089
336239.755
336281.426
336323.085
336364.751
336406.417
336448.082
336489.746
336531.412
336573.077
336614.742
336656.410
336698.075
336739.740
336781.406
336823.071
336864.737
336906.402
336948.067
336989.733
337031.399
337073.065
337114.729
337156.395
337198.060
337239.725
337281.397
337323.055
337364.721
337406.387
337448.052
337489.717
337531.381
337573.047
337614.713
337656.377
337698.044
337739.710
337781.373
337823.041
337864.707
337906.373
337948.037
337989.703
338031.368
338073.032
338114.699
338156.364
338198.030
338239.695
338281.372
338323.024
338364.690
338406.357
338448.022
338489.686
338531.352
338573.017
338614.683
338656.349
338698.014
338739.680
338781.345
338823.009
338864.676
338906.341
338948.007
338989.672
339031.338
339073.003
339114.669
339156.335
339198.000
339239.664
339281.338
339322.995
339364.660
339406.325
339447.992
339489.655
339531.322
339572.987
339614.653
339656.319
339697.983
339739.648
339781.313
339822.980
339864.643
339906.311
339947.975
339989.641
340031.307
340072.972
340114.638
340156.303
340197.968
340239.633
340281.310
340322.964
340364.629
340406.295
340447.959
340489.625
340531.291
340572.957
340614.622
340656.287
340697.953
340739.618
340781.284
340822.948
340864.614
340906.280
340947.946
340989.610
341031.277
341072.941
341114.608
341156.273
341197.938
341239.603
341281.264
341322.928
341364.599
341406.265
341447.931
341489.595
341531.263
341572.926
341614.592
341656.258
341697.924
341739.590
341781.254
341822.920
341864.585
341906.250
341947.914
341989.581
342031.246
342072.912
342114.578
342156.243
342197.908
342239.574
342281.240
342322.903
342364.569
342406.235
342447.900
342489.565
342531.230
342572.896
342614.562
342656.228
342697.893
342739.559
342781.224
342822.889
342864.555
342906.220
342947.886
342989.549
343031.215
343072.881
343114.547
343156.213
343197.878
343239.543
343281.213
343322.872
343364.539
343406.203
343447.870
343489.535
343531.200
343572.865
343614.532
343656.199
343697.863
343739.528
343781.194
343822.859
343864.524
343906.189
343947.855
343989.520
344031.187
344072.851
344114.517
344156.183
344197.848
344239.513
344281.185
344322.842
344364.510
344406.173
344447.839
344489.504
344531.170
344572.836
344614.503
344656.167
344697.832
344739.498
344781.163
344822.829
344864.494
344906.159
344947.825
344989.490
345031.156
345072.821
345114.486
345156.153
345197.818
345239.483
345281.155
345322.812
345364.478
345406.143
345447.809
345489.474
345531.139
345572.804
345614.471
345656.137
345697.803
345739.468
345781.133
345822.799
345864.465
345906.128
345947.794
345989.459
346031.124
346072.790
346114.455
346156.120
346197.786
346239.451
346281.126
346322.782
346364.447
346406.113
346447.779
346489.443
346531.109
346572.775
346614.441
346656.105
346697.772
346739.438
346781.102
346822.767
346864.433
346906.099
346947.765
346989.429
347031.094
347072.759
347114.425
347156.091
347197.757
347239.421
347281.108
347322.751
347364.418
347406.083
347447.748
347489.414
347531.079
347572.745
347614.411
347656.076
347697.741
347739.406
347781.073
347822.738
347864.404
347906.069
347947.734
347989.398
348031.064
348072.730
348114.395
348156.061
348197.726
348239.392
348281.058
348322.722
348364.387
348406.053
348447.719
348489.382
348531.048
348572.715
348614.380
348656.047
348697.711
348739.377
348781.042
348822.708
348864.372
348906.038
348947.703
348989.370
349031.034
349072.699
349114.365
349156.031
349197.696
349239.362
349281.038
349322.691
349364.359
349406.023
349447.689
349489.352
349531.019
349572.684
349614.349
349656.016
349697.681
349739.348
349781.012
349822.676
349864.343
349906.008
349947.673
349989.338
350031.003
350072.668
350114.334
350156.001
350197.667
350239.332
350281.003
350322.661
350364.326
350405.992
350447.658
350489.323
350530.988
350572.653
350614.319
350655.986
350697.651
350739.315
350780.981
350822.646
350864.311
350905.977
350947.642
350989.308
351030.972
351072.638
351114.304
351155.970
351197.635
351239.301
351280.974
351322.632
351364.296
351405.963
351447.629
351489.292
351530.959
351572.623
351614.288
351655.955
351697.621
351739.287
351780.952
351822.616
351864.281
351905.948
351947.612
351989.277
352030.943
352072.608
352114.274
352155.939
352197.605
352239.270
352280.944
352322.601
352364.267
352405.934
352447.604
352489.263
352530.927
352572.593
352614.259
352655.926
352697.600
352739.260
352780.929
352822.592
352864.252
352905.917
352947.584
352989.249
353030.913
353072.578
353114.245
353155.910
353197.577
353239.240
353280.912
353322.570
353364.236
353405.903
353447.567
353489.248
353530.916
353572.569
353614.232
353655.895
353697.563
353739.227
353780.892
353822.557
353864.222
353905.887
353947.553
353989.218
354030.883
354072.549
354114.213
354155.880
354197.544
354239.210
354280.879
354322.541
354364.205
354405.872
354447.538
354489.203
354530.869
354572.532
354614.197
354655.867
354697.530
354739.197
354780.860
354822.526
354864.190
354905.857
354947.521
354989.186
355030.860
355072.519
355114.184
355155.850
355197.516
355239.181
355280.852
355322.510
355364.177
355405.841
355447.507
355489.171
355530.838
355572.502
355614.168
